{
  "Live": 784.142822120714,
  "Minute": 784.142822120714,
  "Minute_Fluctuation": 0.0,
  "Minute_5": 784.142822120714,
  "Minute_5_Fluctuation": 0.0,
  "Minute_10": 784.142822120714,
  "Minute_10_Fluctuation": 0.0,
  "Hour": 784.142822120714,
  "Hour_Fluctuation": 0.0,
  "Day": 784.142822120714,
  "Day_Fluctuation": 0.0,
  "ThreeDay": 784.142822120714,
  "ThreeDay_Fluctuation": 0.0,
  "Week": 784.142822120714,
  "Week_Fluctuation": 0.0,
  "Duration": "00:00:22.5386003",
  "Updated": "2021-01-27T11:45:31.8445917Z",
  "Failed": 0,
  "PowerDraw_Live": 91.0,
  "PowerDraw_Average": 91.0,
  "Diff_Live": 0.0,
  "Diff_Average": 0.0,
  "Ratio_Live": 0.0
}
