{
  "Live": 3511.57,
  "Minute": 3511.57,
  "Minute_Fluctuation": 0.0,
  "Minute_5": 3511.57,
  "Minute_5_Fluctuation": 0.0,
  "Minute_10": 3511.57,
  "Minute_10_Fluctuation": 0.0,
  "Hour": 3511.57,
  "Hour_Fluctuation": 0.0,
  "Day": 3511.57,
  "Day_Fluctuation": 0.0,
  "ThreeDay": 3511.57,
  "ThreeDay_Fluctuation": 0.0,
  "Week": 3511.57,
  "Week_Fluctuation": 0.0,
  "Duration": "00:00:20.7218796",
  "Updated": "2021-01-27T12:08:38.6719066Z",
  "Failed": 0,
  "PowerDraw_Live": 91.0,
  "PowerDraw_Average": 91.0,
  "Diff_Live": 0.00024400000000000005,
  "Diff_Average": 0.00024400000000000005,
  "Ratio_Live": 0.0
}
