{
  "Live": 61320.0,
  "Minute": 61320.0,
  "Minute_Fluctuation": 0.0,
  "Minute_5": 61320.0,
  "Minute_5_Fluctuation": 0.0,
  "Minute_10": 61320.0,
  "Minute_10_Fluctuation": 0.0,
  "Hour": 61320.0,
  "Hour_Fluctuation": 0.0,
  "Day": 61320.0,
  "Day_Fluctuation": 0.0,
  "ThreeDay": 61320.0,
  "ThreeDay_Fluctuation": 0.0,
  "Week": 61320.0,
  "Week_Fluctuation": 0.0,
  "Duration": "00:00:40.0280362",
  "Updated": "2021-01-27T11:51:54.7388938Z",
  "Failed": 0,
  "PowerDraw_Live": 91.0,
  "PowerDraw_Average": 91.0,
  "Diff_Live": 0.06669800000000001,
  "Diff_Average": 0.06669800000000001,
  "Ratio_Live": 0.0
}
