{
  "Live": 73.88125,
  "Minute": 73.88125,
  "Minute_Fluctuation": 0.0,
  "Minute_5": 73.88125,
  "Minute_5_Fluctuation": 0.0,
  "Minute_10": 73.88125,
  "Minute_10_Fluctuation": 0.0,
  "Hour": 73.88125,
  "Hour_Fluctuation": 0.0,
  "Day": 73.88125,
  "Day_Fluctuation": 0.0,
  "ThreeDay": 73.88125,
  "ThreeDay_Fluctuation": 0.0,
  "Week": 73.88125,
  "Week_Fluctuation": 0.0,
  "Duration": "00:00:43.0097978",
  "Updated": "2021-01-27T11:25:55.9170293Z",
  "Failed": 0,
  "PowerDraw_Live": 68.0,
  "PowerDraw_Average": 68.0,
  "Diff_Live": 15023.75,
  "Diff_Average": 15023.75,
  "Ratio_Live": 0.0
}
