{
  "Live": 1310.44722222222,
  "Minute": 1310.44722222222,
  "Minute_Fluctuation": 0.0,
  "Minute_5": 1310.44722222222,
  "Minute_5_Fluctuation": 0.0,
  "Minute_10": 1310.44722222222,
  "Minute_10_Fluctuation": 0.0,
  "Hour": 1310.44722222222,
  "Hour_Fluctuation": 0.0,
  "Day": 1310.44722222222,
  "Day_Fluctuation": 0.0,
  "ThreeDay": 1310.44722222222,
  "ThreeDay_Fluctuation": 0.0,
  "Week": 1310.44722222222,
  "Week_Fluctuation": 0.0,
  "Duration": "00:00:35.7636996",
  "Updated": "2021-01-27T11:34:37.194891Z",
  "Failed": 0,
  "PowerDraw_Live": 90.0,
  "PowerDraw_Average": 90.0,
  "Diff_Live": 0.2209659999999999,
  "Diff_Average": 0.2209659999999999,
  "Ratio_Live": 0.0
}
