{
  "Live": 5856584.0882353,
  "Minute": 5856584.0882353,
  "Minute_Fluctuation": 0.0,
  "Minute_5": 5856584.0882353,
  "Minute_5_Fluctuation": 0.0,
  "Minute_10": 5856584.0882353,
  "Minute_10_Fluctuation": 0.0,
  "Hour": 5856584.0882353,
  "Hour_Fluctuation": 0.0,
  "Day": 5856584.0882353,
  "Day_Fluctuation": 0.0,
  "ThreeDay": 5856584.0882353,
  "ThreeDay_Fluctuation": 0.0,
  "Week": 5856584.0882353,
  "Week_Fluctuation": 0.0,
  "Duration": "00:00:21.4369534",
  "Updated": "2021-01-27T11:17:38.6495987Z",
  "Failed": 0,
  "PowerDraw_Live": 64.0,
  "PowerDraw_Average": 64.0,
  "Diff_Live": 0.0,
  "Diff_Average": 0.0,
  "Ratio_Live": 0.0
}
