{
  "Live": 648.26,
  "Minute": 648.26,
  "Minute_Fluctuation": 0.0,
  "Minute_5": 648.26,
  "Minute_5_Fluctuation": 0.0,
  "Minute_10": 648.26,
  "Minute_10_Fluctuation": 0.0,
  "Hour": 648.26,
  "Hour_Fluctuation": 0.0,
  "Day": 648.26,
  "Day_Fluctuation": 0.0,
  "ThreeDay": 648.26,
  "ThreeDay_Fluctuation": 0.0,
  "Week": 648.26,
  "Week_Fluctuation": 0.0,
  "Duration": "00:00:27.4013377",
  "Updated": "2021-01-27T11:38:49.2352389Z",
  "Failed": 0,
  "PowerDraw_Live": 91.0,
  "PowerDraw_Average": 91.0,
  "Diff_Live": 0.004483272727272727,
  "Diff_Average": 0.004483272727272727,
  "Ratio_Live": 0.0
}
