{
  "Live": 583.632727272727,
  "Minute": 583.632727272727,
  "Minute_Fluctuation": 0.0,
  "Minute_5": 583.632727272727,
  "Minute_5_Fluctuation": 0.0,
  "Minute_10": 583.632727272727,
  "Minute_10_Fluctuation": 0.0,
  "Hour": 583.632727272727,
  "Hour_Fluctuation": 0.0,
  "Day": 583.632727272727,
  "Day_Fluctuation": 0.0,
  "ThreeDay": 583.632727272727,
  "ThreeDay_Fluctuation": 0.0,
  "Week": 583.632727272727,
  "Week_Fluctuation": 0.0,
  "Duration": "00:00:20.1505770",
  "Updated": "2021-01-27T12:06:13.1943322Z",
  "Failed": 0,
  "PowerDraw_Live": 91.0,
  "PowerDraw_Average": 91.0,
  "Diff_Live": 0.0064934545454545444,
  "Diff_Average": 0.0064934545454545444,
  "Ratio_Live": 0.0
}
