{
  "Live": 937.490854765913,
  "Minute": 937.490854765913,
  "Minute_Fluctuation": 0.0,
  "Minute_5": 937.490854765913,
  "Minute_5_Fluctuation": 0.0,
  "Minute_10": 937.490854765913,
  "Minute_10_Fluctuation": 0.0,
  "Hour": 937.490854765913,
  "Hour_Fluctuation": 0.0,
  "Day": 937.490854765913,
  "Day_Fluctuation": 0.0,
  "ThreeDay": 937.490854765913,
  "ThreeDay_Fluctuation": 0.0,
  "Week": 937.490854765913,
  "Week_Fluctuation": 0.0,
  "Duration": "00:00:31.2451970",
  "Updated": "2021-01-27T12:10:48.1827391Z",
  "Failed": 0,
  "PowerDraw_Live": 75.0,
  "PowerDraw_Average": 75.0,
  "Diff_Live": 0.0,
  "Diff_Average": 0.0,
  "Ratio_Live": 0.0
}
