{
  "Live": 748.676581785363,
  "Minute": 748.676581785363,
  "Minute_Fluctuation": 0.0,
  "Minute_5": 748.676581785363,
  "Minute_5_Fluctuation": 0.0,
  "Minute_10": 748.676581785363,
  "Minute_10_Fluctuation": 0.0,
  "Hour": 748.676581785363,
  "Hour_Fluctuation": 0.0,
  "Day": 748.676581785363,
  "Day_Fluctuation": 0.0,
  "ThreeDay": 748.676581785363,
  "ThreeDay_Fluctuation": 0.0,
  "Week": 748.676581785363,
  "Week_Fluctuation": 0.0,
  "Duration": "00:00:30.7732972",
  "Updated": "2021-01-27T11:47:42.7073801Z",
  "Failed": 0,
  "PowerDraw_Live": 91.0,
  "PowerDraw_Average": 91.0,
  "Diff_Live": 0.0,
  "Diff_Average": 0.0,
  "Ratio_Live": 0.0
}
