{
  "Live": 632.445263157895,
  "Minute": 632.445263157895,
  "Minute_Fluctuation": 0.0,
  "Minute_5": 632.445263157895,
  "Minute_5_Fluctuation": 0.0,
  "Minute_10": 632.445263157895,
  "Minute_10_Fluctuation": 0.0,
  "Hour": 632.445263157895,
  "Hour_Fluctuation": 0.0,
  "Day": 632.445263157895,
  "Day_Fluctuation": 0.0,
  "ThreeDay": 632.445263157895,
  "ThreeDay_Fluctuation": 0.0,
  "Week": 632.445263157895,
  "Week_Fluctuation": 0.0,
  "Duration": "00:00:23.7353642",
  "Updated": "2021-01-27T11:28:04.7154712Z",
  "Failed": 0,
  "PowerDraw_Live": 91.0,
  "PowerDraw_Average": 91.0,
  "Diff_Live": 0.006614999999999999,
  "Diff_Average": 0.006614999999999999,
  "Ratio_Live": 0.0
}
