{
  "Live": 820.099724984192,
  "Minute": 820.099724984192,
  "Minute_Fluctuation": 0.0,
  "Minute_5": 820.099724984192,
  "Minute_5_Fluctuation": 0.0,
  "Minute_10": 820.099724984192,
  "Minute_10_Fluctuation": 0.0,
  "Hour": 820.099724984192,
  "Hour_Fluctuation": 0.0,
  "Day": 820.099724984192,
  "Day_Fluctuation": 0.0,
  "ThreeDay": 820.099724984192,
  "ThreeDay_Fluctuation": 0.0,
  "Week": 820.099724984192,
  "Week_Fluctuation": 0.0,
  "Duration": "00:00:28.6769972",
  "Updated": "2021-01-27T11:36:42.0104886Z",
  "Failed": 0,
  "PowerDraw_Live": 91.0,
  "PowerDraw_Average": 91.0,
  "Diff_Live": 0.0,
  "Diff_Average": 0.0,
  "Ratio_Live": 0.0
}
