{
  "Live": 1081.31626787589,
  "Minute": 1081.31626787589,
  "Minute_Fluctuation": 0.0,
  "Minute_5": 1081.31626787589,
  "Minute_5_Fluctuation": 0.0,
  "Minute_10": 1081.31626787589,
  "Minute_10_Fluctuation": 0.0,
  "Hour": 1081.31626787589,
  "Hour_Fluctuation": 0.0,
  "Day": 1081.31626787589,
  "Day_Fluctuation": 0.0,
  "ThreeDay": 1081.31626787589,
  "ThreeDay_Fluctuation": 0.0,
  "Week": 1081.31626787589,
  "Week_Fluctuation": 0.0,
  "Duration": "00:00:33.0110463",
  "Updated": "2021-01-27T11:49:48.8667249Z",
  "Failed": 0,
  "PowerDraw_Live": 91.0,
  "PowerDraw_Average": 91.0,
  "Diff_Live": 0.0,
  "Diff_Average": 0.0,
  "Ratio_Live": 0.0
}
