{
  "Live": 738.882352941176,
  "Minute": 738.882352941176,
  "Minute_Fluctuation": 0.0,
  "Minute_5": 738.882352941176,
  "Minute_5_Fluctuation": 0.0,
  "Minute_10": 738.882352941176,
  "Minute_10_Fluctuation": 0.0,
  "Hour": 738.882352941176,
  "Hour_Fluctuation": 0.0,
  "Day": 738.882352941176,
  "Day_Fluctuation": 0.0,
  "ThreeDay": 738.882352941176,
  "ThreeDay_Fluctuation": 0.0,
  "Week": 738.882352941176,
  "Week_Fluctuation": 0.0,
  "Duration": "00:00:32.0227967",
  "Updated": "2021-01-27T11:23:46.9600402Z",
  "Failed": 0,
  "PowerDraw_Live": 91.0,
  "PowerDraw_Average": 91.0,
  "Diff_Live": 0.0032211764705882347,
  "Diff_Average": 0.0032211764705882347,
  "Ratio_Live": 0.0
}
