{
  "Live": 735.082142857143,
  "Minute": 735.082142857143,
  "Minute_Fluctuation": 0.0,
  "Minute_5": 735.082142857143,
  "Minute_5_Fluctuation": 0.0,
  "Minute_10": 735.082142857143,
  "Minute_10_Fluctuation": 0.0,
  "Hour": 735.082142857143,
  "Hour_Fluctuation": 0.0,
  "Day": 735.082142857143,
  "Day_Fluctuation": 0.0,
  "ThreeDay": 735.082142857143,
  "ThreeDay_Fluctuation": 0.0,
  "Week": 735.082142857143,
  "Week_Fluctuation": 0.0,
  "Duration": "00:00:20.2789477",
  "Updated": "2021-01-27T11:56:35.0104006Z",
  "Failed": 0,
  "PowerDraw_Live": 91.0,
  "PowerDraw_Average": 91.0,
  "Diff_Live": 0.000671,
  "Diff_Average": 0.000671,
  "Ratio_Live": 0.0
}
