{
  "Live": 673.535,
  "Minute": 673.535,
  "Minute_Fluctuation": 0.0,
  "Minute_5": 673.535,
  "Minute_5_Fluctuation": 0.0,
  "Minute_10": 673.535,
  "Minute_10_Fluctuation": 0.0,
  "Hour": 673.535,
  "Hour_Fluctuation": 0.0,
  "Day": 673.535,
  "Day_Fluctuation": 0.0,
  "ThreeDay": 673.535,
  "ThreeDay_Fluctuation": 0.0,
  "Week": 673.535,
  "Week_Fluctuation": 0.0,
  "Duration": "00:00:26.3078307",
  "Updated": "2021-01-27T11:54:01.7407725Z",
  "Failed": 0,
  "PowerDraw_Live": 91.0,
  "PowerDraw_Average": 91.0,
  "Diff_Live": 0.023946000000000005,
  "Diff_Average": 0.023946000000000005,
  "Ratio_Live": 0.0
}
