{
  "Live": 790.833103448276,
  "Minute": 790.833103448276,
  "Minute_Fluctuation": 0.0,
  "Minute_5": 790.833103448276,
  "Minute_5_Fluctuation": 0.0,
  "Minute_10": 790.833103448276,
  "Minute_10_Fluctuation": 0.0,
  "Hour": 790.833103448276,
  "Hour_Fluctuation": 0.0,
  "Day": 790.833103448276,
  "Day_Fluctuation": 0.0,
  "ThreeDay": 790.833103448276,
  "ThreeDay_Fluctuation": 0.0,
  "Week": 790.833103448276,
  "Week_Fluctuation": 0.0,
  "Duration": "00:00:31.2428597",
  "Updated": "2021-01-27T12:00:52.4471087Z",
  "Failed": 0,
  "PowerDraw_Live": 91.0,
  "PowerDraw_Average": 91.0,
  "Diff_Live": 0.023296862068965522,
  "Diff_Average": 0.023296862068965522,
  "Ratio_Live": 0.0
}
