{
  "Live": 1635.57884637632,
  "Minute": 1635.57884637632,
  "Minute_Fluctuation": 0.0,
  "Minute_5": 1635.57884637632,
  "Minute_5_Fluctuation": 0.0,
  "Minute_10": 1635.57884637632,
  "Minute_10_Fluctuation": 0.0,
  "Hour": 1635.57884637632,
  "Hour_Fluctuation": 0.0,
  "Day": 1635.57884637632,
  "Day_Fluctuation": 0.0,
  "ThreeDay": 1635.57884637632,
  "ThreeDay_Fluctuation": 0.0,
  "Week": 1635.57884637632,
  "Week_Fluctuation": 0.0,
  "Duration": "00:00:37.3200057",
  "Updated": "2021-01-27T11:30:17.1718698Z",
  "Failed": 0,
  "PowerDraw_Live": 91.0,
  "PowerDraw_Average": 91.0,
  "Diff_Live": 0.0,
  "Diff_Average": 0.0,
  "Ratio_Live": 0.0
}
