{
  "Live": 398.461560683872,
  "Minute": 398.461560683872,
  "Minute_Fluctuation": 0.0,
  "Minute_5": 398.461560683872,
  "Minute_5_Fluctuation": 0.0,
  "Minute_10": 398.461560683872,
  "Minute_10_Fluctuation": 0.0,
  "Hour": 398.461560683872,
  "Hour_Fluctuation": 0.0,
  "Day": 398.461560683872,
  "Day_Fluctuation": 0.0,
  "ThreeDay": 398.461560683872,
  "ThreeDay_Fluctuation": 0.0,
  "Week": 398.461560683872,
  "Week_Fluctuation": 0.0,
  "Duration": "00:00:28.5789273",
  "Updated": "2021-01-27T11:32:25.894949Z",
  "Failed": 0,
  "PowerDraw_Live": 91.0,
  "PowerDraw_Average": 91.0,
  "Diff_Live": 0.0,
  "Diff_Average": 0.0,
  "Ratio_Live": 0.0
}
