{
  "Live": 70.2091666666667,
  "Minute": 70.2091666666667,
  "Minute_Fluctuation": 0.0,
  "Minute_5": 70.2091666666667,
  "Minute_5_Fluctuation": 0.0,
  "Minute_10": 70.2091666666667,
  "Minute_10_Fluctuation": 0.0,
  "Hour": 70.2091666666667,
  "Hour_Fluctuation": 0.0,
  "Day": 70.2091666666667,
  "Day_Fluctuation": 0.0,
  "ThreeDay": 70.2091666666667,
  "ThreeDay_Fluctuation": 0.0,
  "Week": 70.2091666666667,
  "Week_Fluctuation": 0.0,
  "Duration": "00:00:39.6410280",
  "Updated": "2021-01-27T11:42:00.7328409Z",
  "Failed": 0,
  "PowerDraw_Live": 91.0,
  "PowerDraw_Average": 91.0,
  "Diff_Live": 14363.92857142857,
  "Diff_Average": 14363.92857142857,
  "Ratio_Live": 0.0
}
