{
  "Live": 849.682857142857,
  "Minute": 849.682857142857,
  "Minute_Fluctuation": 0.0,
  "Minute_5": 849.682857142857,
  "Minute_5_Fluctuation": 0.0,
  "Minute_10": 849.682857142857,
  "Minute_10_Fluctuation": 0.0,
  "Hour": 849.682857142857,
  "Hour_Fluctuation": 0.0,
  "Day": 849.682857142857,
  "Day_Fluctuation": 0.0,
  "ThreeDay": 849.682857142857,
  "ThreeDay_Fluctuation": 0.0,
  "Week": 849.682857142857,
  "Week_Fluctuation": 0.0,
  "Duration": "00:00:33.2891309",
  "Updated": "2021-01-27T11:58:42.0807177Z",
  "Failed": 0,
  "PowerDraw_Live": 91.0,
  "PowerDraw_Average": 91.0,
  "Diff_Live": 0.023235869565217396,
  "Diff_Average": 0.023235869565217396,
  "Ratio_Live": 0.0
}
