{
  "Live": 2804.18,
  "Minute": 2804.18,
  "Minute_Fluctuation": 0.0,
  "Minute_5": 2804.18,
  "Minute_5_Fluctuation": 0.0,
  "Minute_10": 2804.18,
  "Minute_10_Fluctuation": 0.0,
  "Hour": 2804.18,
  "Hour_Fluctuation": 0.0,
  "Day": 2804.18,
  "Day_Fluctuation": 0.0,
  "ThreeDay": 2804.18,
  "ThreeDay_Fluctuation": 0.0,
  "Week": 2804.18,
  "Week_Fluctuation": 0.0,
  "Duration": "00:00:36.9450472",
  "Updated": "2021-01-27T12:12:53.7472318Z",
  "Failed": 0,
  "PowerDraw_Live": 91.0,
  "PowerDraw_Average": 91.0,
  "Diff_Live": 0.00024399999999999997,
  "Diff_Average": 0.00024399999999999997,
  "Ratio_Live": 0.0
}
