{
  "Live": 1284266.125,
  "Minute": 1284266.125,
  "Minute_Fluctuation": 0.0,
  "Minute_5": 1284266.125,
  "Minute_5_Fluctuation": 0.0,
  "Minute_10": 1284266.125,
  "Minute_10_Fluctuation": 0.0,
  "Hour": 1284266.125,
  "Hour_Fluctuation": 0.0,
  "Day": 1284266.125,
  "Day_Fluctuation": 0.0,
  "ThreeDay": 1284266.125,
  "ThreeDay_Fluctuation": 0.0,
  "Week": 1284266.125,
  "Week_Fluctuation": 0.0,
  "Duration": "00:00:22.5386003",
  "Updated": "2021-01-27T11:45:31.9024066Z",
  "Failed": 0,
  "PowerDraw_Live": 70.0,
  "PowerDraw_Average": 70.0,
  "Diff_Live": 0.0433,
  "Diff_Average": 0.0433,
  "Ratio_Live": 0.0
}
