{
  "Live": 1.46666666666667,
  "Minute": 1.46666666666667,
  "Minute_Fluctuation": 0.0,
  "Minute_5": 1.46666666666667,
  "Minute_5_Fluctuation": 0.0,
  "Minute_10": 1.46666666666667,
  "Minute_10_Fluctuation": 0.0,
  "Hour": 1.46666666666667,
  "Hour_Fluctuation": 0.0,
  "Day": 1.46666666666667,
  "Day_Fluctuation": 0.0,
  "ThreeDay": 1.46666666666667,
  "ThreeDay_Fluctuation": 0.0,
  "Week": 1.46666666666667,
  "Week_Fluctuation": 0.0,
  "Duration": "00:00:36.9450472",
  "Updated": "2021-01-27T12:12:53.7103704Z",
  "Failed": 0,
  "PowerDraw_Live": 71.0,
  "PowerDraw_Average": 71.0,
  "Diff_Live": 0.0,
  "Diff_Average": 0.0,
  "Ratio_Live": 0.0
}
