{
  "Live": 2.79892857142857,
  "Minute": 2.79892857142857,
  "Minute_Fluctuation": 0.0,
  "Minute_5": 2.79892857142857,
  "Minute_5_Fluctuation": 0.0,
  "Minute_10": 2.79892857142857,
  "Minute_10_Fluctuation": 0.0,
  "Hour": 2.79892857142857,
  "Hour_Fluctuation": 0.0,
  "Day": 2.79892857142857,
  "Day_Fluctuation": 0.0,
  "ThreeDay": 2.79892857142857,
  "ThreeDay_Fluctuation": 0.0,
  "Week": 2.79892857142857,
  "Week_Fluctuation": 0.0,
  "Duration": "00:00:20.2789477",
  "Updated": "2021-01-27T11:56:35.1037615Z",
  "Failed": 0,
  "PowerDraw_Live": 68.0,
  "PowerDraw_Average": 68.0,
  "Diff_Live": 0.0,
  "Diff_Average": 0.0,
  "Ratio_Live": 0.0
}
