{
  "Live": 9225138.22222222,
  "Minute": 9225138.22222222,
  "Minute_Fluctuation": 0.0,
  "Minute_5": 9225138.22222222,
  "Minute_5_Fluctuation": 0.0,
  "Minute_10": 9225138.22222222,
  "Minute_10_Fluctuation": 0.0,
  "Hour": 9225138.22222222,
  "Hour_Fluctuation": 0.0,
  "Day": 9225138.22222222,
  "Day_Fluctuation": 0.0,
  "ThreeDay": 9225138.22222222,
  "ThreeDay_Fluctuation": 0.0,
  "Week": 9225138.22222222,
  "Week_Fluctuation": 0.0,
  "Duration": "00:00:34.6954581",
  "Updated": "2021-01-27T11:31:21.4243021Z",
  "Failed": 0,
  "PowerDraw_Live": 118.0,
  "PowerDraw_Average": 118.0,
  "Diff_Live": 36.666666666666664,
  "Diff_Average": 36.666666666666664,
  "Ratio_Live": 0.0
}
