{
  "Live": 8267.92568181817,
  "Minute": 8267.92568181817,
  "Minute_Fluctuation": 0.0,
  "Minute_5": 8267.92568181817,
  "Minute_5_Fluctuation": 0.0,
  "Minute_10": 8267.92568181817,
  "Minute_10_Fluctuation": 0.0,
  "Hour": 8267.92568181817,
  "Hour_Fluctuation": 0.0,
  "Day": 8267.92568181817,
  "Day_Fluctuation": 0.0,
  "ThreeDay": 8267.92568181817,
  "ThreeDay_Fluctuation": 0.0,
  "Week": 8267.92568181817,
  "Week_Fluctuation": 0.0,
  "Duration": "00:00:36.4649205",
  "Updated": "2021-01-27T11:16:35.9398186Z",
  "Failed": 0,
  "PowerDraw_Live": 113.0,
  "PowerDraw_Average": 113.0,
  "Diff_Live": 0.19407418181818195,
  "Diff_Average": 0.19407418181818195,
  "Ratio_Live": 0.0
}
