{
  "Live": 1290318.09090909,
  "Minute": 1290318.09090909,
  "Minute_Fluctuation": 0.0,
  "Minute_5": 1290318.09090909,
  "Minute_5_Fluctuation": 0.0,
  "Minute_10": 1290318.09090909,
  "Minute_10_Fluctuation": 0.0,
  "Hour": 1290318.09090909,
  "Hour_Fluctuation": 0.0,
  "Day": 1290318.09090909,
  "Day_Fluctuation": 0.0,
  "ThreeDay": 1290318.09090909,
  "ThreeDay_Fluctuation": 0.0,
  "Week": 1290318.09090909,
  "Week_Fluctuation": 0.0,
  "Duration": "00:00:20.1505770",
  "Updated": "2021-01-27T12:06:13.1177004Z",
  "Failed": 0,
  "PowerDraw_Live": 64.0,
  "PowerDraw_Average": 64.0,
  "Diff_Live": 0.0,
  "Diff_Average": 0.0,
  "Ratio_Live": 0.0
}
