{
  "Live": 1323000.0,
  "Minute": 1323000.0,
  "Minute_Fluctuation": 0.0,
  "Minute_5": 1323000.0,
  "Minute_5_Fluctuation": 0.0,
  "Minute_10": 1323000.0,
  "Minute_10_Fluctuation": 0.0,
  "Hour": 1323000.0,
  "Hour_Fluctuation": 0.0,
  "Day": 1323000.0,
  "Day_Fluctuation": 0.0,
  "ThreeDay": 1323000.0,
  "ThreeDay_Fluctuation": 0.0,
  "Week": 1323000.0,
  "Week_Fluctuation": 0.0,
  "Duration": "00:00:20.7218796",
  "Updated": "2021-01-27T12:08:38.6191794Z",
  "Failed": 0,
  "PowerDraw_Live": 72.0,
  "PowerDraw_Average": 72.0,
  "Diff_Live": 0.0,
  "Diff_Average": 0.0,
  "Ratio_Live": 0.0
}
