{
  "Live": 9375718.33333334,
  "Minute": 9375718.33333334,
  "Minute_Fluctuation": 0.0,
  "Minute_5": 9375718.33333334,
  "Minute_5_Fluctuation": 0.0,
  "Minute_10": 9375718.33333334,
  "Minute_10_Fluctuation": 0.0,
  "Hour": 9375718.33333334,
  "Hour_Fluctuation": 0.0,
  "Day": 9375718.33333334,
  "Day_Fluctuation": 0.0,
  "ThreeDay": 9375718.33333334,
  "ThreeDay_Fluctuation": 0.0,
  "Week": 9375718.33333334,
  "Week_Fluctuation": 0.0,
  "Duration": "00:00:29.7417974",
  "Updated": "2021-01-27T11:35:39.4248785Z",
  "Failed": 0,
  "PowerDraw_Live": 114.0,
  "PowerDraw_Average": 114.0,
  "Diff_Live": 18.0,
  "Diff_Average": 18.0,
  "Ratio_Live": 0.0
}
