{
  "Live": 569.251538461538,
  "Minute": 569.251538461538,
  "Minute_Fluctuation": 0.0,
  "Minute_5": 569.251538461538,
  "Minute_5_Fluctuation": 0.0,
  "Minute_10": 569.251538461538,
  "Minute_10_Fluctuation": 0.0,
  "Hour": 569.251538461538,
  "Hour_Fluctuation": 0.0,
  "Day": 569.251538461538,
  "Day_Fluctuation": 0.0,
  "ThreeDay": 569.251538461538,
  "ThreeDay_Fluctuation": 0.0,
  "Week": 569.251538461538,
  "Week_Fluctuation": 0.0,
  "Duration": "00:00:26.3078307",
  "Updated": "2021-01-27T11:54:01.6706461Z",
  "Failed": 0,
  "PowerDraw_Live": 67.0,
  "PowerDraw_Average": 67.0,
  "Diff_Live": 50000.0,
  "Diff_Average": 50000.0,
  "Ratio_Live": 0.0
}
