{
  "Live": 1.67285714285714,
  "Minute": 1.67285714285714,
  "Minute_Fluctuation": 0.0,
  "Minute_5": 1.67285714285714,
  "Minute_5_Fluctuation": 0.0,
  "Minute_10": 1.67285714285714,
  "Minute_10_Fluctuation": 0.0,
  "Hour": 1.67285714285714,
  "Hour_Fluctuation": 0.0,
  "Day": 1.67285714285714,
  "Day_Fluctuation": 0.0,
  "ThreeDay": 1.67285714285714,
  "ThreeDay_Fluctuation": 0.0,
  "Week": 1.67285714285714,
  "Week_Fluctuation": 0.0,
  "Duration": "00:00:21.0885806",
  "Updated": "2021-01-27T11:40:58.9027131Z",
  "Failed": 0,
  "PowerDraw_Live": 72.0,
  "PowerDraw_Average": 72.0,
  "Diff_Live": 0.0,
  "Diff_Average": 0.0,
  "Ratio_Live": 0.0
}
