{
  "Live": 300.105882352941,
  "Minute": 300.105882352941,
  "Minute_Fluctuation": 0.0,
  "Minute_5": 300.105882352941,
  "Minute_5_Fluctuation": 0.0,
  "Minute_10": 300.105882352941,
  "Minute_10_Fluctuation": 0.0,
  "Hour": 300.105882352941,
  "Hour_Fluctuation": 0.0,
  "Day": 300.105882352941,
  "Day_Fluctuation": 0.0,
  "ThreeDay": 300.105882352941,
  "ThreeDay_Fluctuation": 0.0,
  "Week": 300.105882352941,
  "Week_Fluctuation": 0.0,
  "Duration": "00:00:40.0280362",
  "Updated": "2021-01-27T11:51:54.7024031Z",
  "Failed": 0,
  "PowerDraw_Live": 82.0,
  "PowerDraw_Average": 82.0,
  "Diff_Live": 17096.941176470587,
  "Diff_Average": 17096.941176470587,
  "Ratio_Live": 0.0
}
