{
  "Live": 6542980.18421053,
  "Minute": 6542980.18421053,
  "Minute_Fluctuation": 0.0,
  "Minute_5": 6542980.18421053,
  "Minute_5_Fluctuation": 0.0,
  "Minute_10": 6542980.18421053,
  "Minute_10_Fluctuation": 0.0,
  "Hour": 6542980.18421053,
  "Hour_Fluctuation": 0.0,
  "Day": 6542980.18421053,
  "Day_Fluctuation": 0.0,
  "ThreeDay": 6542980.18421053,
  "ThreeDay_Fluctuation": 0.0,
  "Week": 6542980.18421053,
  "Week_Fluctuation": 0.0,
  "Duration": "00:00:40.1004513",
  "Updated": "2021-01-27T11:22:40.8560197Z",
  "Failed": 0,
  "PowerDraw_Live": 115.0,
  "PowerDraw_Average": 115.0,
  "Diff_Live": 1.736842105263158,
  "Diff_Average": 1.736842105263158,
  "Ratio_Live": 0.0
}
