{
  "Live": 1131686.36363636,
  "Minute": 1131686.36363636,
  "Minute_Fluctuation": 0.0,
  "Minute_5": 1131686.36363636,
  "Minute_5_Fluctuation": 0.0,
  "Minute_10": 1131686.36363636,
  "Minute_10_Fluctuation": 0.0,
  "Hour": 1131686.36363636,
  "Hour_Fluctuation": 0.0,
  "Day": 1131686.36363636,
  "Day_Fluctuation": 0.0,
  "ThreeDay": 1131686.36363636,
  "ThreeDay_Fluctuation": 0.0,
  "Week": 1131686.36363636,
  "Week_Fluctuation": 0.0,
  "Duration": "00:00:31.2247488",
  "Updated": "2021-01-27T11:59:49.2387376Z",
  "Failed": 0,
  "PowerDraw_Live": 61.0,
  "PowerDraw_Average": 61.0,
  "Diff_Live": 0.0,
  "Diff_Average": 0.0,
  "Ratio_Live": 0.0
}
