{
  "Live": 3762200.0,
  "Minute": 3762200.0,
  "Minute_Fluctuation": 0.0,
  "Minute_5": 3762200.0,
  "Minute_5_Fluctuation": 0.0,
  "Minute_10": 3762200.0,
  "Minute_10_Fluctuation": 0.0,
  "Hour": 3762200.0,
  "Hour_Fluctuation": 0.0,
  "Day": 3762200.0,
  "Day_Fluctuation": 0.0,
  "ThreeDay": 3762200.0,
  "ThreeDay_Fluctuation": 0.0,
  "Week": 3762200.0,
  "Week_Fluctuation": 0.0,
  "Duration": "00:00:20.2886681",
  "Updated": "2021-01-27T12:15:45.1847983Z",
  "Failed": 0,
  "PowerDraw_Live": 105.0,
  "PowerDraw_Average": 105.0,
  "Diff_Live": 0.0,
  "Diff_Average": 0.0,
  "Ratio_Live": 0.0
}
