{
  "Live": 3479428.57142857,
  "Minute": 3479428.57142857,
  "Minute_Fluctuation": 0.0,
  "Minute_5": 3479428.57142857,
  "Minute_5_Fluctuation": 0.0,
  "Minute_10": 3479428.57142857,
  "Minute_10_Fluctuation": 0.0,
  "Hour": 3479428.57142857,
  "Hour_Fluctuation": 0.0,
  "Day": 3479428.57142857,
  "Day_Fluctuation": 0.0,
  "ThreeDay": 3479428.57142857,
  "ThreeDay_Fluctuation": 0.0,
  "Week": 3479428.57142857,
  "Week_Fluctuation": 0.0,
  "Duration": "00:00:31.2451970",
  "Updated": "2021-01-27T12:10:48.2410021Z",
  "Failed": 0,
  "PowerDraw_Live": 82.0,
  "PowerDraw_Average": 82.0,
  "Diff_Live": 0.0,
  "Diff_Average": 0.0,
  "Ratio_Live": 0.0
}
