{
  "Live": 0.00000000128159,
  "Minute": 0.00000000128159,
  "Minute_Fluctuation": 0.0,
  "Minute_5": 0.00000000110829749802814,
  "Minute_5_Fluctuation": 0.3383351952758842,
  "Minute_10": 0.000000000915502118552961,
  "Minute_10_Fluctuation": 0.3590029726824058,
  "Hour": 0.000000000641298482179202,
  "Hour_Fluctuation": 0.11401741425528157,
  "Day": 0.000000000572935001825554,
  "Day_Fluctuation": 0.005426759290284225,
  "ThreeDay": 0.00000000057292937353949,
  "ThreeDay_Fluctuation": 0.0054169626564452315,
  "Week": 0.00000000057292937353949,
  "Week_Fluctuation": 0.005416962656445232,
  "Duration": "1.00:06:17.6006558",
  "Updated": "2021-01-27T11:18:46.2260775Z",
  "Failed": 0,
  "HashRate_Live": 163255.0,
  "HashRate_Average": 179621.6085703274,
  "BlockRate_Live": 2.0,
  "BlockRate_Average": 2.0,
  "Actual24h_Week": 0.00000249576775569192,
  "Estimate24h_Week": 0.00000356302349627359,
  "ErrorRatio": 0.920210645056672
}
