{
  "Live": 0.00000000000000001,
  "Minute": 0.00000000000000001,
  "Minute_Fluctuation": 0.0,
  "Minute_5": 0.00000000000000001,
  "Minute_5_Fluctuation": 0.0,
  "Minute_10": 0.00000000000000001,
  "Minute_10_Fluctuation": 0.0,
  "Hour": 0.00000000000000001,
  "Hour_Fluctuation": 0.0,
  "Day": 0.00000000000000001,
  "Day_Fluctuation": 0.0,
  "ThreeDay": 0.00000000000000001,
  "ThreeDay_Fluctuation": 0.0,
  "Week": 0.00000000000000001,
  "Week_Fluctuation": 0.0,
  "Duration": "00:02:07.5116384",
  "Updated": "2021-01-27T11:20:38.0385174Z",
  "Failed": 0,
  "HashRate_Live": 0.0,
  "HashRate_Average": 0.0,
  "BlockRate_Live": 0.0,
  "BlockRate_Average": 0.0,
  "Actual24h_Week": 0.0,
  "Estimate24h_Week": 0.00000000983604190504853,
  "ErrorRatio": 0.999578378979543
}
