{
  "Live": 0.0000000000171,
  "Minute": 0.0000000000171,
  "Minute_Fluctuation": 0.0,
  "Minute_5": 0.0000000000150370498406165,
  "Minute_5_Fluctuation": 0.3028937187986506,
  "Minute_10": 0.0000000000126129384281911,
  "Minute_10_Fluctuation": 0.32328645748129825,
  "Hour": 0.00000000000911658382423866,
  "Hour_Fluctuation": 0.10206093004510933,
  "Day": 0.000000000008239856365458,
  "Day_Fluctuation": 0.004841699119042672,
  "ThreeDay": 0.00000000000823978562088843,
  "ThreeDay_Fluctuation": 0.004833138935170788,
  "Week": 0.00000000000823978562088843,
  "Week_Fluctuation": 0.004833138935170789,
  "Duration": "1.00:06:17.6006558",
  "Updated": "2021-01-27T11:18:46.1763815Z",
  "Failed": 0,
  "HashRate_Live": 36870290.0,
  "HashRate_Average": 39322530.3757672,
  "BlockRate_Live": 216.0,
  "BlockRate_Average": 216.0,
  "Actual24h_Week": 0.0000000357428038326842,
  "Estimate24h_Week": 0.0000000426357251846328,
  "ErrorRatio": 0.956934964469229
}
