{
  "Live": 0.0000000000013,
  "Minute": 0.0000000000013,
  "Minute_Fluctuation": 0.0,
  "Minute_5": 0.00000000000119276548886283,
  "Minute_5_Fluctuation": 0.11845996733019726,
  "Minute_10": 0.00000000000113704929968268,
  "Minute_10_Fluctuation": 0.08415449942354146,
  "Hour": 0.00000000000108179268603169,
  "Hour_Fluctuation": 0.01808279404296164,
  "Day": 0.00000000000107049523962674,
  "Day_Fluctuation": 0.0007881647963760708,
  "ThreeDay": 0.00000000000107049360193669,
  "ThreeDay_Fluctuation": 0.0007865207976299148,
  "Week": 0.00000000000107049360193669,
  "Week_Fluctuation": 0.0007865207976299149,
  "Duration": "1.00:06:17.6006558",
  "Updated": "2021-01-27T11:18:46.1467474Z",
  "Failed": 0,
  "HashRate_Live": 188176797.0,
  "HashRate_Average": 147619203.13723958,
  "BlockRate_Live": 47.0,
  "BlockRate_Average": 47.0,
  "Actual24h_Week": 0.00000000460958486871216,
  "Estimate24h_Week": 0.00000000636914502825296,
  "ErrorRatio": 0.926410115247756
}
