{
  "Live": 0.00000000670123,
  "Minute": 0.00000000670123,
  "Minute_Fluctuation": 0.0,
  "Minute_5": 0.00000000656707023609056,
  "Minute_5_Fluctuation": 0.031382432695861676,
  "Minute_10": 0.0000000064294844395882,
  "Minute_10_Fluctuation": 0.028789592958779968,
  "Hour": 0.00000000623820586694794,
  "Hour_Fluctuation": 0.007617107115844596,
  "Day": 0.00000000619097203205851,
  "Day_Fluctuation": 0.0003454546622950505,
  "ThreeDay": 0.00000000619096801345937,
  "ThreeDay_Fluctuation": 0.00034480776914774916,
  "Week": 0.00000000619096801345937,
  "Week_Fluctuation": 0.00034480776914774916,
  "Duration": "1.00:06:17.6006558",
  "Updated": "2021-01-27T11:18:45.7742693Z",
  "Failed": 0,
  "HashRate_Live": 4002.0,
  "HashRate_Average": 4043.002720326505,
  "BlockRate_Live": 17.0,
  "BlockRate_Average": 17.0,
  "Actual24h_Week": 0.0000270513290262176,
  "Estimate24h_Week": 0.0000279489640845815,
  "ErrorRatio": 0.991444818424149
}
