{
  "Live": 0.00000000000000283,
  "Minute": 0.00000000000000283,
  "Minute_Fluctuation": 0.0,
  "Minute_5": 0.0000000000000038204468615059,
  "Minute_5_Fluctuation": 0.30810295545412597,
  "Minute_10": 0.0000000000000049169113958274,
  "Minute_10_Fluctuation": 0.24794111163455385,
  "Hour": 0.0000000000000064743044692903,
  "Hour_Fluctuation": 0.057871746718981196,
  "Day": 0.0000000000000068623757192319,
  "Day_Fluctuation": 0.002559749806737383,
  "ThreeDay": 0.000000000000006862407729338,
  "ThreeDay_Fluctuation": 0.002555104140498435,
  "Week": 0.000000000000006862407729338,
  "Week_Fluctuation": 0.002555104140498435,
  "Duration": "1.00:06:17.6006558",
  "Updated": "2021-01-27T11:18:45.7332631Z",
  "Failed": 0,
  "HashRate_Live": 1583296744.0,
  "HashRate_Average": 1255420614.6636403,
  "BlockRate_Live": 3.0,
  "BlockRate_Average": 3.0,
  "Actual24h_Week": 0.0000000298388657387997,
  "Estimate24h_Week": 0.0000000208087820443607,
  "ErrorRatio": 1.00437037796065
}
