{
  "Live": 0.0000000000003,
  "Minute": 0.0000000000003,
  "Minute_Fluctuation": 0.0,
  "Minute_5": 0.000000000000292695887575649,
  "Minute_5_Fluctuation": 0.04129400194900251,
  "Minute_10": 0.000000000000284569747606762,
  "Minute_10_Fluctuation": 0.03919880177975022,
  "Hour": 0.000000000000273012327842778,
  "Hour_Fluctuation": 0.01062048561432345,
  "Day": 0.000000000000270130872843046,
  "Day_Fluctuation": 0.0004837340128395573,
  "ThreeDay": 0.000000000000270130635616197,
  "ThreeDay_Fluctuation": 0.0004828589478750461,
  "Week": 0.000000000000270130635616197,
  "Week_Fluctuation": 0.0004828589478750461,
  "Duration": "1.00:06:17.6006558",
  "Updated": "2021-01-27T11:16:39.0537926Z",
  "Failed": 0,
  "HashRate_Live": 0.0,
  "HashRate_Average": 0.0,
  "BlockRate_Live": 11.0,
  "BlockRate_Average": 11.0,
  "Actual24h_Week": 0.00000000117785558741664,
  "Estimate24h_Week": 0.00000000148322555452466,
  "ErrorRatio": 0.945157876322167
}
