{
  "Live": 0.0000000000013,
  "Minute": 0.0000000000013,
  "Minute_Fluctuation": 0.0,
  "Minute_5": 0.00000000000115151376991821,
  "Minute_5_Fluctuation": 0.2968522090245043,
  "Minute_10": 0.000000000000968148772351729,
  "Minute_10_Fluctuation": 0.3208358867293482,
  "Hour": 0.000000000000700504415373372,
  "Hour_Fluctuation": 0.1021015249273488,
  "Day": 0.000000000000633068003638493,
  "Day_Fluctuation": 0.004850813056556702,
  "ThreeDay": 0.000000000000633062653843882,
  "ThreeDay_Fluctuation": 0.004842388433111782,
  "Week": 0.000000000000633062653843882,
  "Week_Fluctuation": 0.004842388433111782,
  "Duration": "1.00:06:17.6006558",
  "Updated": "2021-01-27T11:18:45.7949666Z",
  "Failed": 0,
  "HashRate_Live": 18511334.0,
  "HashRate_Average": 17310624.31615874,
  "BlockRate_Live": 12.0,
  "BlockRate_Average": 12.0,
  "Actual24h_Week": 0.00000000271922310400268,
  "Estimate24h_Week": 0.00000000523491372185175,
  "ErrorRatio": 0.871990310955198
}
