{
  "Live": 0.0000000000000008,
  "Minute": 0.0000000000000008,
  "Minute_Fluctuation": 0.0,
  "Minute_5": 0.0000000000000006870328000914,
  "Minute_5_Fluctuation": 0.3715482092885069,
  "Minute_10": 0.0000000000000005595351534193,
  "Minute_10_Fluctuation": 0.40004701266502685,
  "Hour": 0.0000000000000003775160455586,
  "Hour_Fluctuation": 0.12993607246503605,
  "Day": 0.0000000000000003320648588887,
  "Day_Fluctuation": 0.006229459218298078,
  "ThreeDay": 0.000000000000000332061137162,
  "ThreeDay_Fluctuation": 0.006218281065208984,
  "Week": 0.000000000000000332061137162,
  "Week_Fluctuation": 0.006218281065208984,
  "Duration": "1.00:06:17.6006558",
  "Updated": "2021-01-27T11:18:46.0616331Z",
  "Failed": 0,
  "HashRate_Live": 19703248370.0,
  "HashRate_Average": 18391743852.65456,
  "BlockRate_Live": 37.0,
  "BlockRate_Average": 37.0,
  "Actual24h_Week": 0.00000000146870787347872,
  "Estimate24h_Week": 0.00000000450781862563536,
  "ErrorRatio": 0.820412859972818
}
