{
  "Live": 0.00000000261099,
  "Minute": 0.00000000261099,
  "Minute_Fluctuation": 0.0,
  "Minute_5": 0.00000000236184707975886,
  "Minute_5_Fluctuation": 0.2638674292841458,
  "Minute_10": 0.00000000201505906487171,
  "Minute_10_Fluctuation": 0.29124782235465607,
  "Hour": 0.00000000149558279023576,
  "Hour_Fluctuation": 0.0931517443755954,
  "Day": 0.00000000136335521752769,
  "Day_Fluctuation": 0.004422192319354321,
  "ThreeDay": 0.00000000136334510594727,
  "ThreeDay_Fluctuation": 0.004414800635703849,
  "Week": 0.00000000136334510594727,
  "Week_Fluctuation": 0.004414800635703849,
  "Duration": "1.00:06:17.6006558",
  "Updated": "2021-01-27T11:18:46.2525478Z",
  "Failed": 0,
  "HashRate_Live": 1935.0,
  "HashRate_Average": 1688.9836780409705,
  "BlockRate_Live": 13.0,
  "BlockRate_Average": 13.0,
  "Actual24h_Week": 0.00000592006116446879,
  "Estimate24h_Week": 0.0000193766332566416,
  "ErrorRatio": 0.815008717235727
}
