{
  "Live": 0.00000000000015,
  "Minute": 0.00000000000015,
  "Minute_Fluctuation": 0.0,
  "Minute_5": 0.000000000000154376322945275,
  "Minute_5_Fluctuation": 0.0664070775332375,
  "Minute_10": 0.000000000000162878703899762,
  "Minute_10_Fluctuation": 0.07011262884905074,
  "Hour": 0.000000000000176341853446958,
  "Hour_Fluctuation": 0.019473429610857716,
  "Day": 0.000000000000179840091794862,
  "Day_Fluctuation": 0.0008868503268183522,
  "ThreeDay": 0.000000000000179840339367375,
  "ThreeDay_Fluctuation": 0.0008854800869556608,
  "Week": 0.000000000000179840339367375,
  "Week_Fluctuation": 0.0008854800869556608,
  "Duration": "1.00:06:17.6006558",
  "Updated": "2021-01-27T11:18:45.968157Z",
  "Failed": 0,
  "HashRate_Live": 6102239030.0,
  "HashRate_Average": 6717070557.944906,
  "BlockRate_Live": 227.0,
  "BlockRate_Average": 227.0,
  "Actual24h_Week": 0.000000000785237058277763,
  "Estimate24h_Week": 0.000000000479867091169744,
  "ErrorRatio": 1.00437037796065
}
