{
  "Live": 0.00000000000087,
  "Minute": 0.00000000000087,
  "Minute_Fluctuation": 0.0,
  "Minute_5": 0.00000000000136083942717103,
  "Minute_5_Fluctuation": 0.3946364719599049,
  "Minute_10": 0.00000000000190510268459369,
  "Minute_10_Fluctuation": 0.3042682870554658,
  "Hour": 0.00000000000267849694388897,
  "Hour_Fluctuation": 0.06900403298599793,
  "Day": 0.00000000000287124603719694,
  "Day_Fluctuation": 0.0030378965957001307,
  "ThreeDay": 0.00000000000287126192622298,
  "ThreeDay_Fluctuation": 0.003032385646688868,
  "Week": 0.00000000000287126192622298,
  "Week_Fluctuation": 0.0030323856466888685,
  "Duration": "1.00:06:17.6006558",
  "Updated": "2021-01-27T11:18:46.2066203Z",
  "Failed": 0,
  "HashRate_Live": 64387.0,
  "HashRate_Average": 51053.66085382653,
  "BlockRate_Live": 11.0,
  "BlockRate_Average": 11.0,
  "Actual24h_Week": 0.0000000125637929324442,
  "Estimate24h_Week": 0.00000000900111957022478,
  "ErrorRatio": 1.00437037796065
}
