{
  "Live": 0.00000000000000000708664,
  "Minute": 0.00000000000000000708664,
  "Minute_Fluctuation": 0.0,
  "Minute_5": 0.0000000000000000077028329462,
  "Minute_5_Fluctuation": 0.10810712483802927,
  "Minute_10": 0.0000000000000000083319326795,
  "Minute_10_Fluctuation": 0.09310331911222439,
  "Hour": 0.0000000000000000092053805766,
  "Hour_Fluctuation": 0.023127905945677533,
  "Day": 0.0000000000000000094209451403,
  "Day_Fluctuation": 0.0010351212118100356,
  "ThreeDay": 0.0000000000000000094209635156,
  "ThreeDay_Fluctuation": 0.001033177836985056,
  "Week": 0.0000000000000000094209635156,
  "Week_Fluctuation": 0.001033177836985056,
  "Duration": "1.00:06:17.6006558",
  "Updated": "2021-01-27T11:18:45.988824Z",
  "Failed": 0,
  "HashRate_Live": 125811984512145.0,
  "HashRate_Average": 114535750644620.36,
  "BlockRate_Live": 39.0,
  "BlockRate_Average": 39.0,
  "Actual24h_Week": 0.0000413472910593684,
  "Estimate24h_Week": 0.0000362262799849284,
  "ErrorRatio": 1.00437037796065
}
