{
  "Live": 0.00000000002681,
  "Minute": 0.00000000002681,
  "Minute_Fluctuation": 0.0,
  "Minute_5": 0.0000000000581929201043222,
  "Minute_5_Fluctuation": 0.521201254254043,
  "Minute_10": 0.0000000000930659860794532,
  "Minute_10_Fluctuation": 0.37708071821719685,
  "Hour": 0.000000000142648515813962,
  "Hour_Fluctuation": 0.08240113208956248,
  "Day": 0.000000000155008627664309,
  "Day_Fluctuation": 0.0036073523212667427,
  "ThreeDay": 0.00000000015500964572297,
  "ThreeDay_Fluctuation": 0.0036008123830612304,
  "Week": 0.00000000015500964572297,
  "Week_Fluctuation": 0.0036008123830612313,
  "Duration": "1.00:06:17.6006558",
  "Updated": "2021-01-27T11:18:45.8708379Z",
  "Failed": 0,
  "HashRate_Live": 1302701.0,
  "HashRate_Average": 1475287.0411343037,
  "BlockRate_Live": 66.0,
  "BlockRate_Average": 66.0,
  "Actual24h_Week": 0.00000067778974175798,
  "Estimate24h_Week": 0.0000000767500554144552,
  "ErrorRatio": 1.00437037796065
}
