{
  "Live": 0.00000000000027,
  "Minute": 0.00000000000027,
  "Minute_Fluctuation": 0.0,
  "Minute_5": 0.000000000000263173611639937,
  "Minute_5_Fluctuation": 0.03821368786461531,
  "Minute_10": 0.000000000000261029259795373,
  "Minute_10_Fluctuation": 0.025604920567728433,
  "Hour": 0.00000000000026003538121553,
  "Hour_Fluctuation": 0.0051959627520486995,
  "Day": 0.000000000000260000071237877,
  "Day_Fluctuation": 0.00022379654882518496,
  "ThreeDay": 0.000000000000260000007680758,
  "ThreeDay_Fluctuation": 0.00022347220762312847,
  "Week": 0.000000000000260000007680758,
  "Week_Fluctuation": 0.00022347220762312847,
  "Duration": "1.00:06:17.6006558",
  "Updated": "2021-01-27T11:18:46.0773893Z",
  "Failed": 0,
  "HashRate_Live": 17867064.0,
  "HashRate_Average": 17226680.718300626,
  "BlockRate_Live": 48.0,
  "BlockRate_Average": 48.0,
  "Actual24h_Week": 0.00000000113423130640121,
  "Estimate24h_Week": 0.00000000148315431664705,
  "ErrorRatio": 0.937333071174864
}
