{
  "Live": 0.00000000000042,
  "Minute": 0.00000000000042,
  "Minute_Fluctuation": 0.0,
  "Minute_5": 0.00000000000042875264589055,
  "Minute_5_Fluctuation": 0.04885025075070634,
  "Minute_10": 0.000000000000445757407799524,
  "Minute_10_Fluctuation": 0.0519740598228667,
  "Hour": 0.000000000000472683706893916,
  "Hour_Fluctuation": 0.014573558307650761,
  "Day": 0.000000000000479680183589724,
  "Day_Fluctuation": 0.0006650769272980648,
  "ThreeDay": 0.000000000000479680678734749,
  "ThreeDay_Fluctuation": 0.0006640494428537227,
  "Week": 0.000000000000479680678734749,
  "Week_Fluctuation": 0.0006640494428537227,
  "Duration": "1.00:06:17.6006558",
  "Updated": "2021-01-27T11:18:46.097079Z",
  "Failed": 0,
  "HashRate_Live": 2634195.0,
  "HashRate_Average": 2207272.8122004163,
  "BlockRate_Live": 14.0,
  "BlockRate_Average": 14.0,
  "Actual24h_Week": 0.00000000212307208871019,
  "Estimate24h_Week": 0.00000000264649222301775,
  "ErrorRatio": 0.947316460703776
}
