{
  "Live": 0.00000000000005,
  "Minute": 0.00000000000005,
  "Minute_Fluctuation": 0.0,
  "Minute_5": 0.0000000000000475652958585498,
  "Minute_5_Fluctuation": 0.08843780592307722,
  "Minute_10": 0.0000000000000448565825355873,
  "Minute_10_Fluctuation": 0.08563255583092823,
  "Hour": 0.0000000000000410041092809261,
  "Hour_Fluctuation": 0.023756857760599225,
  "Day": 0.0000000000000400436242810155,
  "Day_Fluctuation": 0.001088126760450019,
  "ThreeDay": 0.0000000000000400435452053991,
  "ThreeDay_Fluctuation": 0.0010861588587840702,
  "Week": 0.0000000000000400435452053991,
  "Week_Fluctuation": 0.0010861588587840702,
  "Duration": "1.00:06:17.6006558",
  "Updated": "2021-01-27T11:18:45.8491372Z",
  "Failed": 0,
  "HashRate_Live": 78227389349.0,
  "HashRate_Average": 79666970533.86787,
  "BlockRate_Live": 505.0,
  "BlockRate_Average": 505.0,
  "Actual24h_Week": 0.000000000174497124061725,
  "Estimate24h_Week": 0.000000000174497124061725,
  "ErrorRatio": 1.0
}
