{
  "Live": 0.0,
  "Minute": 0.0,
  "Minute_Fluctuation": 0.0,
  "Minute_5": 0.0000000000000024347041414502,
  "Minute_5_Fluctuation": 0.7565295858549798,
  "Minute_10": 0.0000000000000051434174644127,
  "Minute_10_Fluctuation": 0.48565825355872844,
  "Hour": 0.0000000000000089958907190739,
  "Hour_Fluctuation": 0.10041092809261781,
  "Day": 0.0000000000000099563757189845,
  "Day_Fluctuation": 0.004362428101543128,
  "ThreeDay": 0.0000000000000099564547946009,
  "ThreeDay_Fluctuation": 0.00435452053991452,
  "Week": 0.0000000000000099564547946009,
  "Week_Fluctuation": 0.00435452053991452,
  "Duration": "1.00:06:17.6006558",
  "Updated": "2021-01-27T11:18:46.0227065Z",
  "Failed": 0,
  "HashRate_Live": 1202836400477.0,
  "HashRate_Average": 1310871585059.317,
  "BlockRate_Live": 38.0,
  "BlockRate_Average": 38.0,
  "Actual24h_Week": 0.0000000000436242810154313,
  "Estimate24h_Week": 0.0000000000436242810154313,
  "ErrorRatio": 1.0
}
