{
  "Live": 0.00000000376,
  "Minute": 0.00000000376,
  "Minute_Fluctuation": 0.0,
  "Minute_5": 0.00000000376,
  "Minute_5_Fluctuation": 0.0,
  "Minute_10": 0.00000000376,
  "Minute_10_Fluctuation": 0.0,
  "Hour": 0.00000000376,
  "Hour_Fluctuation": 0.0,
  "Day": 0.00000000376,
  "Day_Fluctuation": 0.0,
  "ThreeDay": 0.00000000376,
  "ThreeDay_Fluctuation": 0.0,
  "Week": 0.00000000376,
  "Week_Fluctuation": 0.0,
  "Duration": "00:04:11.7559108",
  "Updated": "2021-01-27T11:18:45.9284123Z",
  "Failed": 0,
  "HashRate_Live": 0.0,
  "HashRate_Average": 0.0,
  "BlockRate_Live": 0.0,
  "BlockRate_Average": 0.0,
  "Actual24h_Week": 0.0,
  "Estimate24h_Week": 0.00000306367453537476,
  "ErrorRatio": 0.999167647114899
}
