{
  "Live": 0.00000000001094,
  "Minute": 0.00000000001094,
  "Minute_Fluctuation": 0.0,
  "Minute_5": 0.0000000000101695428408948,
  "Minute_5_Fluctuation": 0.12004650189135019,
  "Minute_10": 0.00000000000995732814357347,
  "Minute_10_Fluctuation": 0.07890052244672309,
  "Hour": 0.0000000000098987904348636,
  "Hour_Fluctuation": 0.015679717134085714,
  "Day": 0.00000000000990933952417329,
  "Day_Fluctuation": 0.000672412177218467,
  "ThreeDay": 0.00000000000990933321574015,
  "ThreeDay_Fluctuation": 0.0006715110047682409,
  "Week": 0.00000000000990933321574015,
  "Week_Fluctuation": 0.0006715110047682409,
  "Duration": "1.00:06:17.6006558",
  "Updated": "2021-01-27T11:18:45.8933774Z",
  "Failed": 0,
  "HashRate_Live": 9537120.0,
  "HashRate_Average": 9191920.893211177,
  "BlockRate_Live": 95.0,
  "BlockRate_Average": 95.0,
  "Actual24h_Week": 0.0000000432607690862619,
  "Estimate24h_Week": 0.0000000592414174295676,
  "ErrorRatio": 0.928143825115801
}
