{
  "Live": 0.000000000000000006488202017,
  "Minute": 0.000000000000000006488202017,
  "Minute_Fluctuation": 0.0004838116349595164,
  "Minute_5": 0.0000000000000000064953385459,
  "Minute_5_Fluctuation": 0.0018320501252838321,
  "Minute_10": 0.0000000000000000064976302724,
  "Minute_10_Fluctuation": 0.0026251177741368568,
  "Hour": 0.0000000000000000064516780554,
  "Hour_Fluctuation": 0.007787569374354177,
  "Day": 0.0000000000000000064469762865,
  "Day_Fluctuation": 0.007730507984470138,
  "ThreeDay": 0.0000000000000000064469762865,
  "ThreeDay_Fluctuation": 0.0077305079844701375,
  "Week": 0.0000000000000000064469762865,
  "Week_Fluctuation": 0.007730507984470138,
  "Duration": "01:28:41.9766011",
  "Updated": "2021-01-27T12:39:11.9770754Z",
  "Failed": 0,
  "HashRate_Live": 0.0,
  "HashRate_Average": 0.0,
  "BlockRate_Live": 0.0,
  "BlockRate_Average": 0.0,
  "Actual24h_Week": 0.0,
  "Estimate24h_Week": 0.0,
  "ErrorRatio": 1.0
}
