{
  "Live": 0.00000000000212916876998215,
  "Minute": 0.00000000000212916876998215,
  "Minute_Fluctuation": 0.3013487517384972,
  "Minute_5": 0.00000000000229979962269328,
  "Minute_5_Fluctuation": 0.10007411815994448,
  "Minute_10": 0.0000000000022187941546943,
  "Minute_10_Fluctuation": 0.05873313513648329,
  "Hour": 0.00000000000210338954653349,
  "Hour_Fluctuation": 0.01907734949521779,
  "Day": 0.00000000000209477361959343,
  "Day_Fluctuation": 0.015784934859520063,
  "ThreeDay": 0.00000000000209477361959343,
  "ThreeDay_Fluctuation": 0.015784934859520063,
  "Week": 0.00000000000209477361959343,
  "Week_Fluctuation": 0.015784934859520063,
  "Duration": "01:28:41.9766011",
  "Updated": "2021-01-27T12:39:11.906781Z",
  "Failed": 0,
  "HashRate_Live": 0.0,
  "HashRate_Average": 0.0,
  "BlockRate_Live": 0.0,
  "BlockRate_Average": 0.0,
  "Actual24h_Week": 0.0,
  "Estimate24h_Week": 0.0,
  "ErrorRatio": 1.0
}
