{
  "Live": 0.0000000000000028112938070016,
  "Minute": 0.0000000000000028112938070016,
  "Minute_Fluctuation": 0.0034872480192512934,
  "Minute_5": 0.0000000000000030601178087211,
  "Minute_5_Fluctuation": 0.1568732811409921,
  "Minute_10": 0.0000000000000035095471403467,
  "Minute_10_Fluctuation": 0.1908636348340865,
  "Hour": 0.0000000000000042706207492767,
  "Hour_Fluctuation": 0.23226350941573345,
  "Day": 0.0000000000000043355939286481,
  "Day_Fluctuation": 0.23423272265945053,
  "ThreeDay": 0.0000000000000043355939286481,
  "ThreeDay_Fluctuation": 0.23423272265945053,
  "Week": 0.0000000000000043355939286481,
  "Week_Fluctuation": 0.23423272265945047,
  "Duration": "01:28:41.9766011",
  "Updated": "2021-01-27T12:39:11.9364959Z",
  "Failed": 0,
  "HashRate_Live": 0.0,
  "HashRate_Average": 0.0,
  "BlockRate_Live": 0.0,
  "BlockRate_Average": 0.0,
  "Actual24h_Week": 0.0,
  "Estimate24h_Week": 0.0,
  "ErrorRatio": 1.0
}
