{
  "Live": 0.00000000000161099311998735,
  "Minute": 0.00000000000161099311998735,
  "Minute_Fluctuation": 0.009602667268697775,
  "Minute_5": 0.00000000000164487035496222,
  "Minute_5_Fluctuation": 0.020241718456711008,
  "Minute_10": 0.00000000000167650126000702,
  "Minute_10_Fluctuation": 0.03417486305060265,
  "Hour": 0.00000000000179599707735276,
  "Hour_Fluctuation": 0.03385001534204608,
  "Day": 0.00000000000180685083637223,
  "Day_Fluctuation": 0.030211627450726426,
  "ThreeDay": 0.00000000000180685083637223,
  "ThreeDay_Fluctuation": 0.030211627450726423,
  "Week": 0.00000000000180685083637223,
  "Week_Fluctuation": 0.030211627450726426,
  "Duration": "01:28:41.9766011",
  "Updated": "2021-01-27T12:39:12.0275221Z",
  "Failed": 0,
  "HashRate_Live": 0.0,
  "HashRate_Average": 0.0,
  "BlockRate_Live": 0.0,
  "BlockRate_Average": 0.0,
  "Actual24h_Week": 0.0,
  "Estimate24h_Week": 0.0,
  "ErrorRatio": 1.0
}
