{
  "Live": 0.000000412109611996045,
  "Minute": 0.000000412109611996045,
  "Minute_Fluctuation": 0.0019064397573933434,
  "Minute_5": 0.000000412410384174328,
  "Minute_5_Fluctuation": 0.00181610997282521,
  "Minute_10": 0.000000413232902805043,
  "Minute_10_Fluctuation": 0.007953693667391052,
  "Hour": 0.000000420254826760605,
  "Hour_Fluctuation": 0.024722595684862365,
  "Day": 0.000000421002336972687,
  "Day_Fluctuation": 0.02504421251316276,
  "ThreeDay": 0.000000421002336972687,
  "ThreeDay_Fluctuation": 0.02504421251316276,
  "Week": 0.000000421002336972687,
  "Week_Fluctuation": 0.02504421251316276,
  "Duration": "01:28:41.9766011",
  "Updated": "2021-01-27T12:39:12.0150771Z",
  "Failed": 0,
  "HashRate_Live": 0.0,
  "HashRate_Average": 0.0,
  "BlockRate_Live": 0.0,
  "BlockRate_Average": 0.0,
  "Actual24h_Week": 0.0,
  "Estimate24h_Week": 0.0,
  "ErrorRatio": 1.0
}
