{
  "Live": 0.0000000000000008259729561385,
  "Minute": 0.0000000000000008259729561385,
  "Minute_Fluctuation": 0.0030530524747683792,
  "Minute_5": 0.000000000000000824769133407,
  "Minute_5_Fluctuation": 0.00223529918308445,
  "Minute_10": 0.0000000000000008241655504393,
  "Minute_10_Fluctuation": 0.002001971886406659,
  "Hour": 0.0000000000000008229478097319,
  "Hour_Fluctuation": 0.0017008476638150469,
  "Day": 0.0000000000000008228430112195,
  "Day_Fluctuation": 0.0016597976964111913,
  "ThreeDay": 0.0000000000000008228430112195,
  "ThreeDay_Fluctuation": 0.0016597976964111913,
  "Week": 0.0000000000000008228430112195,
  "Week_Fluctuation": 0.0016597976964111913,
  "Duration": "01:28:41.9766011",
  "Updated": "2021-01-27T12:39:11.8264755Z",
  "Failed": 0,
  "HashRate_Live": 0.0,
  "HashRate_Average": 0.0,
  "BlockRate_Live": 0.0,
  "BlockRate_Average": 0.0,
  "Actual24h_Week": 0.0,
  "Estimate24h_Week": 0.0,
  "ErrorRatio": 1.0
}
