{
  "Live": 0.0000000000000000603191145434,
  "Minute": 0.0000000000000000603191145434,
  "Minute_Fluctuation": 0.14802406535473087,
  "Minute_5": 0.0000000000000000693651566265,
  "Minute_5_Fluctuation": 0.10431245150431126,
  "Minute_10": 0.0000000000000000746188429123,
  "Minute_10_Fluctuation": 0.09143664679487129,
  "Hour": 0.0000000000000000817507141191,
  "Hour_Fluctuation": 0.027707987784311206,
  "Day": 0.0000000000000000822734430106,
  "Day_Fluctuation": 0.021740595459992212,
  "ThreeDay": 0.0000000000000000822734430106,
  "ThreeDay_Fluctuation": 0.021740595459992212,
  "Week": 0.0000000000000000822734430106,
  "Week_Fluctuation": 0.021740595459992212,
  "Duration": "01:28:41.9766011",
  "Updated": "2021-01-27T12:39:11.8353401Z",
  "Failed": 0,
  "HashRate_Live": 0.0,
  "HashRate_Average": 0.0,
  "BlockRate_Live": 0.0,
  "BlockRate_Average": 0.0,
  "Actual24h_Week": 0.0,
  "Estimate24h_Week": 0.0,
  "ErrorRatio": 1.0
}
