{
  "Live": 0.00000000000000037728639729,
  "Minute": 0.00000000000000037728639729,
  "Minute_Fluctuation": 0.0187090733490831,
  "Minute_5": 0.0000000000000003952229456527,
  "Minute_5_Fluctuation": 0.06708260494269185,
  "Minute_10": 0.0000000000000004066749594963,
  "Minute_10_Fluctuation": 0.07825758383473363,
  "Hour": 0.000000000000000434339420871,
  "Hour_Fluctuation": 0.07516705120746492,
  "Day": 0.0000000000000004365374186974,
  "Day_Fluctuation": 0.07340850632828819,
  "ThreeDay": 0.0000000000000004365374186974,
  "ThreeDay_Fluctuation": 0.07340850632828819,
  "Week": 0.0000000000000004365374186974,
  "Week_Fluctuation": 0.07340850632828819,
  "Duration": "01:28:41.9766011",
  "Updated": "2021-01-27T12:39:11.8865087Z",
  "Failed": 0,
  "HashRate_Live": 0.0,
  "HashRate_Average": 0.0,
  "BlockRate_Live": 0.0,
  "BlockRate_Average": 0.0,
  "Actual24h_Week": 0.0,
  "Estimate24h_Week": 0.0,
  "ErrorRatio": 1.0
}
