{
  "Live": 0.0000000000000054522820993123,
  "Minute": 0.0000000000000054522820993123,
  "Minute_Fluctuation": 0.0005917680133970119,
  "Minute_5": 0.0000000000000053686063419847,
  "Minute_5_Fluctuation": 0.024664303850480122,
  "Minute_10": 0.0000000000000052775115220174,
  "Minute_10_Fluctuation": 0.02470322675337109,
  "Hour": 0.0000000000000051423966757247,
  "Hour_Fluctuation": 0.010222995659670624,
  "Day": 0.0000000000000051322794648108,
  "Day_Fluctuation": 0.008621408685329663,
  "ThreeDay": 0.0000000000000051322794648108,
  "ThreeDay_Fluctuation": 0.008621408685329663,
  "Week": 0.0000000000000051322794648108,
  "Week_Fluctuation": 0.008621408685329663,
  "Duration": "01:28:41.9766011",
  "Updated": "2021-01-27T12:39:11.7954409Z",
  "Failed": 0,
  "HashRate_Live": 0.0,
  "HashRate_Average": 0.0,
  "BlockRate_Live": 0.0,
  "BlockRate_Average": 0.0,
  "Actual24h_Week": 0.0,
  "Estimate24h_Week": 0.0,
  "ErrorRatio": 1.0
}
