{
  "Live": 0.00011587143025984,
  "Minute": 0.00011587143025984,
  "Minute_Fluctuation": 0.031659741811979704,
  "Minute_5": 0.000117425733964385,
  "Minute_5_Fluctuation": 0.013199764074580483,
  "Minute_10": 0.000117384465987781,
  "Minute_10_Fluctuation": 0.009443875336537861,
  "Hour": 0.00011830449478995,
  "Hour_Fluctuation": 0.01342319601750386,
  "Day": 0.000118396941966105,
  "Day_Fluctuation": 0.013549772952538978,
  "ThreeDay": 0.000118396941966105,
  "ThreeDay_Fluctuation": 0.013549772952538978,
  "Week": 0.000118396941966105,
  "Week_Fluctuation": 0.013549772952538978,
  "Duration": "01:28:41.9766011",
  "Updated": "2021-01-27T12:39:11.8575258Z",
  "Failed": 0,
  "HashRate_Live": 0.0,
  "HashRate_Average": 0.0,
  "BlockRate_Live": 0.0,
  "BlockRate_Average": 0.0,
  "Actual24h_Week": 0.0,
  "Estimate24h_Week": 0.0,
  "ErrorRatio": 1.0
}
