{
  "Live": 0.0000000000000017675573183968,
  "Minute": 0.0000000000000017675573183968,
  "Minute_Fluctuation": 0.012764120510684122,
  "Minute_5": 0.0000000000000018284873284803,
  "Minute_5_Fluctuation": 0.037091889563821714,
  "Minute_10": 0.000000000000001880419340452,
  "Minute_10_Fluctuation": 0.05791587594027458,
  "Hour": 0.0000000000000017714493646011,
  "Hour_Fluctuation": 0.13470258069685814,
  "Day": 0.0000000000000017605133659801,
  "Day_Fluctuation": 0.14078604350100588,
  "ThreeDay": 0.0000000000000017605133659801,
  "ThreeDay_Fluctuation": 0.1407860435010059,
  "Week": 0.0000000000000017605133659801,
  "Week_Fluctuation": 0.14078604350100588,
  "Duration": "01:28:41.9766011",
  "Updated": "2021-01-27T12:39:11.9274695Z",
  "Failed": 0,
  "HashRate_Live": 0.0,
  "HashRate_Average": 0.0,
  "BlockRate_Live": 0.0,
  "BlockRate_Average": 0.0,
  "Actual24h_Week": 0.0,
  "Estimate24h_Week": 0.0,
  "ErrorRatio": 1.0
}
