{
  "Live": 0.0000000000121395471258187,
  "Minute": 0.0000000000121395471258187,
  "Minute_Fluctuation": 0.014620229994946235,
  "Minute_5": 0.0000000000115270710918824,
  "Minute_5_Fluctuation": 0.06296794758356511,
  "Minute_10": 0.0000000000111726424051622,
  "Minute_10_Fluctuation": 0.07072504792330758,
  "Hour": 0.0000000000110575250713514,
  "Hour_Fluctuation": 0.07665940247036238,
  "Day": 0.0000000000110570621778704,
  "Day_Fluctuation": 0.07785056692740087,
  "ThreeDay": 0.0000000000110570621778704,
  "ThreeDay_Fluctuation": 0.07785056692740087,
  "Week": 0.0000000000110570621778704,
  "Week_Fluctuation": 0.07785056692740087,
  "Duration": "01:28:41.9766011",
  "Updated": "2021-01-27T12:39:12.006409Z",
  "Failed": 0,
  "HashRate_Live": 0.0,
  "HashRate_Average": 0.0,
  "BlockRate_Live": 0.0,
  "BlockRate_Average": 0.0,
  "Actual24h_Week": 0.0,
  "Estimate24h_Week": 0.0,
  "ErrorRatio": 1.0
}
