{
  "Live": 0.000000000000106008303575984,
  "Minute": 0.000000000000106008303575984,
  "Minute_Fluctuation": 0.0027823704754224034,
  "Minute_5": 0.00000000000010627459070233,
  "Minute_5_Fluctuation": 0.005592870962205943,
  "Minute_10": 0.000000000000106396908637954,
  "Minute_10_Fluctuation": 0.007338553875112974,
  "Hour": 0.000000000000106468292044019,
  "Hour_Fluctuation": 0.011079883255121896,
  "Day": 0.000000000000106461284329815,
  "Day_Fluctuation": 0.011383743017546414,
  "ThreeDay": 0.000000000000106461284329815,
  "ThreeDay_Fluctuation": 0.011383743017546414,
  "Week": 0.000000000000106461284329815,
  "Week_Fluctuation": 0.011383743017546414,
  "Duration": "01:28:41.9766011",
  "Updated": "2021-01-27T12:39:12.0665864Z",
  "Failed": 0,
  "HashRate_Live": 0.0,
  "HashRate_Average": 0.0,
  "BlockRate_Live": 0.0,
  "BlockRate_Average": 0.0,
  "Actual24h_Week": 0.0,
  "Estimate24h_Week": 0.0,
  "ErrorRatio": 1.0
}
