{
  "Live": 0.0000000037316456989988,
  "Minute": 0.0000000037316456989988,
  "Minute_Fluctuation": 0.0008772178697083063,
  "Minute_5": 0.00000000372461097449828,
  "Minute_5_Fluctuation": 0.002126508025636908,
  "Minute_10": 0.00000000372307287274534,
  "Minute_10_Fluctuation": 0.002042705553933617,
  "Hour": 0.00000000372519226145444,
  "Hour_Fluctuation": 0.0019686929531397947,
  "Day": 0.00000000372544332500179,
  "Day_Fluctuation": 0.001955315027964382,
  "ThreeDay": 0.00000000372544332500179,
  "ThreeDay_Fluctuation": 0.0019553150279643826,
  "Week": 0.00000000372544332500179,
  "Week_Fluctuation": 0.001955315027964382,
  "Duration": "01:28:41.9766011",
  "Updated": "2021-01-27T12:39:11.7868678Z",
  "Failed": 0,
  "HashRate_Live": 0.0,
  "HashRate_Average": 0.0,
  "BlockRate_Live": 0.0,
  "BlockRate_Average": 0.0,
  "Actual24h_Week": 0.0,
  "Estimate24h_Week": 0.0,
  "ErrorRatio": 1.0
}
