{
  "Live": 0.0000000000000000065714297152,
  "Minute": 0.0000000000000000065714297152,
  "Minute_Fluctuation": 0.005262708291168909,
  "Minute_5": 0.000000000000000006588026211,
  "Minute_5_Fluctuation": 0.0026974162668590537,
  "Minute_10": 0.00000000000000000659738896,
  "Minute_10_Fluctuation": 0.003183142889472627,
  "Hour": 0.0000000000000000066001610812,
  "Hour_Fluctuation": 0.004044746358454003,
  "Day": 0.0000000000000000066002208718,
  "Day_Fluctuation": 0.004187367640889307,
  "ThreeDay": 0.0000000000000000066002208718,
  "ThreeDay_Fluctuation": 0.004187367640889307,
  "Week": 0.0000000000000000066002208718,
  "Week_Fluctuation": 0.004187367640889308,
  "Duration": "01:28:41.9766011",
  "Updated": "2021-01-27T12:39:11.7777513Z",
  "Failed": 0,
  "HashRate_Live": 0.0,
  "HashRate_Average": 0.0,
  "BlockRate_Live": 0.0,
  "BlockRate_Average": 0.0,
  "Actual24h_Week": 0.0,
  "Estimate24h_Week": 0.0,
  "ErrorRatio": 1.0
}
