{
  "Live": 0.0000000000000000999997491422,
  "Minute": 0.0000000000000000999997491422,
  "Minute_Fluctuation": 2.277696274490003E-07,
  "Minute_5": 0.0000000000000000999997670286,
  "Minute_5_Fluctuation": 6.849771355188047E-08,
  "Minute_10": 0.0000000000000000999997494558,
  "Minute_10_Fluctuation": 1.1803182902305512E-06,
  "Hour": 0.000000000000000099999522866,
  "Hour_Fluctuation": 4.670400681672814E-06,
  "Day": 0.0000000000000000999995082959,
  "Day_Fluctuation": 4.793926572234638E-06,
  "ThreeDay": 0.0000000000000000999995082959,
  "ThreeDay_Fluctuation": 4.793926572234638E-06,
  "Week": 0.0000000000000000999995082959,
  "Week_Fluctuation": 4.793926572234638E-06,
  "Duration": "01:22:59.2406665",
  "Updated": "2021-01-27T12:39:11.8451867Z",
  "Failed": 0,
  "HashRate_Live": 0.0,
  "HashRate_Average": 0.0,
  "BlockRate_Live": 0.0,
  "BlockRate_Average": 0.0,
  "Actual24h_Week": 0.0,
  "Estimate24h_Week": 0.0,
  "ErrorRatio": 1.0
}
