{
  "Live": 0.00000149124700925242,
  "Minute": 0.00000149124700925242,
  "Minute_Fluctuation": 0.0011593666273199202,
  "Minute_5": 0.00000150774780231457,
  "Minute_5_Fluctuation": 0.0097008109896501,
  "Minute_10": 0.00000151478295983526,
  "Minute_10_Fluctuation": 0.007632018583654272,
  "Hour": 0.00000151431794169667,
  "Hour_Fluctuation": 0.008672097391918864,
  "Day": 0.00000151413871967055,
  "Day_Fluctuation": 0.00872478770581422,
  "ThreeDay": 0.00000151413871967055,
  "ThreeDay_Fluctuation": 0.00872478770581422,
  "Week": 0.00000151413871967055,
  "Week_Fluctuation": 0.00872478770581422,
  "Duration": "01:28:41.9766011",
  "Updated": "2021-01-27T12:39:11.764697Z",
  "Failed": 0,
  "HashRate_Live": 0.0,
  "HashRate_Average": 0.0,
  "BlockRate_Live": 0.0,
  "BlockRate_Average": 0.0,
  "Actual24h_Week": 0.0,
  "Estimate24h_Week": 0.0,
  "ErrorRatio": 1.0
}
