{
  "Live": 0.000000000000186362903022424,
  "Minute": 0.000000000000186362903022424,
  "Minute_Fluctuation": 0.007521907380746151,
  "Minute_5": 0.000000000000184209383950173,
  "Minute_5_Fluctuation": 0.009934897647048448,
  "Minute_10": 0.0000000000001842857962487,
  "Minute_10_Fluctuation": 0.006343188226136001,
  "Hour": 0.000000000000184248952047105,
  "Hour_Fluctuation": 0.006503766031713837,
  "Day": 0.000000000000184241987324073,
  "Day_Fluctuation": 0.006574274025308175,
  "ThreeDay": 0.000000000000184241987324073,
  "ThreeDay_Fluctuation": 0.006574274025308175,
  "Week": 0.000000000000184241987324073,
  "Week_Fluctuation": 0.006574274025308175,
  "Duration": "01:28:41.9766011",
  "Updated": "2021-01-27T12:39:11.9653419Z",
  "Failed": 0,
  "HashRate_Live": 0.0,
  "HashRate_Average": 0.0,
  "BlockRate_Live": 0.0,
  "BlockRate_Average": 0.0,
  "Actual24h_Week": 0.0,
  "Estimate24h_Week": 0.0,
  "ErrorRatio": 1.0
}
