{
  "Live": 0.0000000000000014018752232646,
  "Minute": 0.0000000000000014018752232646,
  "Minute_Fluctuation": 0.015286014054992981,
  "Minute_5": 0.0000000000000013914859118349,
  "Minute_5_Fluctuation": 0.01758526002227057,
  "Minute_10": 0.0000000000000014155668857566,
  "Minute_10_Fluctuation": 0.049132415995525494,
  "Hour": 0.0000000000000015364599918996,
  "Hour_Fluctuation": 0.10791303913307593,
  "Day": 0.0000000000000015482241256559,
  "Day_Fluctuation": 0.10932279373906002,
  "ThreeDay": 0.0000000000000015482241256559,
  "ThreeDay_Fluctuation": 0.10932279373906004,
  "Week": 0.0000000000000015482241256559,
  "Week_Fluctuation": 0.10932279373906004,
  "Duration": "01:28:41.9766011",
  "Updated": "2021-01-27T12:39:11.8154835Z",
  "Failed": 0,
  "HashRate_Live": 0.0,
  "HashRate_Average": 0.0,
  "BlockRate_Live": 0.0,
  "BlockRate_Average": 0.0,
  "Actual24h_Week": 0.0,
  "Estimate24h_Week": 0.0,
  "ErrorRatio": 1.0
}
