{
  "Live": 0.00000522772903409634,
  "Minute": 0.00000522772903409634,
  "Minute_Fluctuation": 0.00012386942463157944,
  "Minute_5": 0.00000521172040279831,
  "Minute_5_Fluctuation": 0.008026545198812667,
  "Minute_10": 0.00000516978845726745,
  "Minute_10_Fluctuation": 0.017128496748921945,
  "Hour": 0.00000507214056809645,
  "Hour_Fluctuation": 0.028368893990403633,
  "Day": 0.00000506306781563815,
  "Day_Fluctuation": 0.028601818066139803,
  "ThreeDay": 0.00000506306781563815,
  "ThreeDay_Fluctuation": 0.028601818066139803,
  "Week": 0.00000506306781563815,
  "Week_Fluctuation": 0.028601818066139803,
  "Duration": "01:28:41.9766011",
  "Updated": "2021-01-27T12:39:12.0579281Z",
  "Failed": 0,
  "HashRate_Live": 0.0,
  "HashRate_Average": 0.0,
  "BlockRate_Live": 0.0,
  "BlockRate_Average": 0.0,
  "Actual24h_Week": 0.0,
  "Estimate24h_Week": 0.0,
  "ErrorRatio": 1.0
}
