{
  "Live": 0.000000000998953888179971,
  "Minute": 0.000000000998953888179971,
  "Minute_Fluctuation": 0.008177231149641457,
  "Minute_5": 0.00000000103542985613913,
  "Minute_5_Fluctuation": 0.07907704718965042,
  "Minute_10": 0.00000000109166012109047,
  "Minute_10_Fluctuation": 0.1208617242125339,
  "Hour": 0.00000000116695510799942,
  "Hour_Fluctuation": 0.08988427196216653,
  "Day": 0.00000000117147007210929,
  "Day_Fluctuation": 0.08542873784991704,
  "ThreeDay": 0.00000000117147007210929,
  "ThreeDay_Fluctuation": 0.08542873784991704,
  "Week": 0.00000000117147007210929,
  "Week_Fluctuation": 0.08542873784991704,
  "Duration": "01:28:41.9766011",
  "Updated": "2021-01-27T12:39:11.9156378Z",
  "Failed": 0,
  "HashRate_Live": 0.0,
  "HashRate_Average": 0.0,
  "BlockRate_Live": 0.0,
  "BlockRate_Average": 0.0,
  "Actual24h_Week": 0.0,
  "Estimate24h_Week": 0.0,
  "ErrorRatio": 1.0
}
