{
  "Live": 0.0000000000000000999994575977,
  "Minute": 0.0000000000000000999994575977,
  "Minute_Fluctuation": 8.775906843753019E-06,
  "Minute_5": 0.0000000000000000999994638728,
  "Minute_5_Fluctuation": 8.587672552928191E-06,
  "Minute_10": 0.0000000000000000999992634379,
  "Minute_10_Fluctuation": 1.0006951567738228E-05,
  "Hour": 0.0000000000000000999992310734,
  "Hour_Fluctuation": 6.946923958211539E-06,
  "Day": 0.0000000000000000999992399675,
  "Day_Fluctuation": 6.644613991158892E-06,
  "ThreeDay": 0.0000000000000000999992399675,
  "ThreeDay_Fluctuation": 6.644613991158892E-06,
  "Week": 0.0000000000000000999992399675,
  "Week_Fluctuation": 6.644613991158892E-06,
  "Duration": "01:28:41.9766011",
  "Updated": "2021-01-27T12:39:11.9855916Z",
  "Failed": 0,
  "HashRate_Live": 0.0,
  "HashRate_Average": 0.0,
  "BlockRate_Live": 0.0,
  "BlockRate_Average": 0.0,
  "Actual24h_Week": 0.0,
  "Estimate24h_Week": 0.0,
  "ErrorRatio": 1.0
}
