{
  "Live": 0.0000000000000000300514415982,
  "Minute": 0.0000000000000000300514415982,
  "Minute_Fluctuation": 0.6994857563344795,
  "Minute_5": 0.0000000000000000506124520568,
  "Minute_5_Fluctuation": 0.6108863979843191,
  "Minute_10": 0.0000000000000000420618226313,
  "Minute_10_Fluctuation": 0.4263835472865313,
  "Hour": 0.0000000000000000281344511075,
  "Hour_Fluctuation": 0.5028831068812322,
  "Day": 0.0000000000000000270731470046,
  "Day_Fluctuation": 0.4994872900090986,
  "ThreeDay": 0.0000000000000000270731470046,
  "ThreeDay_Fluctuation": 0.4994872900090986,
  "Week": 0.0000000000000000270731470046,
  "Week_Fluctuation": 0.4994872900090986,
  "Duration": "01:28:41.9766011",
  "Updated": "2021-01-27T12:39:11.8947982Z",
  "Failed": 0,
  "HashRate_Live": 0.0,
  "HashRate_Average": 0.0,
  "BlockRate_Live": 0.0,
  "BlockRate_Average": 0.0,
  "Actual24h_Week": 0.0,
  "Estimate24h_Week": 0.0,
  "ErrorRatio": 1.0
}
