{
  "Live": 0.0000436589213845186,
  "Minute": 0.0000436589213845186,
  "Minute_Fluctuation": 0.030700821642249198,
  "Minute_5": 0.0000442484071848578,
  "Minute_5_Fluctuation": 0.015208258765546736,
  "Minute_10": 0.0000444003799699986,
  "Minute_10_Fluctuation": 0.024263531176999788,
  "Hour": 0.0000456587235469946,
  "Hour_Fluctuation": 0.04849197493066143,
  "Day": 0.000045797652086972,
  "Day_Fluctuation": 0.049671506007211916,
  "ThreeDay": 0.000045797652086972,
  "ThreeDay_Fluctuation": 0.049671506007211916,
  "Week": 0.000045797652086972,
  "Week_Fluctuation": 0.049671506007211916,
  "Duration": "01:28:41.9766011",
  "Updated": "2021-01-27T12:39:11.9568327Z",
  "Failed": 0,
  "HashRate_Live": 0.0,
  "HashRate_Average": 0.0,
  "BlockRate_Live": 0.0,
  "BlockRate_Average": 0.0,
  "Actual24h_Week": 0.0,
  "Estimate24h_Week": 0.0,
  "ErrorRatio": 1.0
}
