{
  "Live": 0.00000000197545536423893,
  "Minute": 0.00000000197545536423893,
  "Minute_Fluctuation": 0.0018207546401003733,
  "Minute_5": 0.00000000197521410527862,
  "Minute_5_Fluctuation": 0.003246620909505209,
  "Minute_10": 0.00000000198158166877525,
  "Minute_10_Fluctuation": 0.007597948049617622,
  "Hour": 0.00000000199681164254164,
  "Hour_Fluctuation": 0.007490774631239729,
  "Day": 0.0000000019982906644658,
  "Day_Fluctuation": 0.007212023541063154,
  "ThreeDay": 0.0000000019982906644658,
  "ThreeDay_Fluctuation": 0.007212023541063155,
  "Week": 0.0000000019982906644658,
  "Week_Fluctuation": 0.007212023541063154,
  "Duration": "01:28:41.9766011",
  "Updated": "2021-01-27T12:39:11.8777561Z",
  "Failed": 0,
  "HashRate_Live": 0.0,
  "HashRate_Average": 0.0,
  "BlockRate_Live": 0.0,
  "BlockRate_Average": 0.0,
  "Actual24h_Week": 0.0,
  "Estimate24h_Week": 0.0,
  "ErrorRatio": 1.0
}
