{
  "Live": 0.00000000000057851723648632,
  "Minute": 0.00000000000057851723648632,
  "Minute_Fluctuation": 0.12146869717307837,
  "Minute_5": 0.000000000000636601749913609,
  "Minute_5_Fluctuation": 0.09316852867232592,
  "Minute_10": 0.000000000000633554361414837,
  "Minute_10_Fluctuation": 0.110524139993306,
  "Hour": 0.000000000000598744705752789,
  "Hour_Fluctuation": 0.1757085450816535,
  "Day": 0.000000000000595442542892322,
  "Day_Fluctuation": 0.1800022669397077,
  "ThreeDay": 0.000000000000595442542892322,
  "ThreeDay_Fluctuation": 0.18000226693970767,
  "Week": 0.000000000000595442542892322,
  "Week_Fluctuation": 0.1800022669397077,
  "Duration": "01:28:41.9766011",
  "Updated": "2021-01-27T12:39:11.7514914Z",
  "Failed": 0,
  "HashRate_Live": 0.0,
  "HashRate_Average": 0.0,
  "BlockRate_Live": 0.0,
  "BlockRate_Average": 0.0,
  "Actual24h_Week": 0.0,
  "Estimate24h_Week": 0.0,
  "ErrorRatio": 1.0
}
