{
  "Live": 0.0000000000000000058485725313,
  "Minute": 0.0000000000000000058485725313,
  "Minute_Fluctuation": 0.03858444862404098,
  "Minute_5": 0.0000000000000000058646945469,
  "Minute_5_Fluctuation": 0.028441514768275,
  "Minute_10": 0.0000000000000000059045549528,
  "Minute_10_Fluctuation": 0.03241628398355197,
  "Hour": 0.0000000000000000059510672963,
  "Hour_Fluctuation": 0.04177871890336747,
  "Day": 0.000000000000000005953700306,
  "Day_Fluctuation": 0.043047363223794356,
  "ThreeDay": 0.000000000000000005953700306,
  "ThreeDay_Fluctuation": 0.043047363223794356,
  "Week": 0.000000000000000005953700306,
  "Week_Fluctuation": 0.04304736322379434,
  "Duration": "01:28:41.9766011",
  "Updated": "2021-01-27T12:39:11.9977812Z",
  "Failed": 0,
  "HashRate_Live": 0.0,
  "HashRate_Average": 0.0,
  "BlockRate_Live": 0.0,
  "BlockRate_Average": 0.0,
  "Actual24h_Week": 0.0,
  "Estimate24h_Week": 0.0,
  "ErrorRatio": 1.0
}
