{
  "Live": 0.0000000000000263509405265792,
  "Minute": 0.0000000000000263509405265792,
  "Minute_Fluctuation": 0.003178287536097563,
  "Minute_5": 0.0000000000000263330716400007,
  "Minute_5_Fluctuation": 0.0013545088657447616,
  "Minute_10": 0.0000000000000263184803969044,
  "Minute_10_Fluctuation": 0.0013303132661965534,
  "Hour": 0.000000000000026066622394538,
  "Hour_Fluctuation": 0.011303464938790805,
  "Day": 0.0000000000000260439906834572,
  "Day_Fluctuation": 0.01139147860833777,
  "ThreeDay": 0.0000000000000260439906834572,
  "ThreeDay_Fluctuation": 0.01139147860833777,
  "Week": 0.0000000000000260439906834572,
  "Week_Fluctuation": 0.01139147860833777,
  "Duration": "01:28:41.9766011",
  "Updated": "2021-01-27T12:39:11.8075083Z",
  "Failed": 0,
  "HashRate_Live": 0.0,
  "HashRate_Average": 0.0,
  "BlockRate_Live": 0.0,
  "BlockRate_Average": 0.0,
  "Actual24h_Week": 0.0,
  "Estimate24h_Week": 0.0,
  "ErrorRatio": 1.0
}
