{
  "Live": 0.0000000000000003000036125847,
  "Minute": 0.0000000000000003000036125847,
  "Minute_Fluctuation": 3.4371259768738957E-07,
  "Minute_5": 0.0000000000000003001498954956,
  "Minute_5_Fluctuation": 0.003069490959324482,
  "Minute_10": 0.0000000000000003019013235105,
  "Minute_10_Fluctuation": 0.022945879629094543,
  "Hour": 0.0000000000000003175995517743,
  "Hour_Fluctuation": 0.0810890623581226,
  "Day": 0.0000000000000003190796926393,
  "Day_Fluctuation": 0.08317629674905644,
  "ThreeDay": 0.0000000000000003190796926393,
  "ThreeDay_Fluctuation": 0.08317629674905644,
  "Week": 0.0000000000000003190796926393,
  "Week_Fluctuation": 0.08317629674905644,
  "Duration": "01:28:41.9766011",
  "Updated": "2021-01-27T12:39:12.0360313Z",
  "Failed": 0,
  "HashRate_Live": 0.0,
  "HashRate_Average": 0.0,
  "BlockRate_Live": 0.0,
  "BlockRate_Average": 0.0,
  "Actual24h_Week": 0.0,
  "Estimate24h_Week": 0.0,
  "ErrorRatio": 1.0
}
