{
  "Live": 0.0000000000000052489404309571,
  "Minute": 0.0000000000000052489404309571,
  "Minute_Fluctuation": 0.021724618539666493,
  "Minute_5": 0.0000000000000053226498572225,
  "Minute_5_Fluctuation": 0.01176802334607105,
  "Minute_10": 0.0000000000000053786326357587,
  "Minute_10_Fluctuation": 0.03915539557758283,
  "Hour": 0.0000000000000077070943863164,
  "Hour_Fluctuation": 0.23789226176591619,
  "Day": 0.0000000000000079197349150886,
  "Day_Fluctuation": 0.23049067221238184,
  "ThreeDay": 0.0000000000000079197349150886,
  "ThreeDay_Fluctuation": 0.23049067221238184,
  "Week": 0.0000000000000079197349150886,
  "Week_Fluctuation": 0.23049067221238184,
  "Duration": "01:28:41.9766011",
  "Updated": "2021-01-27T12:39:11.8661394Z",
  "Failed": 0,
  "HashRate_Live": 0.0,
  "HashRate_Average": 0.0,
  "BlockRate_Live": 0.0,
  "BlockRate_Average": 0.0,
  "Actual24h_Week": 0.0,
  "Estimate24h_Week": 0.0,
  "ErrorRatio": 1.0
}
