{
  "Live": 0.00000000000195257636183116,
  "Minute": 0.00000000000195257636183116,
  "Minute_Fluctuation": 0.08887223165751928,
  "Minute_5": 0.00000000000187779097585025,
  "Minute_5_Fluctuation": 0.04408885316576681,
  "Minute_10": 0.00000000000184174190376253,
  "Minute_10_Fluctuation": 0.030782338229788053,
  "Hour": 0.00000000000179090472179255,
  "Hour_Fluctuation": 0.012017570757527775,
  "Day": 0.00000000000178706087043728,
  "Day_Fluctuation": 0.010467590849243527,
  "ThreeDay": 0.00000000000178706087043728,
  "ThreeDay_Fluctuation": 0.010467590849243529,
  "Week": 0.00000000000178706087043728,
  "Week_Fluctuation": 0.010467590849243527,
  "Duration": "01:28:41.9766011",
  "Updated": "2021-01-27T12:39:11.9484251Z",
  "Failed": 0,
  "HashRate_Live": 0.0,
  "HashRate_Average": 0.0,
  "BlockRate_Live": 0.0,
  "BlockRate_Average": 0.0,
  "Actual24h_Week": 0.0,
  "Estimate24h_Week": 0.0,
  "ErrorRatio": 1.0
}
