{
  "Live": 0.00000000813745,
  "Minute": 0.00000000813745,
  "Minute_Fluctuation": 0.0,
  "Minute_5": 0.00000000809968045415114,
  "Minute_5_Fluctuation": 0.00692882275058661,
  "Minute_10": 0.00000000805014873957052,
  "Minute_10_Fluctuation": 0.016120282849433183,
  "Hour": 0.0000000090106309308648,
  "Hour_Fluctuation": 0.18182707812181823,
  "Day": 0.0000000134494639625939,
  "Day_Fluctuation": 0.027224027550763665,
  "ThreeDay": 0.0000000134595929372643,
  "ThreeDay_Fluctuation": 0.02651938834882426,
  "Week": 0.0000000134595929372643,
  "Week_Fluctuation": 0.026519388348824266,
  "Duration": "1.01:27:41.9766011",
  "Updated": "2021-01-27T12:37:07.8520251Z",
  "Failed": 0,
  "HashRate_Live": 2815.0,
  "HashRate_Average": 3276.428467124166,
  "BlockRate_Live": 6.0,
  "BlockRate_Average": 6.0,
  "Actual24h_Week": 0.000827518393995329,
  "Estimate24h_Week": 0.000509715241332126,
  "ErrorRatio": 1.06090250695718
}
