{
  "Live": 0.00000000000009181,
  "Minute": 0.00000000000009181,
  "Minute_Fluctuation": 0.0,
  "Minute_5": 0.0000000000000921484326808585,
  "Minute_5_Fluctuation": 0.014154921490466852,
  "Minute_10": 0.0000000000000928700322782306,
  "Minute_10_Fluctuation": 0.029274869647896398,
  "Hour": 0.0000000000000954787246332421,
  "Hour_Fluctuation": 0.05349497242916985,
  "Day": 0.0000000000000956558261933198,
  "Day_Fluctuation": 0.054159805167738044,
  "ThreeDay": 0.0000000000000956558261933198,
  "ThreeDay_Fluctuation": 0.054159805167738044,
  "Week": 0.0000000000000956558261933198,
  "Week_Fluctuation": 0.054159805167738044,
  "Duration": "01:23:48.5435650",
  "Updated": "2021-01-27T12:35:03.8275746Z",
  "Failed": 0,
  "HashRate_Live": 0.0,
  "HashRate_Average": 0.0,
  "BlockRate_Live": 0.0,
  "BlockRate_Average": 0.0,
  "Actual24h_Week": 0.0,
  "Estimate24h_Week": 0.0000988213028759758,
  "ErrorRatio": 0.983440347464336
}
