{
  "Live": 0.00000000000089,
  "Minute": 0.00000000000089,
  "Minute_Fluctuation": 0.0,
  "Minute_5": 0.000000000000889911870243266,
  "Minute_5_Fluctuation": 0.0016607386364022834,
  "Minute_10": 0.000000000000892579855309261,
  "Minute_10_Fluctuation": 0.011977744200663375,
  "Hour": 0.000000000000872844954678336,
  "Hour_Fluctuation": 0.0987543431428977,
  "Day": 0.000000000000688643085418691,
  "Day_Fluctuation": 0.02365346374878353,
  "ThreeDay": 0.000000000000688233062107884,
  "ThreeDay_Fluctuation": 0.023100438745056337,
  "Week": 0.000000000000688233062107884,
  "Week_Fluctuation": 0.023100438745056337,
  "Duration": "1.01:27:41.9766011",
  "Updated": "2021-01-27T12:37:07.8382176Z",
  "Failed": 0,
  "HashRate_Live": 863345707.0,
  "HashRate_Average": 1096334777.432665,
  "BlockRate_Live": 1051.0,
  "BlockRate_Average": 1046.88720029092,
  "Actual24h_Week": 0.0000000406551037423018,
  "Estimate24h_Week": 0.0000000454740197979566,
  "ErrorRatio": 0.970312789262988
}
