{
  "Live": 0.00000000000004,
  "Minute": 0.00000000000004,
  "Minute_Fluctuation": 0.0,
  "Minute_5": 0.00000000000004,
  "Minute_5_Fluctuation": 0.0,
  "Minute_10": 0.00000000000004,
  "Minute_10_Fluctuation": 0.0,
  "Hour": 0.00000000000004,
  "Hour_Fluctuation": 0.0,
  "Day": 0.00000000000004,
  "Day_Fluctuation": 0.0,
  "ThreeDay": 0.00000000000004,
  "ThreeDay_Fluctuation": 0.0,
  "Week": 0.00000000000004,
  "Week_Fluctuation": 0.0,
  "Duration": "01:23:48.5435650",
  "Updated": "2021-01-27T11:16:40.1992336Z",
  "Failed": 0,
  "HashRate_Live": 0.0,
  "HashRate_Average": 0.0,
  "BlockRate_Live": 0.0,
  "BlockRate_Average": 0.0,
  "Actual24h_Week": 0.0,
  "Estimate24h_Week": 0.0000000211297503430515,
  "ErrorRatio": 0.983440347464336
}
