{
  "Live": 0.00000000054,
  "Minute": 0.00000000054,
  "Minute_Fluctuation": 0.0,
  "Minute_5": 0.000000000542377427741412,
  "Minute_5_Fluctuation": 0.007940558594743553,
  "Minute_10": 0.000000000546909042190556,
  "Minute_10_Fluctuation": 0.01882407378333647,
  "Hour": 0.000000000575722171511049,
  "Hour_Fluctuation": 0.03221345651785823,
  "Day": 0.000000000604105300946735,
  "Day_Fluctuation": 0.0030690910995236392,
  "ThreeDay": 0.000000000604176535455713,
  "ThreeDay_Fluctuation": 0.0029554636967659004,
  "Week": 0.000000000604176535455713,
  "Week_Fluctuation": 0.002955463696765901,
  "Duration": "1.01:27:41.9766011",
  "Updated": "2021-01-27T12:37:07.769254Z",
  "Failed": 0,
  "HashRate_Live": 490.094666,
  "HashRate_Average": 509.0523185398206,
  "BlockRate_Live": 3.0,
  "BlockRate_Average": 3.0,
  "Actual24h_Week": 0.0000000678513067119702,
  "Estimate24h_Week": 0.000115301896745193,
  "ErrorRatio": 0.720019530266668
}
