{
  "Live": 0.0000000020861,
  "Minute": 0.0000000020861,
  "Minute_Fluctuation": 0.0,
  "Minute_5": 0.00000000181989164440766,
  "Minute_5_Fluctuation": 0.15268186880098816,
  "Minute_10": 0.0000000016649245154082,
  "Minute_10_Fluctuation": 0.1555517582841451,
  "Hour": 0.00000000185694005585465,
  "Hour_Fluctuation": 0.16523008442825218,
  "Day": 0.00000000225801330986971,
  "Day_Fluctuation": 0.013683486779841787,
  "ThreeDay": 0.00000000225906434282591,
  "ThreeDay_Fluctuation": 0.01320907400406724,
  "Week": 0.00000000225906434282591,
  "Week_Fluctuation": 0.01320907400406724,
  "Duration": "1.01:27:41.9766011",
  "Updated": "2021-01-27T12:37:07.8668481Z",
  "Failed": 0,
  "HashRate_Live": 2888.0,
  "HashRate_Average": 3231.5467654657023,
  "BlockRate_Live": 14.0,
  "BlockRate_Average": 14.156857545100829,
  "Actual24h_Week": 0.000154381894937582,
  "Estimate24h_Week": 0.000105653037881397,
  "ErrorRatio": 1.06090250695718
}
