{
  "Live": 0.000000001032,
  "Minute": 0.000000001032,
  "Minute_Fluctuation": 0.0,
  "Minute_5": 0.00000000103230555214484,
  "Minute_5_Fluctuation": 0.0018561171495760972,
  "Minute_10": 0.0000000010363065517894,
  "Minute_10_Fluctuation": 0.012721556466469757,
  "Hour": 0.00000000105265532561426,
  "Hour_Fluctuation": 0.015931598884805158,
  "Day": 0.00000000106143922621313,
  "Day_Fluctuation": 0.0011284444089576509,
  "ThreeDay": 0.00000000106146083222199,
  "ThreeDay_Fluctuation": 0.0010863814845126043,
  "Week": 0.00000000106146083222199,
  "Week_Fluctuation": 0.001086381484512604,
  "Duration": "1.01:27:41.9766011",
  "Updated": "2021-01-27T12:37:07.7885412Z",
  "Failed": 0,
  "HashRate_Live": 515.366656,
  "HashRate_Average": 387.90335431998403,
  "BlockRate_Live": 186.0,
  "BlockRate_Average": 190.3765297389461,
  "Actual24h_Week": 0.000000124427014335902,
  "Estimate24h_Week": 0.000116835440092636,
  "ErrorRatio": 0.720153022347406
}
