{
  "Live": 0.00000000106742,
  "Minute": 0.00000000106742,
  "Minute_Fluctuation": 0.0,
  "Minute_5": 0.00000000106729447325268,
  "Minute_5_Fluctuation": 0.0009014895769351519,
  "Minute_10": 0.00000000106927311775262,
  "Minute_10_Fluctuation": 0.007729844041038376,
  "Hour": 0.00000000107059401238627,
  "Hour_Fluctuation": 0.009123984196930458,
  "Day": 0.00000000107082579857367,
  "Day_Fluctuation": 0.009475263441387558,
  "ThreeDay": 0.00000000107082579857367,
  "ThreeDay_Fluctuation": 0.009475263441387558,
  "Week": 0.00000000107082579857367,
  "Week_Fluctuation": 0.009475263441387558,
  "Duration": "01:23:48.5435650",
  "Updated": "2021-01-27T12:37:07.8462467Z",
  "Failed": 0,
  "HashRate_Live": 0.0,
  "HashRate_Average": 3684.981875972678,
  "BlockRate_Live": 0.0,
  "BlockRate_Average": 0.0,
  "Actual24h_Week": 0.0,
  "Estimate24h_Week": 0.000713666305761881,
  "ErrorRatio": 0.983440347464336
}
