{
  "Live": 0.00000000103823,
  "Minute": 0.00000000103823,
  "Minute_Fluctuation": 0.0,
  "Minute_5": 0.00000000103838015965811,
  "Minute_5_Fluctuation": 0.001006019698687157,
  "Minute_10": 0.00000000104071825382047,
  "Minute_10_Fluctuation": 0.008558254439808422,
  "Hour": 0.00000000112293465362795,
  "Hour_Fluctuation": 0.0942313403589869,
  "Day": 0.000000001363691703208,
  "Day_Fluctuation": 0.014143494069007893,
  "ThreeDay": 0.0000000013642498106301,
  "ThreeDay_Fluctuation": 0.013758582495911062,
  "Week": 0.0000000013642498106301,
  "Week_Fluctuation": 0.013758582495911062,
  "Duration": "1.01:27:41.9766011",
  "Updated": "2021-01-27T12:37:07.800057Z",
  "Failed": 0,
  "HashRate_Live": 1745.0,
  "HashRate_Average": 1414.4190482907316,
  "BlockRate_Live": 122.0,
  "BlockRate_Average": 116.61371562911849,
  "Actual24h_Week": 0.0000838311875024112,
  "Estimate24h_Week": 0.000061762660298975,
  "ErrorRatio": 1.06090250695718
}
