{
  "Live": 0.00000000000125,
  "Minute": 0.00000000000125,
  "Minute_Fluctuation": 0.0,
  "Minute_5": 0.00000000000121496093748668,
  "Minute_5_Fluctuation": 0.04329142941948782,
  "Minute_10": 0.00000000000124163534549063,
  "Minute_10_Fluctuation": 0.09522791892169111,
  "Hour": 0.00000000000167306949580836,
  "Hour_Fluctuation": 0.14830769762388282,
  "Day": 0.00000000000188561092452154,
  "Day_Fluctuation": 0.009435241769156631,
  "ThreeDay": 0.00000000000188615884869892,
  "ThreeDay_Fluctuation": 0.00905648584578178,
  "Week": 0.00000000000188615884869892,
  "Week_Fluctuation": 0.00905648584578178,
  "Duration": "1.01:27:41.9766011",
  "Updated": "2021-01-27T12:37:07.7575055Z",
  "Failed": 0,
  "HashRate_Live": 1775198.0,
  "HashRate_Average": 3236418.303164144,
  "BlockRate_Live": 29.0,
  "BlockRate_Average": 28.41384797009779,
  "Actual24h_Week": 0.000000113663232170766,
  "Estimate24h_Week": 0.000000103551095083781,
  "ErrorRatio": 1.02735719923857
}
