{
  "Live": 0.0000000000002,
  "Minute": 0.0000000000002,
  "Minute_Fluctuation": 0.0,
  "Minute_5": 0.000000000000201056891200082,
  "Minute_5_Fluctuation": 0.01845841277459133,
  "Minute_10": 0.000000000000206392602974198,
  "Minute_10_Fluctuation": 0.05525870822294992,
  "Hour": 0.000000000000217077248241637,
  "Hour_Fluctuation": 0.07557558249466985,
  "Day": 0.000000000000194131216563243,
  "Day_Fluctuation": 0.010673510030888234,
  "ThreeDay": 0.00000000000019407855271716,
  "ThreeDay_Fluctuation": 0.010422839325232957,
  "Week": 0.00000000000019407855271716,
  "Week_Fluctuation": 0.010422839325232958,
  "Duration": "1.01:27:41.9766011",
  "Updated": "2021-01-27T12:26:46.0940885Z",
  "Failed": 0,
  "HashRate_Live": 0.0,
  "HashRate_Average": 5646999.819030433,
  "BlockRate_Live": 14.0,
  "BlockRate_Average": 15.782938111470058,
  "Actual24h_Week": 0.0000000115419904587152,
  "Estimate24h_Week": 0.0000000112939616886189,
  "ErrorRatio": 1.00615232303261
}
