{
  "Live": 0.000000432,
  "Minute": 0.000000432,
  "Minute_Fluctuation": 0.0,
  "Minute_5": 0.000000433360624325682,
  "Minute_5_Fluctuation": 0.07703225407532689,
  "Minute_10": 0.000000470161121946911,
  "Minute_10_Fluctuation": 0.15460653541264044,
  "Hour": 0.000000568843687722907,
  "Hour_Fluctuation": 0.22258112615029502,
  "Day": 0.000000575921197188832,
  "Day_Fluctuation": 0.22257581282780461,
  "ThreeDay": 0.000000575921197188832,
  "ThreeDay_Fluctuation": 0.22257581282780461,
  "Week": 0.000000575921197188832,
  "Week_Fluctuation": 0.22257581282780464,
  "Duration": "01:23:48.5435650",
  "Updated": "2021-01-27T12:37:07.7753912Z",
  "Failed": 0,
  "HashRate_Live": 0.0,
  "HashRate_Average": 0.0,
  "BlockRate_Live": 0.0,
  "BlockRate_Average": 0.0,
  "Actual24h_Week": 0.0,
  "Estimate24h_Week": 0.0010828335696809,
  "ErrorRatio": 0.983440347464336
}
