{
  "Live": 0.00000000440324,
  "Minute": 0.00000000440324,
  "Minute_Fluctuation": 0.0,
  "Minute_5": 0.00000000392344173836901,
  "Minute_5_Fluctuation": 0.17013156739864632,
  "Minute_10": 0.00000000354642357809371,
  "Minute_10_Fluctuation": 0.16126481511846455,
  "Hour": 0.00000000319942373256742,
  "Hour_Fluctuation": 0.08344182188759904,
  "Day": 0.0000000033523748831494,
  "Day_Fluctuation": 0.006857026001342702,
  "ThreeDay": 0.00000000335273342094351,
  "ThreeDay_Fluctuation": 0.006638843290869547,
  "Week": 0.00000000335273342094351,
  "Week_Fluctuation": 0.006638843290869547,
  "Duration": "1.01:27:41.9766011",
  "Updated": "2021-01-27T12:37:07.8582072Z",
  "Failed": 0,
  "HashRate_Live": 11420.0,
  "HashRate_Average": 13246.143500700753,
  "BlockRate_Live": 94.0,
  "BlockRate_Average": 90.51288795022117,
  "Actual24h_Week": 0.000206266726459378,
  "Estimate24h_Week": 0.000173061250854831,
  "ErrorRatio": 1.05375182912579
}
