{
  "Live": 0.00000000000383,
  "Minute": 0.00000000000383,
  "Minute_Fluctuation": 0.0,
  "Minute_5": 0.00000000000372303982634483,
  "Minute_5_Fluctuation": 0.07074869110442024,
  "Minute_10": 0.00000000000372237188178539,
  "Minute_10_Fluctuation": 0.08334339742560903,
  "Hour": 0.0000000000040442409890768,
  "Hour_Fluctuation": 0.10218498714822447,
  "Day": 0.0000000000039238290391714,
  "Day_Fluctuation": 0.007620988998380973,
  "ThreeDay": 0.00000000000392349259512353,
  "ThreeDay_Fluctuation": 0.00737763757303045,
  "Week": 0.00000000000392349259512353,
  "Week_Fluctuation": 0.00737763757303045,
  "Duration": "1.01:27:41.9766011",
  "Updated": "2021-01-27T12:37:07.8145604Z",
  "Failed": 0,
  "HashRate_Live": 354951674.0,
  "HashRate_Average": 372557711.22967696,
  "BlockRate_Live": 81.0,
  "BlockRate_Average": 82.31246931292216,
  "Actual24h_Week": 0.000000230508193932498,
  "Estimate24h_Week": 0.000000187865256064495,
  "ErrorRatio": 1.06090250695718
}
