{
  "Live": 0.00000000000000001,
  "Minute": 0.00000000000000001,
  "Minute_Fluctuation": 0.0,
  "Minute_5": 0.00000000000000001,
  "Minute_5_Fluctuation": 4.4012249748815956E-20,
  "Minute_10": 0.00000000000000001,
  "Minute_10_Fluctuation": 1.5406085857310095E-16,
  "Hour": 0.00000000000000001,
  "Hour_Fluctuation": 1.5041169765700534E-16,
  "Day": 0.00000000000000001,
  "Day_Fluctuation": 1.5018064774095501E-16,
  "ThreeDay": 0.00000000000000001,
  "ThreeDay_Fluctuation": 1.5018064774095501E-16,
  "Week": 0.00000000000000001,
  "Week_Fluctuation": 1.5018064774095501E-16,
  "Duration": "01:23:48.5435650",
  "Updated": "2021-01-27T11:16:40.133502Z",
  "Failed": 0,
  "HashRate_Live": 0.0,
  "HashRate_Average": 0.0,
  "BlockRate_Live": 0.0,
  "BlockRate_Average": 0.0,
  "Actual24h_Week": 0.0,
  "Estimate24h_Week": 0.00000000999859712877381,
  "ErrorRatio": 0.983440347464336
}
