{
  "Live": 0.00000000000156,
  "Minute": 0.00000000000156,
  "Minute_Fluctuation": 0.0,
  "Minute_5": 0.00000000000157739635257718,
  "Minute_5_Fluctuation": 0.017591536145056853,
  "Minute_10": 0.00000000000160203969073463,
  "Minute_10_Fluctuation": 0.028904442473765394,
  "Hour": 0.00000000000169189974122516,
  "Hour_Fluctuation": 0.03330154084795625,
  "Day": 0.00000000000169806420126325,
  "Day_Fluctuation": 0.031486488371557056,
  "ThreeDay": 0.00000000000169806420126325,
  "ThreeDay_Fluctuation": 0.031486488371557056,
  "Week": 0.00000000000169806420126325,
  "Week_Fluctuation": 0.031486488371557056,
  "Duration": "01:23:48.5435650",
  "Updated": "2021-01-27T12:37:07.7941666Z",
  "Failed": 0,
  "HashRate_Live": 0.0,
  "HashRate_Average": 0.0,
  "BlockRate_Live": 0.0,
  "BlockRate_Average": 0.0,
  "Actual24h_Week": 0.0,
  "Estimate24h_Week": 0.00000204268044744453,
  "ErrorRatio": 0.983440347464336
}
