{
  "Live": 0.00000000000000296,
  "Minute": 0.00000000000000296,
  "Minute_Fluctuation": 0.0033670033670032897,
  "Minute_5": 0.000000000000002967832171649,
  "Minute_5_Fluctuation": 0.0008502442389649659,
  "Minute_10": 0.0000000000000029678412195099,
  "Minute_10_Fluctuation": 0.001136414636577836,
  "Hour": 0.0000000000000029627679453512,
  "Hour_Fluctuation": 0.0008118960125652956,
  "Day": 0.0000000000000029601356648975,
  "Day_Fluctuation": 4.556857354929298E-05,
  "ThreeDay": 0.0000000000000029601298453178,
  "ThreeDay_Fluctuation": 4.362452491150915E-05,
  "Week": 0.0000000000000029601298453178,
  "Week_Fluctuation": 4.3624524911509144E-05,
  "Duration": "1.01:16:25.6193212",
  "Updated": "2021-01-27T12:39:16.583141Z",
  "Failed": 0,
  "HashRate_Live": 0.0,
  "HashRate_Average": 0.0,
  "BlockRate_Live": 0.0,
  "BlockRate_Average": 0.0,
  "Actual24h_Week": 0.0,
  "Estimate24h_Week": 0.000000160937022834354,
  "ErrorRatio": 0.721753577728314
}
