{
  "Live": 0.00000000000050411,
  "Minute": 0.00000000000050411,
  "Minute_Fluctuation": 0.03659748499789775,
  "Minute_5": 0.000000000000517735757027459,
  "Minute_5_Fluctuation": 0.012060623074160833,
  "Minute_10": 0.000000000000517110888219111,
  "Minute_10_Fluctuation": 0.012174021833773432,
  "Hour": 0.000000000000527602473649078,
  "Hour_Fluctuation": 0.026671735331518526,
  "Day": 0.00000000000055262488948194,
  "Day_Fluctuation": 0.0032204572381543672,
  "ThreeDay": 0.000000000000552687562828419,
  "ThreeDay_Fluctuation": 0.0031122541166439003,
  "Week": 0.000000000000552687562828419,
  "Week_Fluctuation": 0.0031122541166439003,
  "Duration": "1.01:27:41.9766011",
  "Updated": "2021-01-27T12:39:13.593614Z",
  "Failed": 0,
  "HashRate_Live": 201162000.0,
  "HashRate_Average": 197912698.77835763,
  "BlockRate_Live": 0.0,
  "BlockRate_Average": 0.0,
  "Actual24h_Week": 0.0,
  "Estimate24h_Week": 0.0000310906210493567,
  "ErrorRatio": 0.719854674119746
}
