{
  "Live": 0.000000000000002688,
  "Minute": 0.000000000000002688,
  "Minute_Fluctuation": 0.0,
  "Minute_5": 0.0000000000000026508783392638,
  "Minute_5_Fluctuation": 0.10821622989362188,
  "Minute_10": 0.000000000000002407604169839,
  "Minute_10_Fluctuation": 0.2763106089101477,
  "Hour": 0.0000000000000019042266608213,
  "Hour_Fluctuation": 0.3218129354585867,
  "Day": 0.000000000000001877587254391,
  "Day_Fluctuation": 0.3180971763792578,
  "ThreeDay": 0.000000000000001877587254391,
  "ThreeDay_Fluctuation": 0.3180971763792578,
  "Week": 0.000000000000001877587254391,
  "Week_Fluctuation": 0.3180971763792578,
  "Duration": "01:17:30.9429092",
  "Updated": "2021-01-27T12:38:13.6945757Z",
  "Failed": 0,
  "HashRate_Live": 0.0,
  "HashRate_Average": 354994282.3190442,
  "BlockRate_Live": 18.0,
  "BlockRate_Average": 18.0,
  "Actual24h_Week": 0.000000579597953434201,
  "Estimate24h_Week": 0.00000211776080970106,
  "ErrorRatio": 0.988872142840634
}
