{
  "Live": 0.00000000000715066,
  "Minute": 0.00000000000715066,
  "Minute_Fluctuation": 0.0,
  "Minute_5": 0.00000000000701423456831369,
  "Minute_5_Fluctuation": 0.0490819659122415,
  "Minute_10": 0.00000000000668874372060315,
  "Minute_10_Fluctuation": 0.10740085380431326,
  "Hour": 0.00000000000592644330971318,
  "Hour_Fluctuation": 0.1894281473429905,
  "Day": 0.00000000000586839033306567,
  "Day_Fluctuation": 0.19062992027188067,
  "ThreeDay": 0.00000000000586839033306567,
  "ThreeDay_Fluctuation": 0.19062992027188064,
  "Week": 0.00000000000586839033306567,
  "Week_Fluctuation": 0.19062992027188064,
  "Duration": "01:24:52.1883102",
  "Updated": "2021-01-27T12:38:12.220609Z",
  "Failed": 0,
  "HashRate_Live": 0.0,
  "HashRate_Average": 0.0,
  "BlockRate_Live": 0.0,
  "BlockRate_Average": 0.0,
  "Actual24h_Week": 0.0,
  "Estimate24h_Week": 0.00000699394965543624,
  "ErrorRatio": 0.983231643002826
}
