{
  "Live": 0.00000000000002459,
  "Minute": 0.00000000000002459,
  "Minute_Fluctuation": 0.0345504515115822,
  "Minute_5": 0.0000000000000252863870130784,
  "Minute_5_Fluctuation": 0.007461983033540371,
  "Minute_10": 0.0000000000000253436348560139,
  "Minute_10_Fluctuation": 0.007995084054694407,
  "Hour": 0.0000000000000248194398273127,
  "Hour_Fluctuation": 0.015247507702588635,
  "Day": 0.0000000000000243292396863375,
  "Day_Fluctuation": 0.0011857662867582773,
  "ThreeDay": 0.0000000000000243279712025908,
  "ThreeDay_Fluctuation": 0.0011350173416154253,
  "Week": 0.0000000000000243279712025908,
  "Week_Fluctuation": 0.0011350173416154253,
  "Duration": "1.01:27:41.9766011",
  "Updated": "2021-01-27T12:39:13.5164458Z",
  "Failed": 0,
  "HashRate_Live": 20559401424.0,
  "HashRate_Average": 26629003274.06516,
  "BlockRate_Live": 280.0,
  "BlockRate_Average": 270.0643946178443,
  "Actual24h_Week": 0.00000146973283938784,
  "Estimate24h_Week": 0.00000142286783517868,
  "ErrorRatio": 1.00922714784322
}
