{
  "Live": 0.00000000000000000365441058,
  "Minute": 0.00000000000000000365441058,
  "Minute_Fluctuation": 0.0,
  "Minute_5": 0.0000000000000000036555181194,
  "Minute_5_Fluctuation": 0.0004646432944245693,
  "Minute_10": 0.0000000000000000036565386813,
  "Minute_10_Fluctuation": 0.0006712009530813012,
  "Hour": 0.00000000000000000364782329,
  "Hour_Fluctuation": 0.002724433051934655,
  "Day": 0.00000000000000000364753842,
  "Day_Fluctuation": 0.0027402950544707814,
  "ThreeDay": 0.00000000000000000364753842,
  "ThreeDay_Fluctuation": 0.0027402950544707814,
  "Week": 0.00000000000000000364753842,
  "Week_Fluctuation": 0.0027402950544707814,
  "Duration": "01:17:30.9429092",
  "Updated": "2021-01-27T12:38:13.6643871Z",
  "Failed": 0,
  "HashRate_Live": 0.0,
  "HashRate_Average": 0.0,
  "BlockRate_Live": 10.0,
  "BlockRate_Average": 10.0,
  "Actual24h_Week": 0.00000943,
  "Estimate24h_Week": 0.00247489930407356,
  "ErrorRatio": 0.984737411473598
}
