{
  "Live": 0.00000000000000959103,
  "Minute": 0.00000000000000959103,
  "Minute_Fluctuation": 0.0,
  "Minute_5": 0.000000000000009591074265089,
  "Minute_5_Fluctuation": 5.547473482049756E-05,
  "Minute_10": 0.0000000000000096027199547234,
  "Minute_10_Fluctuation": 0.006128479456926303,
  "Hour": 0.0000000000000101723921926418,
  "Hour_Fluctuation": 0.061940255193921656,
  "Day": 0.0000000000000101927346415047,
  "Day_Fluctuation": 0.06204444408205702,
  "ThreeDay": 0.0000000000000101927346415047,
  "ThreeDay_Fluctuation": 0.062044444082057004,
  "Week": 0.0000000000000101927346415047,
  "Week_Fluctuation": 0.06204444408205702,
  "Duration": "01:17:30.9429092",
  "Updated": "2021-01-27T11:56:48.4579657Z",
  "Failed": 0,
  "HashRate_Live": 0.0,
  "HashRate_Average": 0.0,
  "BlockRate_Live": 0.0,
  "BlockRate_Average": 0.0,
  "Actual24h_Week": 0.0,
  "Estimate24h_Week": 0.000010845613707994,
  "ErrorRatio": 0.984679034673057
}
