{
  "Live": 0.00000000000006615092,
  "Minute": 0.00000000000006615092,
  "Minute_Fluctuation": 0.0,
  "Minute_5": 0.0000000000000656969863212352,
  "Minute_5_Fluctuation": 0.024544014730159942,
  "Minute_10": 0.000000000000065642800465976,
  "Minute_10_Fluctuation": 0.05400300072396888,
  "Hour": 0.0000000000000881489828269329,
  "Hour_Fluctuation": 0.3309883198501356,
  "Day": 0.0000000000000889486991279519,
  "Day_Fluctuation": 0.33332887719147203,
  "ThreeDay": 0.0000000000000889486991279519,
  "ThreeDay_Fluctuation": 0.33332887719147203,
  "Week": 0.0000000000000889486991279519,
  "Week_Fluctuation": 0.33332887719147203,
  "Duration": "01:17:30.9429092",
  "Updated": "2021-01-27T12:38:13.9262193Z",
  "Failed": 0,
  "HashRate_Live": 0.0,
  "HashRate_Average": 5575915.316434727,
  "BlockRate_Live": 64.0,
  "BlockRate_Average": 64.0,
  "Actual24h_Week": 0.0000462735524987302,
  "Estimate24h_Week": 0.0000897702894691238,
  "ErrorRatio": 0.992576474879389
}
