{
  "Live": 0.00000000000009020002,
  "Minute": 0.00000000000009020002,
  "Minute_Fluctuation": 0.0,
  "Minute_5": 0.0000000000000853895780011026,
  "Minute_5_Fluctuation": 0.04632558433970543,
  "Minute_10": 0.0000000000000832590383961868,
  "Minute_10_Fluctuation": 0.04153551486811822,
  "Hour": 0.0000000000000822978210407635,
  "Hour_Fluctuation": 0.022592572131106475,
  "Day": 0.0000000000000822357150964155,
  "Day_Fluctuation": 0.022122284204322717,
  "ThreeDay": 0.0000000000000822357150964155,
  "ThreeDay_Fluctuation": 0.022122284204322717,
  "Week": 0.0000000000000822357150964155,
  "Week_Fluctuation": 0.022122284204322714,
  "Duration": "01:17:30.9429092",
  "Updated": "2021-01-27T12:38:13.8758027Z",
  "Failed": 0,
  "HashRate_Live": 0.0,
  "HashRate_Average": 0.0,
  "BlockRate_Live": 15.0,
  "BlockRate_Average": 15.0,
  "Actual24h_Week": 0.0000392843021950939,
  "Estimate24h_Week": 0.000100906063958349,
  "ErrorRatio": 0.990643725081283
}
