{
  "Live": 0.00000000000000000615146588,
  "Minute": 0.00000000000000000615146588,
  "Minute_Fluctuation": 0.0,
  "Minute_5": 0.0000000000000000061370426583,
  "Minute_5_Fluctuation": 0.013968414545967436,
  "Minute_10": 0.0000000000000000059622577414,
  "Minute_10_Fluctuation": 0.08731309744041564,
  "Hour": 0.000000000000000004911663422,
  "Hour_Fluctuation": 0.13645067285065557,
  "Day": 0.0000000000000000048682814848,
  "Day_Fluctuation": 0.13201082797447308,
  "ThreeDay": 0.0000000000000000048682814848,
  "ThreeDay_Fluctuation": 0.13201082797447308,
  "Week": 0.0000000000000000048682814848,
  "Week_Fluctuation": 0.13201082797447308,
  "Duration": "01:17:30.9429092",
  "Updated": "2021-01-27T12:18:32.7500939Z",
  "Failed": 0,
  "HashRate_Live": 0.0,
  "HashRate_Average": 972129077983.2028,
  "BlockRate_Live": 0.0,
  "BlockRate_Average": 0.0,
  "Actual24h_Week": 0.0,
  "Estimate24h_Week": 0.00438901730280134,
  "ErrorRatio": 0.984679034673057
}
