{
  "Live": 0.00000000182,
  "Minute": 0.00000000182,
  "Minute_Fluctuation": 0.005524861878452905,
  "Minute_5": 0.00000000179696833706947,
  "Minute_5_Fluctuation": 0.011400194872632025,
  "Minute_10": 0.0000000017860349256114,
  "Minute_10_Fluctuation": 0.009368251315858266,
  "Hour": 0.00000000175519624303997,
  "Hour_Fluctuation": 0.014808469762037901,
  "Day": 0.00000000171297927528034,
  "Day_Fluctuation": 0.0017025171607854845,
  "ThreeDay": 0.0000000017128733088638,
  "ThreeDay_Fluctuation": 0.0016432775204281162,
  "Week": 0.0000000017128733088638,
  "Week_Fluctuation": 0.0016432775204281162,
  "Duration": "1.01:27:41.9766011",
  "Updated": "2021-01-27T12:39:13.3849008Z",
  "Failed": 0,
  "HashRate_Live": 110086.0,
  "HashRate_Average": 111558.42103092946,
  "BlockRate_Live": 2.0,
  "BlockRate_Average": 2.0,
  "Actual24h_Week": 0.000000168105366266459,
  "Estimate24h_Week": 0.00000010127318664217,
  "ErrorRatio": 1.06090250695718
}
