{
  "Live": 0.00000000025,
  "Minute": 0.00000000025,
  "Minute_Fluctuation": 0.0,
  "Minute_5": 0.000000000244038265657686,
  "Minute_5_Fluctuation": 0.03051581755366643,
  "Minute_10": 0.000000000238156794177158,
  "Minute_10_Fluctuation": 0.04367889617403421,
  "Hour": 0.000000000233784506335,
  "Hour_Fluctuation": 0.0331201847502809,
  "Day": 0.000000000239578168123442,
  "Day_Fluctuation": 0.002293662629264027,
  "ThreeDay": 0.000000000239590480833933,
  "ThreeDay_Fluctuation": 0.002231600388895332,
  "Week": 0.000000000239590480833933,
  "Week_Fluctuation": 0.002231600388895332,
  "Duration": "1.01:16:25.6193212",
  "Updated": "2021-01-27T12:39:16.7277424Z",
  "Failed": 0,
  "HashRate_Live": 86388.0,
  "HashRate_Average": 78456.1488268287,
  "BlockRate_Live": 0.0,
  "BlockRate_Average": 0.0,
  "Actual24h_Week": 0.0000000120599067724415,
  "Estimate24h_Week": 0.0000000118938627891629,
  "ErrorRatio": 1.00388445243619
}
