{
  "Live": 0.00000000207,
  "Minute": 0.00000000207,
  "Minute_Fluctuation": 0.0,
  "Minute_5": 0.00000000207671456821968,
  "Minute_5_Fluctuation": 0.0037497461894922235,
  "Minute_10": 0.00000000208128040561953,
  "Minute_10_Fluctuation": 0.003918924061040696,
  "Hour": 0.00000000210372830984263,
  "Hour_Fluctuation": 0.009167491715611369,
  "Day": 0.00000000213748590294559,
  "Day_Fluctuation": 0.0011460720965053206,
  "ThreeDay": 0.00000000213756785745426,
  "ThreeDay_Fluctuation": 0.0011095308523187814,
  "Week": 0.00000000213756785745426,
  "Week_Fluctuation": 0.0011095308523187812,
  "Duration": "1.01:27:41.9766011",
  "Updated": "2021-01-27T12:39:13.4047799Z",
  "Failed": 0,
  "HashRate_Live": 87521.0,
  "HashRate_Average": 82104.81674517947,
  "BlockRate_Live": 0.0,
  "BlockRate_Average": 0.0,
  "Actual24h_Week": 0.0,
  "Estimate24h_Week": 0.000000122050740807994,
  "ErrorRatio": 0.719854674119746
}
