{
  "Live": 0.00000000000029513,
  "Minute": 0.00000000000029513,
  "Minute_Fluctuation": 0.0,
  "Minute_5": 0.000000000000296713604650844,
  "Minute_5_Fluctuation": 0.005604817108939535,
  "Minute_10": 0.000000000000296682286246911,
  "Minute_10_Fluctuation": 0.006015756351689442,
  "Hour": 0.00000000000029059385274285,
  "Hour_Fluctuation": 0.03017391315414534,
  "Day": 0.000000000000290163129941666,
  "Day_Fluctuation": 0.03066938620990338,
  "ThreeDay": 0.000000000000290163129941666,
  "ThreeDay_Fluctuation": 0.03066938620990338,
  "Week": 0.000000000000290163129941666,
  "Week_Fluctuation": 0.03066938620990338,
  "Duration": "01:24:52.1883102",
  "Updated": "2021-01-27T12:38:12.2023471Z",
  "Failed": 0,
  "HashRate_Live": 0.0,
  "HashRate_Average": 0.0,
  "BlockRate_Live": 0.0,
  "BlockRate_Average": 0.0,
  "Actual24h_Week": 0.0,
  "Estimate24h_Week": 0.000000279979946447242,
  "ErrorRatio": 0.983231643002826
}
