{
  "Live": 0.00000000000000182,
  "Minute": 0.00000000000000182,
  "Minute_Fluctuation": 0.0,
  "Minute_5": 0.0000000000000018265008243522,
  "Minute_5_Fluctuation": 0.033105056275128594,
  "Minute_10": 0.0000000000000018276445535311,
  "Minute_10_Fluctuation": 0.05531885902298685,
  "Hour": 0.0000000000000022535612555553,
  "Hour_Fluctuation": 0.14391687966379774,
  "Day": 0.0000000000000028030919117172,
  "Day_Fluctuation": 0.012821840833717756,
  "ThreeDay": 0.0000000000000028042208385328,
  "ThreeDay_Fluctuation": 0.01243414831297396,
  "Week": 0.0000000000000028042208385328,
  "Week_Fluctuation": 0.01243414831297396,
  "Duration": "1.01:16:25.6193212",
  "Updated": "2021-01-27T12:39:16.6088415Z",
  "Failed": 0,
  "HashRate_Live": 83123079060.0,
  "HashRate_Average": 88414571739.28766,
  "BlockRate_Live": 70.0,
  "BlockRate_Average": 68.77716476084751,
  "Actual24h_Week": 0.000000150728585973325,
  "Estimate24h_Week": 0.000000152221924224788,
  "ErrorRatio": 0.997270327334075
}
