{
  "Live": 0.00000000000000092554,
  "Minute": 0.00000000000000092554,
  "Minute_Fluctuation": 0.0,
  "Minute_5": 0.0000000000000010512241116713,
  "Minute_5_Fluctuation": 0.10299620446455682,
  "Minute_10": 0.0000000000000011166895309562,
  "Minute_10_Fluctuation": 0.14646553501411458,
  "Hour": 0.00000000000000160009391951,
  "Hour_Fluctuation": 0.35933613558027416,
  "Day": 0.000000000000001618888305578,
  "Day_Fluctuation": 0.3598682874527015,
  "ThreeDay": 0.000000000000001618888305578,
  "ThreeDay_Fluctuation": 0.3598682874527015,
  "Week": 0.000000000000001618888305578,
  "Week_Fluctuation": 0.3598682874527015,
  "Duration": "01:17:30.9429092",
  "Updated": "2021-01-27T12:38:13.2646286Z",
  "Failed": 0,
  "HashRate_Live": 12642917704.0,
  "HashRate_Average": 13758759633.433516,
  "BlockRate_Live": 0.0,
  "BlockRate_Average": 0.0,
  "Actual24h_Week": 0.0,
  "Estimate24h_Week": 0.00000110219391275041,
  "ErrorRatio": 0.984679034673057
}
