{
  "Live": 0.00000000000000044111,
  "Minute": 0.00000000000000044111,
  "Minute_Fluctuation": 0.0,
  "Minute_5": 0.0000000000000004254170586975,
  "Minute_5_Fluctuation": 0.037910200580682354,
  "Minute_10": 0.0000000000000004215907548435,
  "Minute_10_Fluctuation": 0.06214008127482249,
  "Hour": 0.0000000000000004624399247998,
  "Hour_Fluctuation": 0.24538765548214722,
  "Day": 0.0000000000000004639149121911,
  "Day_Fluctuation": 0.25078494281169644,
  "ThreeDay": 0.0000000000000004639149121911,
  "ThreeDay_Fluctuation": 0.2507849428116964,
  "Week": 0.0000000000000004639149121911,
  "Week_Fluctuation": 0.2507849428116964,
  "Duration": "01:17:30.9429092",
  "Updated": "2021-01-27T12:38:13.6442884Z",
  "Failed": 0,
  "HashRate_Live": 0.0,
  "HashRate_Average": 0.0,
  "BlockRate_Live": 0.0,
  "BlockRate_Average": 0.0,
  "Actual24h_Week": 0.000000218805225069276,
  "Estimate24h_Week": 0.00000040688802475989,
  "ErrorRatio": 0.992917928576653
}
