{
  "Live": 0.00000000000046,
  "Minute": 0.00000000000046,
  "Minute_Fluctuation": 0.0,
  "Minute_5": 0.000000000000466564521489594,
  "Minute_5_Fluctuation": 0.0174496647797828,
  "Minute_10": 0.000000000000474078385726643,
  "Minute_10_Fluctuation": 0.02889640020916021,
  "Hour": 0.000000000000518953404211305,
  "Hour_Fluctuation": 0.054686173272001655,
  "Day": 0.000000000000557653752010885,
  "Day_Fluctuation": 0.004433347979532708,
  "ThreeDay": 0.000000000000557754063821578,
  "ThreeDay_Fluctuation": 0.0042576040636615915,
  "Week": 0.000000000000557754063821578,
  "Week_Fluctuation": 0.0042576040636615915,
  "Duration": "1.01:27:41.9766011",
  "Updated": "2021-01-27T12:39:12.9522783Z",
  "Failed": 0,
  "HashRate_Live": 13366067450.0,
  "HashRate_Average": 12372224660.205389,
  "BlockRate_Live": 1826.0,
  "BlockRate_Average": 1830.6202609417212,
  "Actual24h_Week": 0.0000000228716868929145,
  "Estimate24h_Week": 0.0000000298242979957876,
  "ErrorRatio": 0.934692796343164
}
