{
  "Live": 0.00000000000000000561229971,
  "Minute": 0.00000000000000000561229971,
  "Minute_Fluctuation": 0.0,
  "Minute_5": 0.0000000000000000058806009256,
  "Minute_5_Fluctuation": 0.0869677349883795,
  "Minute_10": 0.0000000000000000062396073405,
  "Minute_10_Fluctuation": 0.10380461776430186,
  "Hour": 0.0000000000000000064587143915,
  "Hour_Fluctuation": 0.04169608010164533,
  "Day": 0.0000000000000000064687525427,
  "Day_Fluctuation": 0.035918861210877194,
  "ThreeDay": 0.0000000000000000064687525427,
  "ThreeDay_Fluctuation": 0.035918861210877194,
  "Week": 0.0000000000000000064687525427,
  "Week_Fluctuation": 0.035918861210877194,
  "Duration": "01:24:52.1883102",
  "Updated": "2021-01-27T12:38:11.9581685Z",
  "Failed": 0,
  "HashRate_Live": 0.0,
  "HashRate_Average": 8529022757054.199,
  "BlockRate_Live": 8.0,
  "BlockRate_Average": 7.795979889412456,
  "Actual24h_Week": 0.00399616765618105,
  "Estimate24h_Week": 0.00639590016084583,
  "ErrorRatio": 0.99370853666818
}
