{
  "Live": 0.00000000000032388,
  "Minute": 0.00000000000032388,
  "Minute_Fluctuation": 0.0,
  "Minute_5": 0.000000000000324539452464484,
  "Minute_5_Fluctuation": 0.0056463793771543945,
  "Minute_10": 0.000000000000325029638488474,
  "Minute_10_Fluctuation": 0.010788012647156116,
  "Hour": 0.000000000000338995603468416,
  "Hour_Fluctuation": 0.050983684865739266,
  "Day": 0.000000000000339478929986902,
  "Day_Fluctuation": 0.05128345105894214,
  "ThreeDay": 0.000000000000339478929986902,
  "ThreeDay_Fluctuation": 0.05128345105894202,
  "Week": 0.000000000000339478929986902,
  "Week_Fluctuation": 0.05128345105894214,
  "Duration": "01:17:30.9429092",
  "Updated": "2021-01-27T12:34:05.4397945Z",
  "Failed": 0,
  "HashRate_Live": 0.0,
  "HashRate_Average": 0.0,
  "BlockRate_Live": 0.0,
  "BlockRate_Average": 0.0,
  "Actual24h_Week": 0.000000421843319965462,
  "Estimate24h_Week": 0.00000045,
  "ErrorRatio": 0.999041361069931
}
