{
  "Live": 0.00000000317,
  "Minute": 0.00000000317,
  "Minute_Fluctuation": 0.0,
  "Minute_5": 0.00000000316706707832334,
  "Minute_5_Fluctuation": 0.007550575497193198,
  "Minute_10": 0.00000000317407161722876,
  "Minute_10_Fluctuation": 0.01681440664598219,
  "Hour": 0.00000000313962551805557,
  "Hour_Fluctuation": 0.014009679798267703,
  "Day": 0.00000000307442562476938,
  "Day_Fluctuation": 0.0014447643086533944,
  "ThreeDay": 0.00000000307425787721644,
  "ThreeDay_Fluctuation": 0.0013918705495841541,
  "Week": 0.00000000307425787721644,
  "Week_Fluctuation": 0.0013918705495841541,
  "Duration": "1.01:27:41.9766011",
  "Updated": "2021-01-27T12:39:13.1380418Z",
  "Failed": 0,
  "HashRate_Live": 54621.0,
  "HashRate_Average": 56984.79151666346,
  "BlockRate_Live": 175.0,
  "BlockRate_Average": 170.07237068184327,
  "Actual24h_Week": 0.000000176045269532356,
  "Estimate24h_Week": 0.000000162382769329758,
  "ErrorRatio": 1.02357076177106
}
