{
  "Live": 0.00000000649252,
  "Minute": 0.00000000649252,
  "Minute_Fluctuation": 0.0,
  "Minute_5": 0.0000000063123225225464,
  "Minute_5_Fluctuation": 0.027979366186324413,
  "Minute_10": 0.0000000062146230923226,
  "Minute_10_Fluctuation": 0.02934288604041528,
  "Hour": 0.00000000624852476049048,
  "Hour_Fluctuation": 0.027448869475172562,
  "Day": 0.0000000062483807245375,
  "Day_Fluctuation": 0.02754836607210939,
  "ThreeDay": 0.0000000062483807245375,
  "ThreeDay_Fluctuation": 0.02754836607210939,
  "Week": 0.0000000062483807245375,
  "Week_Fluctuation": 0.027548366072109386,
  "Duration": "01:17:30.9429092",
  "Updated": "2021-01-27T12:38:13.2089603Z",
  "Failed": 0,
  "HashRate_Live": 13093.0,
  "HashRate_Average": 14057.003271570924,
  "BlockRate_Live": 54.0,
  "BlockRate_Average": 52.38185966949369,
  "Actual24h_Week": 0.00000637419682861257,
  "Estimate24h_Week": 0.00000605146636920871,
  "ErrorRatio": 1.0
}
