{
  "Live": 0.00000100785,
  "Minute": 0.00000100785,
  "Minute_Fluctuation": 0.022450594489307252,
  "Minute_5": 0.000000941641628068935,
  "Minute_5_Fluctuation": 0.06208428729448537,
  "Minute_10": 0.000000919901224696344,
  "Minute_10_Fluctuation": 0.05355795839351703,
  "Hour": 0.000000873008706419452,
  "Hour_Fluctuation": 0.04094064389767409,
  "Day": 0.000000841237241242736,
  "Day_Fluctuation": 0.003527299321765062,
  "ThreeDay": 0.000000841165170782588,
  "ThreeDay_Fluctuation": 0.0034219586861799797,
  "Week": 0.000000841165170782588,
  "Week_Fluctuation": 0.0034219586861799797,
  "Duration": "1.01:27:41.9766011",
  "Updated": "2021-01-27T12:39:12.9135942Z",
  "Failed": 0,
  "HashRate_Live": 10816.0,
  "HashRate_Average": 11445.392632236253,
  "BlockRate_Live": 450.0,
  "BlockRate_Average": 456.07672236942875,
  "Actual24h_Week": 0.0000611731987415215,
  "Estimate24h_Week": 0.0000598267956676555,
  "ErrorRatio": 1.00630467541651
}
