{
  "Live": 0.00000000000046,
  "Minute": 0.00000000000046,
  "Minute_Fluctuation": 0.0,
  "Minute_5": 0.000000000000466558866101213,
  "Minute_5_Fluctuation": 0.01738402382211009,
  "Minute_10": 0.000000000000474013212426656,
  "Minute_10_Fluctuation": 0.0286458943561599,
  "Hour": 0.000000000000521134350267457,
  "Hour_Fluctuation": 0.058876222248063825,
  "Day": 0.000000000000567060143463232,
  "Day_Fluctuation": 0.005080151838784361,
  "ThreeDay": 0.000000000000567156420287884,
  "ThreeDay_Fluctuation": 0.004915932838857366,
  "Week": 0.000000000000567156420287884,
  "Week_Fluctuation": 0.004915932838857366,
  "Duration": "1.01:16:25.6193212",
  "Updated": "2021-01-27T12:39:16.8387917Z",
  "Failed": 0,
  "HashRate_Live": 2705074341.0,
  "HashRate_Average": 2394954544.1181397,
  "BlockRate_Live": 510.0,
  "BlockRate_Average": 530.6359356420497,
  "Actual24h_Week": 0.0000000200604644846783,
  "Estimate24h_Week": 0.0000000261257752382378,
  "ErrorRatio": 0.935402834872672
}
