{
  "Live": 0.00000001382,
  "Minute": 0.00000001382,
  "Minute_Fluctuation": 0.00655498907501817,
  "Minute_5": 0.0000000140856001180258,
  "Minute_5_Fluctuation": 0.04410393156453687,
  "Minute_10": 0.0000000145922644869992,
  "Minute_10_Fluctuation": 0.05628833040590428,
  "Hour": 0.0000000156258984208858,
  "Hour_Fluctuation": 0.03433436156830726,
  "Day": 0.0000000157816338398189,
  "Day_Fluctuation": 0.0023180549496319963,
  "ThreeDay": 0.0000000157821039276741,
  "ThreeDay_Fluctuation": 0.002255809081606354,
  "Week": 0.0000000157821039276741,
  "Week_Fluctuation": 0.002255809081606354,
  "Duration": "1.01:16:25.6193212",
  "Updated": "2021-01-27T12:39:17.2037126Z",
  "Failed": 0,
  "HashRate_Live": 71175.0,
  "HashRate_Average": 70284.91542880949,
  "BlockRate_Live": 29.0,
  "BlockRate_Average": 28.531300312633512,
  "Actual24h_Week": 0.000000614073461758369,
  "Estimate24h_Week": 0.000000598138198393374,
  "ErrorRatio": 1.00741288556922
}
