{
  "Live": 0.00000000182,
  "Minute": 0.00000000182,
  "Minute_Fluctuation": 0.005524861878452905,
  "Minute_5": 0.00000000179696833737913,
  "Minute_5_Fluctuation": 0.01140019457553562,
  "Minute_10": 0.00000000178603917333156,
  "Minute_10_Fluctuation": 0.00936341209655786,
  "Hour": 0.00000000176043294756133,
  "Hour_Fluctuation": 0.01092604111307367,
  "Day": 0.00000000173190303980252,
  "Day_Fluctuation": 0.0011030765611261069,
  "ThreeDay": 0.00000000173184372455952,
  "ThreeDay_Fluctuation": 0.001069852095598433,
  "Week": 0.00000000173184372455952,
  "Week_Fluctuation": 0.001069852095598433,
  "Duration": "1.01:16:25.6193212",
  "Updated": "2021-01-27T12:39:17.2808725Z",
  "Failed": 0,
  "HashRate_Live": 0.0,
  "HashRate_Average": 0.0,
  "BlockRate_Live": 0.0,
  "BlockRate_Average": 0.0,
  "Actual24h_Week": 0.000000146854844373992,
  "Estimate24h_Week": 0.000000088542991553481,
  "ErrorRatio": 1.05307429769907
}
