{
  "Live": 0.0000000000011338,
  "Minute": 0.0000000000011338,
  "Minute_Fluctuation": 0.0,
  "Minute_5": 0.00000000000113431674447016,
  "Minute_5_Fluctuation": 0.02228434676210687,
  "Minute_10": 0.00000000000115558690874549,
  "Minute_10_Fluctuation": 0.03184009840466798,
  "Hour": 0.00000000000120543130257912,
  "Hour_Fluctuation": 0.01920153290337576,
  "Day": 0.00000000000120895495913797,
  "Day_Fluctuation": 0.017230037103629282,
  "ThreeDay": 0.00000000000120895495913797,
  "ThreeDay_Fluctuation": 0.017230037103629282,
  "Week": 0.00000000000120895495913797,
  "Week_Fluctuation": 0.017230037103629282,
  "Duration": "01:24:52.1883102",
  "Updated": "2021-01-27T12:38:12.6199991Z",
  "Failed": 0,
  "HashRate_Live": 159051229.0,
  "HashRate_Average": 459130954.0020571,
  "BlockRate_Live": 761.0,
  "BlockRate_Average": 760.9697965323003,
  "Actual24h_Week": 0.00000141081364595106,
  "Estimate24h_Week": 0.00000138482164359522,
  "ErrorRatio": 1.0
}
