{
  "Live": 0.00000000000002127704,
  "Minute": 0.00000000000002127704,
  "Minute_Fluctuation": 0.0,
  "Minute_5": 0.00000000000002127704,
  "Minute_5_Fluctuation": 0.0,
  "Minute_10": 0.00000000000002127704,
  "Minute_10_Fluctuation": 0.0,
  "Hour": 0.00000000000002127704,
  "Hour_Fluctuation": 0.0,
  "Day": 0.00000000000002127704,
  "Day_Fluctuation": 0.0,
  "ThreeDay": 0.00000000000002127704,
  "ThreeDay_Fluctuation": 0.0,
  "Week": 0.00000000000002127704,
  "Week_Fluctuation": 0.0,
  "Duration": "00:50:21.2440892",
  "Updated": "2021-01-27T11:15:51.7467177Z",
  "Failed": 0,
  "HashRate_Live": 0.0,
  "HashRate_Average": 0.0,
  "BlockRate_Live": 0.0,
  "BlockRate_Average": 0.0,
  "Actual24h_Week": 0.0,
  "Estimate24h_Week": 0.0000225418962440605,
  "ErrorRatio": 0.990034067915096
}
