{
  "Live": 0.0000000000031,
  "Minute": 0.0000000000031,
  "Minute_Fluctuation": 0.0,
  "Minute_5": 0.00000000000304392507769278,
  "Minute_5_Fluctuation": 0.08369600034268289,
  "Minute_10": 0.00000000000279711380157272,
  "Minute_10_Fluctuation": 0.22435310837332553,
  "Hour": 0.00000000000315499752078055,
  "Hour_Fluctuation": 0.23840770973017425,
  "Day": 0.00000000000441487556573713,
  "Day_Fluctuation": 0.022855108215831726,
  "ThreeDay": 0.00000000000441817651495768,
  "ThreeDay_Fluctuation": 0.022097449762196703,
  "Week": 0.00000000000441817651495768,
  "Week_Fluctuation": 0.0220974497621967,
  "Duration": "1.01:27:41.9766011",
  "Updated": "2021-01-27T12:39:13.1568819Z",
  "Failed": 0,
  "HashRate_Live": 352545.0,
  "HashRate_Average": 367723.2413580379,
  "BlockRate_Live": 31.0,
  "BlockRate_Average": 31.71837045738946,
  "Actual24h_Week": 0.00000115065566828238,
  "Estimate24h_Week": 0.000000155926241265812,
  "ErrorRatio": 1.06090250695718
}
