{
  "Live": 0.00000000000032388,
  "Minute": 0.00000000000032388,
  "Minute_Fluctuation": 0.0,
  "Minute_5": 0.000000000000324559630144826,
  "Minute_5_Fluctuation": 0.005885587806751705,
  "Minute_10": 0.000000000000325153722655257,
  "Minute_10_Fluctuation": 0.011656776962699792,
  "Hour": 0.000000000000341245783357127,
  "Hour_Fluctuation": 0.0517968924312197,
  "Day": 0.000000000000342363003846148,
  "Day_Fluctuation": 0.05191389766879971,
  "ThreeDay": 0.000000000000342363003846148,
  "ThreeDay_Fluctuation": 0.05191389766879971,
  "Week": 0.000000000000342363003846148,
  "Week_Fluctuation": 0.05191389766879971,
  "Duration": "01:24:52.1883102",
  "Updated": "2021-01-27T12:38:12.779531Z",
  "Failed": 0,
  "HashRate_Live": 12827636.0,
  "HashRate_Average": 8387428.20797246,
  "BlockRate_Live": 5.0,
  "BlockRate_Average": 5.0,
  "Actual24h_Week": 0.000000424283248008104,
  "Estimate24h_Week": 0.000000449967771075926,
  "ErrorRatio": 0.999042848666531
}
