{
  "Live": 0.00000000000000277,
  "Minute": 0.00000000000000277,
  "Minute_Fluctuation": 0.003597122302158332,
  "Minute_5": 0.0000000000000030792444562348,
  "Minute_5_Fluctuation": 0.1820577633235781,
  "Minute_10": 0.0000000000000034883704839545,
  "Minute_10_Fluctuation": 0.21930729958786632,
  "Hour": 0.0000000000000033135356505503,
  "Hour_Fluctuation": 0.17327016574993412,
  "Day": 0.0000000000000027190917756616,
  "Day_Fluctuation": 0.014230595475889623,
  "ThreeDay": 0.0000000000000027178374155856,
  "ThreeDay_Fluctuation": 0.013785607917204196,
  "Week": 0.0000000000000027178374155856,
  "Week_Fluctuation": 0.013785607917204196,
  "Duration": "1.01:16:25.6193212",
  "Updated": "2021-01-27T12:39:16.9721782Z",
  "Failed": 0,
  "HashRate_Live": 152571898509.0,
  "HashRate_Average": 151187850411.76404,
  "BlockRate_Live": 28.0,
  "BlockRate_Average": 28.0,
  "Actual24h_Week": 0.000000154488960041855,
  "Estimate24h_Week": 0.00000017730639310189,
  "ErrorRatio": 0.964192666697979
}
