{
  "Live": 0.00000000134196,
  "Minute": 0.00000000134196,
  "Minute_Fluctuation": 0.0,
  "Minute_5": 0.00000000133607577288838,
  "Minute_5_Fluctuation": 0.01536867429760993,
  "Minute_10": 0.00000000131327422805052,
  "Minute_10_Fluctuation": 0.03476302288529676,
  "Hour": 0.00000000125484102912452,
  "Hour_Fluctuation": 0.028114016152237367,
  "Day": 0.00000000125039266966995,
  "Day_Fluctuation": 0.025833478516749865,
  "ThreeDay": 0.00000000125039266966995,
  "ThreeDay_Fluctuation": 0.025833478516749865,
  "Week": 0.00000000125039266966995,
  "Week_Fluctuation": 0.025833478516749865,
  "Duration": "01:24:52.1883102",
  "Updated": "2021-01-27T12:38:12.0230038Z",
  "Failed": 0,
  "HashRate_Live": 195548.0,
  "HashRate_Average": 175462.46467090095,
  "BlockRate_Live": 1.0,
  "BlockRate_Average": 1.0,
  "Actual24h_Week": 0.000000449967771075926,
  "Estimate24h_Week": 0.000000761058783106491,
  "ErrorRatio": 0.993145752648635
}
