{
  "Live": 0.00000000024676,
  "Minute": 0.00000000024676,
  "Minute_Fluctuation": 0.0,
  "Minute_5": 0.000000000241060274466151,
  "Minute_5_Fluctuation": 0.01949761208690212,
  "Minute_10": 0.00000000023727869124548,
  "Minute_10_Fluctuation": 0.029329924492604437,
  "Hour": 0.00000000023391827291568,
  "Hour_Fluctuation": 0.03481410843801464,
  "Day": 0.00000000023369560992149,
  "Day_Fluctuation": 0.03499960122754499,
  "ThreeDay": 0.00000000023369560992149,
  "ThreeDay_Fluctuation": 0.03499960122754499,
  "Week": 0.00000000023369560992149,
  "Week_Fluctuation": 0.03499960122754499,
  "Duration": "01:17:30.9429092",
  "Updated": "2021-01-27T12:38:13.8127913Z",
  "Failed": 0,
  "HashRate_Live": 90137.0,
  "HashRate_Average": 76876.10210411754,
  "BlockRate_Live": 0.0,
  "BlockRate_Average": 0.0,
  "Actual24h_Week": 0.00000023324739766721,
  "Estimate24h_Week": 0.00000023,
  "ErrorRatio": 1.0
}
