{
  "Live": 0.00000000000001541969,
  "Minute": 0.00000000000001541969,
  "Minute_Fluctuation": 0.0,
  "Minute_5": 0.0000000000000135196168131991,
  "Minute_5_Fluctuation": 0.1248820653864873,
  "Minute_10": 0.0000000000000125903456683361,
  "Minute_10_Fluctuation": 0.11653471649297896,
  "Hour": 0.0000000000000121234153442123,
  "Hour_Fluctuation": 0.13740506365778782,
  "Day": 0.0000000000000120964471306576,
  "Day_Fluctuation": 0.13938829691719423,
  "ThreeDay": 0.0000000000000120964471306576,
  "ThreeDay_Fluctuation": 0.1393882969171942,
  "Week": 0.0000000000000120964471306576,
  "Week_Fluctuation": 0.1393882969171942,
  "Duration": "01:24:52.1883102",
  "Updated": "2021-01-27T12:38:12.5322948Z",
  "Failed": 0,
  "HashRate_Live": 10721153971.0,
  "HashRate_Average": 11835709222.349686,
  "BlockRate_Live": 651.0,
  "BlockRate_Average": 639.5535788362996,
  "Actual24h_Week": 0.000016152367681412,
  "Estimate24h_Week": 0.0000171945194757271,
  "ErrorRatio": 0.998983677714461
}
