{
  "Live": 0.00000000000021617,
  "Minute": 0.00000000000021617,
  "Minute_Fluctuation": 0.0,
  "Minute_5": 0.000000000000216842418869092,
  "Minute_5_Fluctuation": 0.011775465223608578,
  "Minute_10": 0.000000000000220703828310304,
  "Minute_10_Fluctuation": 0.039485470981025214,
  "Hour": 0.000000000000239434648428294,
  "Hour_Fluctuation": 0.044139444407075366,
  "Day": 0.000000000000240221229134233,
  "Day_Fluctuation": 0.042276811958498764,
  "ThreeDay": 0.000000000000240221229134233,
  "ThreeDay_Fluctuation": 0.042276811958498764,
  "Week": 0.000000000000240221229134233,
  "Week_Fluctuation": 0.042276811958498764,
  "Duration": "01:17:30.9429092",
  "Updated": "2021-01-27T12:38:13.611515Z",
  "Failed": 0,
  "HashRate_Live": 0.0,
  "HashRate_Average": 0.0,
  "BlockRate_Live": 0.0,
  "BlockRate_Average": 0.0,
  "Actual24h_Week": 0.000000195084976220665,
  "Estimate24h_Week": 0.000000205028612889164,
  "ErrorRatio": 0.999256951942097
}
