{
  "Live": 0.00000000000000005716,
  "Minute": 0.00000000000000005716,
  "Minute_Fluctuation": 0.0,
  "Minute_5": 0.0000000000000000563403309319,
  "Minute_5_Fluctuation": 0.048489829210888916,
  "Minute_10": 0.000000000000000062404200942,
  "Minute_10_Fluctuation": 0.21154705948201763,
  "Hour": 0.0000000000000000894109945339,
  "Hour_Fluctuation": 0.26311134373018,
  "Day": 0.0000000000000000894235656123,
  "Day_Fluctuation": 0.2630717310066586,
  "ThreeDay": 0.0000000000000000894235656123,
  "ThreeDay_Fluctuation": 0.2630717310066586,
  "Week": 0.0000000000000000894235656123,
  "Week_Fluctuation": 0.2630717310066586,
  "Duration": "01:02:13.9277663",
  "Updated": "2021-01-27T12:38:13.7322662Z",
  "Failed": 0,
  "HashRate_Live": 0.0,
  "HashRate_Average": 0.0,
  "BlockRate_Live": 0.0,
  "BlockRate_Average": 0.0,
  "Actual24h_Week": 0.00000004,
  "Estimate24h_Week": 0.00000011,
  "ErrorRatio": 0.992166663588124
}
