{
  "Live": 0.00000000000000095158,
  "Minute": 0.00000000000000095158,
  "Minute_Fluctuation": 0.0,
  "Minute_5": 0.0000000000000009312497226601,
  "Minute_5_Fluctuation": 0.02393370546424581,
  "Minute_10": 0.0000000000000009302473468355,
  "Minute_10_Fluctuation": 0.036028818148178175,
  "Hour": 0.000000000000000839418895864,
  "Hour_Fluctuation": 0.1565528394821393,
  "Day": 0.0000000000000008364263271623,
  "Day_Fluctuation": 0.1583078103525197,
  "ThreeDay": 0.0000000000000008364263271623,
  "ThreeDay_Fluctuation": 0.1583078103525197,
  "Week": 0.0000000000000008364263271623,
  "Week_Fluctuation": 0.1583078103525197,
  "Duration": "01:17:30.9429092",
  "Updated": "2021-01-27T12:38:13.7248477Z",
  "Failed": 0,
  "HashRate_Live": 19509734323.0,
  "HashRate_Average": 25478379857.019108,
  "BlockRate_Live": 19.0,
  "BlockRate_Average": 18.658460882335852,
  "Actual24h_Week": 0.000000646862574775757,
  "Estimate24h_Week": 0.000000790813059319929,
  "ErrorRatio": 0.997211148252414
}
