{
  "Live": 0.00000000000000238885,
  "Minute": 0.00000000000000238885,
  "Minute_Fluctuation": 0.0,
  "Minute_5": 0.00000000000000238885,
  "Minute_5_Fluctuation": 0.0,
  "Minute_10": 0.00000000000000238885,
  "Minute_10_Fluctuation": 0.0,
  "Hour": 0.00000000000000238885,
  "Hour_Fluctuation": 0.0,
  "Day": 0.00000000000000238885,
  "Day_Fluctuation": 0.0,
  "ThreeDay": 0.00000000000000238885,
  "ThreeDay_Fluctuation": 0.0,
  "Week": 0.00000000000000238885,
  "Week_Fluctuation": 0.0,
  "Duration": "01:24:52.1883102",
  "Updated": "2021-01-27T11:15:51.7213348Z",
  "Failed": 0,
  "HashRate_Live": 0.0,
  "HashRate_Average": 0.0,
  "BlockRate_Live": 19.0,
  "BlockRate_Average": 19.0,
  "Actual24h_Week": 0.000000569959176696172,
  "Estimate24h_Week": 0.00000277472209202974,
  "ErrorRatio": 0.986676052436156
}
