{
  "Live": 0.00000000000045518,
  "Minute": 0.00000000000045518,
  "Minute_Fluctuation": 0.0,
  "Minute_5": 0.000000000000455299151909208,
  "Minute_5_Fluctuation": 0.0008556865728512385,
  "Minute_10": 0.000000000000455466336131465,
  "Minute_10_Fluctuation": 0.0015277960583833785,
  "Hour": 0.000000000000453923149691652,
  "Hour_Fluctuation": 0.0032512418394099927,
  "Day": 0.000000000000453872735008741,
  "Day_Fluctuation": 0.0032526895780395273,
  "ThreeDay": 0.000000000000453872735008741,
  "ThreeDay_Fluctuation": 0.0032526895780395273,
  "Week": 0.000000000000453872735008741,
  "Week_Fluctuation": 0.0032526895780395273,
  "Duration": "01:17:30.9429092",
  "Updated": "2021-01-27T12:28:54.145766Z",
  "Failed": 0,
  "HashRate_Live": 0.0,
  "HashRate_Average": 0.0,
  "BlockRate_Live": 0.0,
  "BlockRate_Average": 0.0,
  "Actual24h_Week": 0.0,
  "Estimate24h_Week": 0.000000418892924565861,
  "ErrorRatio": 0.984679034673057
}
