{
  "Live": 0.00000000001191416,
  "Minute": 0.00000000001191416,
  "Minute_Fluctuation": 0.0,
  "Minute_5": 0.0000000000122987210008823,
  "Minute_5_Fluctuation": 0.04603036480449736,
  "Minute_10": 0.0000000000120709836148054,
  "Minute_10_Fluctuation": 0.062461897313068164,
  "Hour": 0.0000000000120898618900105,
  "Hour_Fluctuation": 0.0899128952043567,
  "Day": 0.0000000000120798022210863,
  "Day_Fluctuation": 0.09167388849997107,
  "ThreeDay": 0.0000000000120798022210863,
  "ThreeDay_Fluctuation": 0.09167388849997107,
  "Week": 0.0000000000120798022210863,
  "Week_Fluctuation": 0.09167388849997107,
  "Duration": "01:17:30.9429092",
  "Updated": "2021-01-27T12:38:13.8038529Z",
  "Failed": 0,
  "HashRate_Live": 115427.0,
  "HashRate_Average": 509504.33223018993,
  "BlockRate_Live": 12.0,
  "BlockRate_Average": 11.606378776354644,
  "Actual24h_Week": 0.00000916123013451726,
  "Estimate24h_Week": 0.0000108059477521663,
  "ErrorRatio": 0.997668074825962
}
