{
  "Live": 0.00000000000000260643,
  "Minute": 0.00000000000000260643,
  "Minute_Fluctuation": 0.0,
  "Minute_5": 0.0000000000000025812738047744,
  "Minute_5_Fluctuation": 0.03412226424068395,
  "Minute_10": 0.0000000000000024938936617636,
  "Minute_10_Fluctuation": 0.08704854738312623,
  "Hour": 0.0000000000000024536002474429,
  "Hour_Fluctuation": 0.13826268926227286,
  "Day": 0.0000000000000024493510168059,
  "Day_Fluctuation": 0.1411744232182295,
  "ThreeDay": 0.0000000000000024493510168059,
  "ThreeDay_Fluctuation": 0.1411744232182295,
  "Week": 0.0000000000000024493510168059,
  "Week_Fluctuation": 0.1411744232182295,
  "Duration": "01:17:30.9429092",
  "Updated": "2021-01-27T12:36:09.8960671Z",
  "Failed": 0,
  "HashRate_Live": 0.0,
  "HashRate_Average": 233377.37205368833,
  "BlockRate_Live": 0.0,
  "BlockRate_Average": 0.0,
  "Actual24h_Week": 0.0,
  "Estimate24h_Week": 0.0000027595031071892,
  "ErrorRatio": 0.984679034673057
}
