{
  "Live": 0.00000106850514,
  "Minute": 0.00000106850514,
  "Minute_Fluctuation": 0.0,
  "Minute_5": 0.0000010849119057347,
  "Minute_5_Fluctuation": 0.020266123609434323,
  "Minute_10": 0.00000110172488798662,
  "Minute_10_Fluctuation": 0.023572611953608602,
  "Hour": 0.00000113179007176452,
  "Hour_Fluctuation": 0.01758521592336083,
  "Day": 0.00000113395040071936,
  "Day_Fluctuation": 0.016576935135195574,
  "ThreeDay": 0.00000113395040071936,
  "ThreeDay_Fluctuation": 0.016576935135195574,
  "Week": 0.00000113395040071936,
  "Week_Fluctuation": 0.016576935135195574,
  "Duration": "01:24:52.1883102",
  "Updated": "2021-01-27T12:38:11.9495212Z",
  "Failed": 0,
  "HashRate_Live": 135.0,
  "HashRate_Average": 139.0690262858799,
  "BlockRate_Live": 450.0,
  "BlockRate_Average": 454.85349279193156,
  "Actual24h_Week": 0.000647170011247656,
  "Estimate24h_Week": 0.000897607064140781,
  "ErrorRatio": 0.995321540932555
}
