{
  "Live": 0.00000000000052847037,
  "Minute": 0.00000000000052847037,
  "Minute_Fluctuation": 0.0,
  "Minute_5": 0.000000000000524771332805078,
  "Minute_5_Fluctuation": 0.00857648281691271,
  "Minute_10": 0.000000000000521347350656486,
  "Minute_10_Fluctuation": 0.01164868769293476,
  "Hour": 0.000000000000524560357349575,
  "Hour_Fluctuation": 0.020651342992637194,
  "Day": 0.000000000000524752041271789,
  "Day_Fluctuation": 0.021468700728556656,
  "ThreeDay": 0.000000000000524752041271789,
  "ThreeDay_Fluctuation": 0.021468700728556656,
  "Week": 0.000000000000524752041271789,
  "Week_Fluctuation": 0.021468700728556656,
  "Duration": "01:24:52.1883102",
  "Updated": "2021-01-27T12:38:12.6316139Z",
  "Failed": 0,
  "HashRate_Live": 184150719.0,
  "HashRate_Average": 193536083.81959993,
  "BlockRate_Live": 0.0,
  "BlockRate_Average": 0.0,
  "Actual24h_Week": 0.0,
  "Estimate24h_Week": 0.000525975934758075,
  "ErrorRatio": 0.983231643002826
}
