{
  "Live": 0.00000000000436,
  "Minute": 0.00000000000436,
  "Minute_Fluctuation": 0.0,
  "Minute_5": 0.00000000000436,
  "Minute_5_Fluctuation": 5.292425368878542E-20,
  "Minute_10": 0.00000000000436,
  "Minute_10_Fluctuation": 1.852404001798893E-16,
  "Hour": 0.00000000000436,
  "Hour_Fluctuation": 1.3763620653240155E-16,
  "Day": 0.00000000000436,
  "Day_Fluctuation": 1.0094531159349807E-17,
  "ThreeDay": 0.00000000000436,
  "ThreeDay_Fluctuation": 9.787830116532096E-18,
  "Week": 0.00000000000436,
  "Week_Fluctuation": 9.787830116532094E-18,
  "Duration": "1.01:27:41.9766011",
  "Updated": "2021-01-27T12:39:13.194222Z",
  "Failed": 0,
  "HashRate_Live": 77992411.0,
  "HashRate_Average": 57368448.58782459,
  "BlockRate_Live": 173.0,
  "BlockRate_Average": 169.13112340596214,
  "Actual24h_Week": 0.000000253954425333497,
  "Estimate24h_Week": 0.000000257961475008267,
  "ErrorRatio": 0.995648357038892
}
