{
  "Live": 0.00000000000021617,
  "Minute": 0.00000000000021617,
  "Minute_Fluctuation": 0.0,
  "Minute_5": 0.000000000000216865303631177,
  "Minute_5_Fluctuation": 0.01227272441340065,
  "Minute_10": 0.000000000000220897621652801,
  "Minute_10_Fluctuation": 0.04084889909996159,
  "Hour": 0.00000000000023912158320577,
  "Hour_Fluctuation": 0.04389035148607537,
  "Day": 0.00000000000024054171370717,
  "Day_Fluctuation": 0.04057417583965822,
  "ThreeDay": 0.00000000000024054171370717,
  "ThreeDay_Fluctuation": 0.04057417583965822,
  "Week": 0.00000000000024054171370717,
  "Week_Fluctuation": 0.040574175839658215,
  "Duration": "01:24:52.1883102",
  "Updated": "2021-01-27T12:38:12.4443597Z",
  "Failed": 0,
  "HashRate_Live": 994244843.0,
  "HashRate_Average": 1000391712.0930189,
  "BlockRate_Live": 807.0,
  "BlockRate_Average": 780.9636550757343,
  "Actual24h_Week": 0.000000195511981010004,
  "Estimate24h_Week": 0.000000204569284842623,
  "ErrorRatio": 0.999257581096722
}
