{
  "Live": 0.00000099113634,
  "Minute": 0.00000099113634,
  "Minute_Fluctuation": 0.0,
  "Minute_5": 0.000000982716665001696,
  "Minute_5_Fluctuation": 0.013833298818349339,
  "Minute_10": 0.00000097450960241496,
  "Minute_10_Fluctuation": 0.018533251213934836,
  "Hour": 0.000000973214821575406,
  "Hour_Fluctuation": 0.02687506547304153,
  "Day": 0.000000973014468162482,
  "Day_Fluctuation": 0.027356369183407954,
  "ThreeDay": 0.000000973014468162482,
  "ThreeDay_Fluctuation": 0.027356369183407954,
  "Week": 0.000000973014468162482,
  "Week_Fluctuation": 0.027356369183407954,
  "Duration": "01:17:30.9429092",
  "Updated": "2021-01-27T12:38:13.6861658Z",
  "Failed": 0,
  "HashRate_Live": 331.0,
  "HashRate_Average": 172.5961500784966,
  "BlockRate_Live": 83.0,
  "BlockRate_Average": 82.27581916957693,
  "Actual24h_Week": 0.000938761749589394,
  "Estimate24h_Week": 0.000915936271228241,
  "ErrorRatio": 1.0
}
