{
  "Live": 0.00000000000052847037,
  "Minute": 0.00000000000052847037,
  "Minute_Fluctuation": 0.0,
  "Minute_5": 0.000000000000524767318740524,
  "Minute_5_Fluctuation": 0.00862253469514087,
  "Minute_10": 0.000000000000521309824445986,
  "Minute_10_Fluctuation": 0.011826871207530162,
  "Hour": 0.000000000000522317072783011,
  "Hour_Fluctuation": 0.01841345158691285,
  "Day": 0.000000000000522271985865421,
  "Day_Fluctuation": 0.01880312876291459,
  "ThreeDay": 0.000000000000522271985865421,
  "ThreeDay_Fluctuation": 0.01880312876291459,
  "Week": 0.000000000000522271985865421,
  "Week_Fluctuation": 0.01880312876291459,
  "Duration": "01:17:30.9429092",
  "Updated": "2021-01-27T12:38:13.7959563Z",
  "Failed": 0,
  "HashRate_Live": 0.0,
  "HashRate_Average": 0.0,
  "BlockRate_Live": 0.0,
  "BlockRate_Average": 0.0,
  "Actual24h_Week": 0.0,
  "Estimate24h_Week": 0.000526028097896496,
  "ErrorRatio": 0.984679034673057
}
