{
  "Live": 0.00000000000005288,
  "Minute": 0.00000000000005288,
  "Minute_Fluctuation": 0.0,
  "Minute_5": 0.0000000000000502841968553894,
  "Minute_5_Fluctuation": 0.07212151102819035,
  "Minute_10": 0.0000000000000486306773067758,
  "Minute_10_Fluctuation": 0.08734910046860582,
  "Hour": 0.000000000000045808321246749,
  "Hour_Fluctuation": 0.08342254666378254,
  "Day": 0.00000000000004563464927439,
  "Day_Fluctuation": 0.08236240068892461,
  "ThreeDay": 0.00000000000004563464927439,
  "ThreeDay_Fluctuation": 0.08236240068892463,
  "Week": 0.00000000000004563464927439,
  "Week_Fluctuation": 0.08236240068892461,
  "Duration": "01:24:52.1883102",
  "Updated": "2021-01-27T12:38:12.2792596Z",
  "Failed": 0,
  "HashRate_Live": 0.0,
  "HashRate_Average": 0.0,
  "BlockRate_Live": 0.0,
  "BlockRate_Average": 0.0,
  "Actual24h_Week": 0.0,
  "Estimate24h_Week": 0.0000000567431866737445,
  "ErrorRatio": 0.983231643002826
}
