{
  "Live": 0.00000000001084054,
  "Minute": 0.00000000001084054,
  "Minute_Fluctuation": 0.0,
  "Minute_5": 0.0000000000108965097775355,
  "Minute_5_Fluctuation": 0.045750243538452744,
  "Minute_10": 0.0000000000104905766486891,
  "Minute_10_Fluctuation": 0.08727735812563646,
  "Hour": 0.0000000000101010128929703,
  "Hour_Fluctuation": 0.15946431245840595,
  "Day": 0.0000000000100753692673851,
  "Day_Fluctuation": 0.1622867667934601,
  "ThreeDay": 0.0000000000100753692673851,
  "ThreeDay_Fluctuation": 0.1622867667934601,
  "Week": 0.0000000000100753692673851,
  "Week_Fluctuation": 0.16228676679346013,
  "Duration": "01:17:30.9429092",
  "Updated": "2021-01-27T12:38:13.4320153Z",
  "Failed": 0,
  "HashRate_Live": 0.0,
  "HashRate_Average": 74282.44551256286,
  "BlockRate_Live": 0.0,
  "BlockRate_Average": 0.0,
  "Actual24h_Week": 0.00000613690867614142,
  "Estimate24h_Week": 0.00000839214981277706,
  "ErrorRatio": 0.995882762816545
}
