{
  "Live": 0.00000000856,
  "Minute": 0.00000000856,
  "Minute_Fluctuation": 0.005875440658049407,
  "Minute_5": 0.00000000852547524792662,
  "Minute_5_Fluctuation": 0.0068030751373206666,
  "Minute_10": 0.00000000849788619729996,
  "Minute_10_Fluctuation": 0.015914262881512004,
  "Hour": 0.00000000776093825471837,
  "Hour_Fluctuation": 0.07691088440355176,
  "Day": 0.00000000712579962689714,
  "Day_Fluctuation": 0.0066423282689868175,
  "ThreeDay": 0.00000000712411455989309,
  "ThreeDay_Fluctuation": 0.006396068367010981,
  "Week": 0.00000000712411455989309,
  "Week_Fluctuation": 0.006396068367010979,
  "Duration": "1.01:27:41.9766011",
  "Updated": "2021-01-27T12:39:13.8225757Z",
  "Failed": 0,
  "HashRate_Live": 71091.0,
  "HashRate_Average": 71096.16461099575,
  "BlockRate_Live": 58.0,
  "BlockRate_Average": 55.05370855357729,
  "Actual24h_Week": 0.00000046551930174996,
  "Estimate24h_Week": 0.000000532768182145556,
  "ErrorRatio": 0.964638542343808
}
