{
  "Live": 0.00000000000000436,
  "Minute": 0.00000000000000436,
  "Minute_Fluctuation": 0.40599455040871935,
  "Minute_5": 0.0000000000000064071947238043,
  "Minute_5_Fluctuation": 0.14830049086262748,
  "Minute_10": 0.0000000000000067358082369827,
  "Minute_10_Fluctuation": 0.14978714482355965,
  "Hour": 0.0000000000000072360790480118,
  "Hour_Fluctuation": 0.1453565836370555,
  "Day": 0.0000000000000079904905475828,
  "Day_Fluctuation": 0.011605076283690908,
  "ThreeDay": 0.000000000000007991639941015,
  "ThreeDay_Fluctuation": 0.011364320897942218,
  "Week": 0.000000000000007991639941015,
  "Week_Fluctuation": 0.011364320897942218,
  "Duration": "1.01:16:25.6193212",
  "Updated": "2021-01-27T12:39:17.1671478Z",
  "Failed": 0,
  "HashRate_Live": 2932031007.0,
  "HashRate_Average": 5077960937.536713,
  "BlockRate_Live": 0.0,
  "BlockRate_Average": 0.0,
  "Actual24h_Week": 0.0,
  "Estimate24h_Week": 0.00000035436215467278,
  "ErrorRatio": 0.721753577728314
}
