{
  "Live": 0.00000000000004227,
  "Minute": 0.00000000000004227,
  "Minute_Fluctuation": 0.0028308563340409825,
  "Minute_5": 0.000000000000042366200383598,
  "Minute_5_Fluctuation": 0.0007942956344840432,
  "Minute_10": 0.0000000000000424322130119243,
  "Minute_10_Fluctuation": 0.006018288920757977,
  "Hour": 0.0000000000000405733964031265,
  "Hour_Fluctuation": 0.09170375076033403,
  "Day": 0.0000000000000336793178414567,
  "Day_Fluctuation": 0.016000389244145055,
  "ThreeDay": 0.0000000000000336664773637432,
  "ThreeDay_Fluctuation": 0.015640827210958313,
  "Week": 0.0000000000000336664773637432,
  "Week_Fluctuation": 0.015640827210958313,
  "Duration": "1.01:16:25.6193212",
  "Updated": "2021-01-27T12:39:17.359591Z",
  "Failed": 0,
  "HashRate_Live": 1172812403.0,
  "HashRate_Average": 1133494753.2698407,
  "BlockRate_Live": 4.0,
  "BlockRate_Average": 3.6808651888368513,
  "Actual24h_Week": 0.00000188630123708692,
  "Estimate24h_Week": 0.000000926376565174641,
  "ErrorRatio": 1.05307429769907
}
