{
  "Live": 0.00000036348404,
  "Minute": 0.00000036348404,
  "Minute_Fluctuation": 0.0,
  "Minute_5": 0.000000363460404472556,
  "Minute_5_Fluctuation": 0.001067891302466155,
  "Minute_10": 0.000000362874149847529,
  "Minute_10_Fluctuation": 0.008285282384669003,
  "Hour": 0.000000376704567995763,
  "Hour_Fluctuation": 0.04165936438266504,
  "Day": 0.000000377610766737513,
  "Day_Fluctuation": 0.04200068228089804,
  "ThreeDay": 0.000000377610766737513,
  "ThreeDay_Fluctuation": 0.04200068228089804,
  "Week": 0.000000377610766737513,
  "Week_Fluctuation": 0.04200068228089804,
  "Duration": "01:24:52.1883102",
  "Updated": "2021-01-27T12:38:12.0413884Z",
  "Failed": 0,
  "HashRate_Live": 1550.0,
  "HashRate_Average": 2298.2855520522307,
  "BlockRate_Live": 42.0,
  "BlockRate_Average": 43.257172773433396,
  "Actual24h_Week": 0.000351685182785109,
  "Estimate24h_Week": 0.00042344536233139,
  "ErrorRatio": 0.997158310337399
}
