{
  "Live": 0.00000000000157993,
  "Minute": 0.00000000000157993,
  "Minute_Fluctuation": 0.0,
  "Minute_5": 0.00000000000157993000285577,
  "Minute_5_Fluctuation": 1.7195688081849006E-08,
  "Minute_10": 0.00000000000157993022099288,
  "Minute_10_Fluctuation": 5.79848746849209E-07,
  "Hour": 0.00000000000157993385392849,
  "Hour_Fluctuation": 2.7788510101564755E-06,
  "Day": 0.00000000000157993411748486,
  "Day_Fluctuation": 2.7937847799271464E-06,
  "ThreeDay": 0.00000000000157993411748486,
  "ThreeDay_Fluctuation": 2.7937847799271464E-06,
  "Week": 0.00000000000157993411748486,
  "Week_Fluctuation": 2.7937847799271464E-06,
  "Duration": "01:24:52.1883102",
  "Updated": "2021-01-27T12:38:12.4521945Z",
  "Failed": 0,
  "HashRate_Live": 176809040.0,
  "HashRate_Average": 136805942.89972937,
  "BlockRate_Live": 9.0,
  "BlockRate_Average": 9.0,
  "Actual24h_Week": 0.00000176144660921968,
  "Estimate24h_Week": 0.00000155988827306321,
  "ErrorRatio": 1.0
}
