{
  "Live": 0.00000000000000051203,
  "Minute": 0.00000000000000051203,
  "Minute_Fluctuation": 0.0,
  "Minute_5": 0.0000000000000005205962101176,
  "Minute_5_Fluctuation": 0.030927507972257053,
  "Minute_10": 0.0000000000000005289360563159,
  "Minute_10_Fluctuation": 0.04907598140103808,
  "Hour": 0.0000000000000005409912449784,
  "Hour_Fluctuation": 0.05702792137404234,
  "Day": 0.0000000000000005415483849328,
  "Day_Fluctuation": 0.05728911509695918,
  "ThreeDay": 0.0000000000000005415483849328,
  "ThreeDay_Fluctuation": 0.05728911509695918,
  "Week": 0.0000000000000005415483849328,
  "Week_Fluctuation": 0.05728911509695918,
  "Duration": "01:17:30.9429092",
  "Updated": "2021-01-27T12:38:13.2282715Z",
  "Failed": 0,
  "HashRate_Live": 0.0,
  "HashRate_Average": 0.0,
  "BlockRate_Live": 0.0,
  "BlockRate_Average": 0.0,
  "Actual24h_Week": 0.0,
  "Estimate24h_Week": 0.00000047,
  "ErrorRatio": 0.984679034673057
}
