{
  "Live": 0.0000000000000425981,
  "Minute": 0.0000000000000425981,
  "Minute_Fluctuation": 0.0,
  "Minute_5": 0.0000000000000425996014687597,
  "Minute_5_Fluctuation": 0.00027548192047137897,
  "Minute_10": 0.0000000000000426685923261457,
  "Minute_10_Fluctuation": 0.007045827041066837,
  "Hour": 0.000000000000044218003483963,
  "Hour_Fluctuation": 0.07746933789882479,
  "Day": 0.0000000000000442746855389752,
  "Day_Fluctuation": 0.07885660099940706,
  "ThreeDay": 0.0000000000000442746855389752,
  "ThreeDay_Fluctuation": 0.07885660099940706,
  "Week": 0.0000000000000442746855389752,
  "Week_Fluctuation": 0.07885660099940706,
  "Duration": "01:17:30.9429092",
  "Updated": "2021-01-27T12:38:13.5856445Z",
  "Failed": 0,
  "HashRate_Live": 1260773333.0,
  "HashRate_Average": 1274779053.9099505,
  "BlockRate_Live": 4.0,
  "BlockRate_Average": 3.893035260588702,
  "Actual24h_Week": 0.0000364939882840208,
  "Estimate24h_Week": 0.0000179089871517509,
  "ErrorRatio": 1.0
}
