{
  "Live": 0.00000000000639921,
  "Minute": 0.00000000000639921,
  "Minute_Fluctuation": 0.0,
  "Minute_5": 0.00000000000629875598073669,
  "Minute_5_Fluctuation": 0.042256804870518805,
  "Minute_10": 0.00000000000603750644927799,
  "Minute_10_Fluctuation": 0.09115193498378135,
  "Hour": 0.0000000000048442050091894,
  "Hour_Fluctuation": 0.1427947650900178,
  "Day": 0.0000000000047571659593149,
  "Day_Fluctuation": 0.13285227137519748,
  "ThreeDay": 0.0000000000047571659593149,
  "ThreeDay_Fluctuation": 0.13285227137519748,
  "Week": 0.0000000000047571659593149,
  "Week_Fluctuation": 0.13285227137519748,
  "Duration": "01:24:52.1883102",
  "Updated": "2021-01-27T12:38:12.5653047Z",
  "Failed": 0,
  "HashRate_Live": 51905955.0,
  "HashRate_Average": 7864938.89664604,
  "BlockRate_Live": 557.0,
  "BlockRate_Average": 523.0300374018835,
  "Actual24h_Week": 0.00000480702958239467,
  "Estimate24h_Week": 0.00000452471039852127,
  "ErrorRatio": 1.0
}
