{
  "Live": 0.00000000000000000584660994,
  "Minute": 0.00000000000000000584660994,
  "Minute_Fluctuation": 0.0,
  "Minute_5": 0.0000000000000000061458410285,
  "Minute_5_Fluctuation": 0.09617893658928112,
  "Minute_10": 0.0000000000000000063996594902,
  "Minute_10_Fluctuation": 0.10006264795510506,
  "Hour": 0.00000000000000000634451716,
  "Hour_Fluctuation": 0.12996292033222764,
  "Day": 0.0000000000000000063366514092,
  "Day_Fluctuation": 0.13196394678080967,
  "ThreeDay": 0.0000000000000000063366514092,
  "ThreeDay_Fluctuation": 0.13196394678080967,
  "Week": 0.0000000000000000063366514092,
  "Week_Fluctuation": 0.13196394678080967,
  "Duration": "01:24:52.1883102",
  "Updated": "2021-01-27T12:38:12.1278101Z",
  "Failed": 0,
  "HashRate_Live": 82118008150838.0,
  "HashRate_Average": 624371363972575.9,
  "BlockRate_Live": 8.0,
  "BlockRate_Average": 8.230663325158574,
  "Actual24h_Week": 0.00725779032810993,
  "Estimate24h_Week": 0.00649197926305202,
  "ErrorRatio": 1.0
}
