{
  "Live": 0.00000000000000023584,
  "Minute": 0.00000000000000023584,
  "Minute_Fluctuation": 0.0,
  "Minute_5": 0.00000000000000023584,
  "Minute_5_Fluctuation": 0.0,
  "Minute_10": 0.00000000000000023584,
  "Minute_10_Fluctuation": 0.0,
  "Hour": 0.00000000000000023584,
  "Hour_Fluctuation": 0.0,
  "Day": 0.00000000000000023584,
  "Day_Fluctuation": 0.0,
  "ThreeDay": 0.00000000000000023584,
  "ThreeDay_Fluctuation": 0.0,
  "Week": 0.00000000000000023584,
  "Week_Fluctuation": 0.0,
  "Duration": "01:24:52.1883102",
  "Updated": "2021-01-27T11:15:51.3211275Z",
  "Failed": 0,
  "HashRate_Live": 0.0,
  "HashRate_Average": 0.0,
  "BlockRate_Live": 0.0,
  "BlockRate_Average": 0.0,
  "Actual24h_Week": 0.0,
  "Estimate24h_Week": 0.000000229983527438806,
  "ErrorRatio": 0.983231643002826
}
