{
  "Live": 0.00000119485,
  "Minute": 0.00000119485,
  "Minute_Fluctuation": 0.019400909470953957,
  "Minute_5": 0.00000117913691009285,
  "Minute_5_Fluctuation": 0.00743555256142976,
  "Minute_10": 0.00000117917509878204,
  "Minute_10_Fluctuation": 0.009844206208529003,
  "Hour": 0.00000115503327624514,
  "Hour_Fluctuation": 0.017396234750473135,
  "Day": 0.00000114172524026132,
  "Day_Fluctuation": 0.0012551302487540043,
  "ThreeDay": 0.00000114169255533904,
  "ThreeDay_Fluctuation": 0.0012177569513144757,
  "Week": 0.00000114169255533904,
  "Week_Fluctuation": 0.001217756951314476,
  "Duration": "1.01:16:25.6193212",
  "Updated": "2021-01-27T12:39:16.7641816Z",
  "Failed": 0,
  "HashRate_Live": 45.0,
  "HashRate_Average": 79.0212695726691,
  "BlockRate_Live": 1.0,
  "BlockRate_Average": 1.0,
  "Actual24h_Week": 0.000050748330583871,
  "Estimate24h_Week": 0.000053652624610468,
  "ErrorRatio": 0.984938119467729
}
