{
  "Live": 0.00000000000001646759,
  "Minute": 0.00000000000001646759,
  "Minute_Fluctuation": 0.0,
  "Minute_5": 0.0000000000000157171603883629,
  "Minute_5_Fluctuation": 0.14812491265303515,
  "Minute_10": 0.0000000000000147542798217982,
  "Minute_10_Fluctuation": 0.18056485459835142,
  "Hour": 0.0000000000000150072683987103,
  "Hour_Fluctuation": 0.14762868967032455,
  "Day": 0.0000000000000150566624048028,
  "Day_Fluctuation": 0.14643283514182062,
  "ThreeDay": 0.0000000000000150566624048028,
  "ThreeDay_Fluctuation": 0.14643283514182062,
  "Week": 0.0000000000000150566624048028,
  "Week_Fluctuation": 0.14643283514182062,
  "Duration": "01:24:52.1883102",
  "Updated": "2021-01-27T12:38:12.0697217Z",
  "Failed": 0,
  "HashRate_Live": 0.0,
  "HashRate_Average": 0.0,
  "BlockRate_Live": 0.0,
  "BlockRate_Average": 0.0,
  "Actual24h_Week": 0.0,
  "Estimate24h_Week": 0.0000148421564970937,
  "ErrorRatio": 0.983231643002826
}
