{
  "Live": 0.00000000000009020002,
  "Minute": 0.00000000000009020002,
  "Minute_Fluctuation": 0.0,
  "Minute_5": 0.0000000000000853971897252566,
  "Minute_5_Fluctuation": 0.04630722938274986,
  "Minute_10": 0.0000000000000833197406289526,
  "Minute_10_Fluctuation": 0.04137198930620289,
  "Hour": 0.0000000000000820220964313087,
  "Hour_Fluctuation": 0.02620526043320201,
  "Day": 0.0000000000000819659291653415,
  "Day_Fluctuation": 0.025424019313406758,
  "ThreeDay": 0.0000000000000819659291653415,
  "ThreeDay_Fluctuation": 0.025424019313406754,
  "Week": 0.0000000000000819659291653415,
  "Week_Fluctuation": 0.025424019313406754,
  "Duration": "01:24:52.1883102",
  "Updated": "2021-01-27T12:38:12.7009456Z",
  "Failed": 0,
  "HashRate_Live": 3366181.0,
  "HashRate_Average": 13780591.63645929,
  "BlockRate_Live": 259.0,
  "BlockRate_Average": 259.0,
  "Actual24h_Week": 0.0000390882067031388,
  "Estimate24h_Week": 0.000101005441478195,
  "ErrorRatio": 0.989720847889071
}
