{
  "Live": 0.00000000000001646759,
  "Minute": 0.00000000000001646759,
  "Minute_Fluctuation": 0.0,
  "Minute_5": 0.0000000000000157170226966347,
  "Minute_5_Fluctuation": 0.14813412866980324,
  "Minute_10": 0.0000000000000147534276200494,
  "Minute_10_Fluctuation": 0.18057027484615035,
  "Hour": 0.0000000000000153860881899483,
  "Hour_Fluctuation": 0.11933200102693935,
  "Day": 0.0000000000000153985535018728,
  "Day_Fluctuation": 0.11903109482906747,
  "ThreeDay": 0.0000000000000153985535018728,
  "ThreeDay_Fluctuation": 0.11903109482906747,
  "Week": 0.0000000000000153985535018728,
  "Week_Fluctuation": 0.11903109482906747,
  "Duration": "01:17:30.9429092",
  "Updated": "2021-01-27T12:38:13.1897226Z",
  "Failed": 0,
  "HashRate_Live": 0.0,
  "HashRate_Average": 0.0,
  "BlockRate_Live": 0.0,
  "BlockRate_Average": 0.0,
  "Actual24h_Week": 0.0,
  "Estimate24h_Week": 0.0000148542868602135,
  "ErrorRatio": 0.984679034673057
}
