{
  "Live": 0.0000000000000425981,
  "Minute": 0.0000000000000425981,
  "Minute_Fluctuation": 0.0,
  "Minute_5": 0.0000000000000425996014687597,
  "Minute_5_Fluctuation": 0.00027548192047137897,
  "Minute_10": 0.0000000000000426671813022809,
  "Minute_10_Fluctuation": 0.006910477752446808,
  "Hour": 0.0000000000000432745568682454,
  "Hour_Fluctuation": 0.07173139287700493,
  "Day": 0.0000000000000433208173311184,
  "Day_Fluctuation": 0.07551565587608312,
  "ThreeDay": 0.0000000000000433208173311184,
  "ThreeDay_Fluctuation": 0.07551565587608312,
  "Week": 0.0000000000000433208173311184,
  "Week_Fluctuation": 0.07551565587608312,
  "Duration": "01:24:52.1883102",
  "Updated": "2021-01-27T12:38:12.4237763Z",
  "Failed": 0,
  "HashRate_Live": 8063085271.0,
  "HashRate_Average": 5567734902.285269,
  "BlockRate_Live": 11.0,
  "BlockRate_Average": 9.141784659440368,
  "Actual24h_Week": 0.0000368590983742673,
  "Estimate24h_Week": 0.0000178233809610391,
  "ErrorRatio": 1.0
}
