{
  "Live": 0.00000000138845,
  "Minute": 0.00000000138845,
  "Minute_Fluctuation": 0.0,
  "Minute_5": 0.00000000139403276038427,
  "Minute_5_Fluctuation": 0.012683657304115862,
  "Minute_10": 0.00000000140957470810738,
  "Minute_10_Fluctuation": 0.03129639608384351,
  "Hour": 0.00000000137855639078854,
  "Hour_Fluctuation": 0.07408793371662961,
  "Day": 0.00000000137665534754611,
  "Day_Fluctuation": 0.07788265140445218,
  "ThreeDay": 0.00000000137665534754611,
  "ThreeDay_Fluctuation": 0.07788265140445216,
  "Week": 0.00000000137665534754611,
  "Week_Fluctuation": 0.07788265140445216,
  "Duration": "01:24:52.1883102",
  "Updated": "2021-01-27T12:38:11.9446388Z",
  "Failed": 0,
  "HashRate_Live": 6012691.0,
  "HashRate_Average": 1406020.1258453943,
  "BlockRate_Live": 17.0,
  "BlockRate_Average": 16.323973226910542,
  "Actual24h_Week": 0.00000144667215104884,
  "Estimate24h_Week": 0.00000129250192768086,
  "ErrorRatio": 1.0
}
