{
  "Live": 0.00000000000001421065,
  "Minute": 0.00000000000001421065,
  "Minute_Fluctuation": 0.0,
  "Minute_5": 0.0000000000000134448190142276,
  "Minute_5_Fluctuation": 0.182363193131932,
  "Minute_10": 0.0000000000000124608391984941,
  "Minute_10_Fluctuation": 0.22165061277802184,
  "Hour": 0.0000000000000127228982577173,
  "Hour_Fluctuation": 0.17900184026094013,
  "Day": 0.0000000000000127735454136245,
  "Day_Fluctuation": 0.1776205759449553,
  "ThreeDay": 0.0000000000000127735454136245,
  "ThreeDay_Fluctuation": 0.1776205759449553,
  "Week": 0.0000000000000127735454136245,
  "Week_Fluctuation": 0.1776205759449553,
  "Duration": "01:24:52.1883102",
  "Updated": "2021-01-27T12:38:12.1477727Z",
  "Failed": 0,
  "HashRate_Live": 0.0,
  "HashRate_Average": 0.0,
  "BlockRate_Live": 1.0,
  "BlockRate_Average": 1.0,
  "Actual24h_Week": 0.0,
  "Estimate24h_Week": 0.0000125611199971918,
  "ErrorRatio": 0.983231643002826
}
