{
  "Live": 0.00000000000050411,
  "Minute": 0.00000000000050411,
  "Minute_Fluctuation": 0.03659748499789775,
  "Minute_5": 0.0000000000005177338732364,
  "Minute_5_Fluctuation": 0.012072458106455053,
  "Minute_10": 0.000000000000517086369434179,
  "Minute_10_Fluctuation": 0.01223718644753815,
  "Hour": 0.000000000000524893022396872,
  "Hour_Fluctuation": 0.02018349194859008,
  "Day": 0.000000000000542864647631942,
  "Day_Fluctuation": 0.0022784212232720247,
  "ThreeDay": 0.000000000000542901363015588,
  "ThreeDay_Fluctuation": 0.0022136968578315573,
  "Week": 0.000000000000542901363015588,
  "Week_Fluctuation": 0.0022136968578315573,
  "Duration": "1.01:16:25.6193212",
  "Updated": "2021-01-27T12:39:17.4934181Z",
  "Failed": 0,
  "HashRate_Live": 0.0,
  "HashRate_Average": 0.0,
  "BlockRate_Live": 0.0,
  "BlockRate_Average": 0.0,
  "Actual24h_Week": 0.0,
  "Estimate24h_Week": 0.0000272019550948522,
  "ErrorRatio": 0.721753577728314
}
