{
  "Live": 0.00000000000000268835,
  "Minute": 0.00000000000000268835,
  "Minute_Fluctuation": 0.0,
  "Minute_5": 0.0000000000000026029307568793,
  "Minute_5_Fluctuation": 0.07250228678778393,
  "Minute_10": 0.0000000000000024519844532471,
  "Minute_10_Fluctuation": 0.1394192413625443,
  "Hour": 0.0000000000000022145111447521,
  "Hour_Fluctuation": 0.15711220780832913,
  "Day": 0.000000000000002196891243219,
  "Day_Fluctuation": 0.15578593483665817,
  "ThreeDay": 0.000000000000002196891243219,
  "ThreeDay_Fluctuation": 0.15578593483665812,
  "Week": 0.000000000000002196891243219,
  "Week_Fluctuation": 0.15578593483665812,
  "Duration": "01:24:52.1883102",
  "Updated": "2021-01-27T12:36:07.6847218Z",
  "Failed": 0,
  "HashRate_Live": 0.0,
  "HashRate_Average": 308793381.8436184,
  "BlockRate_Live": 18.0,
  "BlockRate_Average": 17.930739770594162,
  "Actual24h_Week": 0.000000397974772053466,
  "Estimate24h_Week": 0.00000202146426101646,
  "ErrorRatio": 0.986532904955539
}
