{
  "Live": 0.00000000000058,
  "Minute": 0.00000000000058,
  "Minute_Fluctuation": 0.016949152542372812,
  "Minute_5": 0.000000000000585541713606754,
  "Minute_5_Fluctuation": 0.008948322296786609,
  "Minute_10": 0.000000000000584492980305464,
  "Minute_10_Fluctuation": 0.007448846007793788,
  "Hour": 0.000000000000578383786312466,
  "Hour_Fluctuation": 0.008271546111864182,
  "Day": 0.000000000000570566377381108,
  "Day_Fluctuation": 0.0009704059609194036,
  "ThreeDay": 0.000000000000570547215125791,
  "ThreeDay_Fluctuation": 0.0009382991063443403,
  "Week": 0.000000000000570547215125791,
  "Week_Fluctuation": 0.0009382991063443402,
  "Duration": "1.01:27:41.9766011",
  "Updated": "2021-01-27T12:39:12.9325644Z",
  "Failed": 0,
  "HashRate_Live": 141139622.0,
  "HashRate_Average": 170996132.9774195,
  "BlockRate_Live": 1.0,
  "BlockRate_Average": 1.0,
  "Actual24h_Week": 0.000000121950137849796,
  "Estimate24h_Week": 0.0000000360567903789472,
  "ErrorRatio": 1.06090250695718
}
