{
  "Live": 0.00000000000000051203,
  "Minute": 0.00000000000000051203,
  "Minute_Fluctuation": 0.0,
  "Minute_5": 0.0000000000000005205961798442,
  "Minute_5_Fluctuation": 0.03092755989264602,
  "Minute_10": 0.0000000000000005289335299753,
  "Minute_10_Fluctuation": 0.049072689505499444,
  "Hour": 0.0000000000000005395236208355,
  "Hour_Fluctuation": 0.05254138011746085,
  "Day": 0.0000000000000005398888634688,
  "Day_Fluctuation": 0.05266101118595244,
  "ThreeDay": 0.0000000000000005398888634688,
  "ThreeDay_Fluctuation": 0.05266101118595244,
  "Week": 0.0000000000000005398888634688,
  "Week_Fluctuation": 0.05266101118595244,
  "Duration": "01:24:52.1883102",
  "Updated": "2021-01-27T12:38:12.1027859Z",
  "Failed": 0,
  "HashRate_Live": 0.0,
  "HashRate_Average": 0.0,
  "BlockRate_Live": 0.0,
  "BlockRate_Average": 0.0,
  "Actual24h_Week": 0.0,
  "Estimate24h_Week": 0.0000004699663386793,
  "ErrorRatio": 0.983231643002826
}
