{
  "Live": 0.0000000000101116,
  "Minute": 0.0000000000101116,
  "Minute_Fluctuation": 0.0,
  "Minute_5": 0.00000000000949040353397289,
  "Minute_5_Fluctuation": 0.06725679836272547,
  "Minute_10": 0.00000000000905093551264405,
  "Minute_10_Fluctuation": 0.08490052857934573,
  "Hour": 0.0000000000093695603576481,
  "Hour_Fluctuation": 0.16921544633629224,
  "Day": 0.00000000000938960800788558,
  "Day_Fluctuation": 0.1766011495789413,
  "ThreeDay": 0.00000000000938960800788558,
  "ThreeDay_Fluctuation": 0.1766011495789413,
  "Week": 0.00000000000938960800788558,
  "Week_Fluctuation": 0.1766011495789413,
  "Duration": "01:24:52.1883102",
  "Updated": "2021-01-27T12:38:12.139469Z",
  "Failed": 0,
  "HashRate_Live": 0.0,
  "HashRate_Average": 227643.7354122348,
  "BlockRate_Live": 71.0,
  "BlockRate_Average": 71.86336946817148,
  "Actual24h_Week": 0.0000089517884123372,
  "Estimate24h_Week": 0.00000997828549894263,
  "ErrorRatio": 0.998274987260428
}
