{
  "Live": 0.00000042763,
  "Minute": 0.00000042763,
  "Minute_Fluctuation": 0.042090408135836144,
  "Minute_5": 0.000000447605200080578,
  "Minute_5_Fluctuation": 0.07244619294536529,
  "Minute_10": 0.000000441523661679624,
  "Minute_10_Fluctuation": 0.08431781245595601,
  "Hour": 0.000000436824770727025,
  "Hour_Fluctuation": 0.09489191886149781,
  "Day": 0.000000496464693195637,
  "Day_Fluctuation": 0.010546293670459336,
  "ThreeDay": 0.000000496603205268404,
  "ThreeDay_Fluctuation": 0.010279260512950283,
  "Week": 0.000000496603205268404,
  "Week_Fluctuation": 0.010279260512950283,
  "Duration": "1.01:27:41.9766011",
  "Updated": "2021-01-27T12:39:12.8963574Z",
  "Failed": 0,
  "HashRate_Live": 20499.0,
  "HashRate_Average": 12771.128046054873,
  "BlockRate_Live": 219.0,
  "BlockRate_Average": 223.0136193556528,
  "Actual24h_Week": 0.0000265540631204682,
  "Estimate24h_Week": 0.0000275276596194669,
  "ErrorRatio": 0.990091838090914
}
