{
  "Live": 0.00000000000000072072,
  "Minute": 0.00000000000000072072,
  "Minute_Fluctuation": 0.0,
  "Minute_5": 0.00000000000000072072,
  "Minute_5_Fluctuation": 0.0,
  "Minute_10": 0.00000000000000072072,
  "Minute_10_Fluctuation": 0.0,
  "Hour": 0.00000000000000072072,
  "Hour_Fluctuation": 0.0,
  "Day": 0.00000000000000072072,
  "Day_Fluctuation": 0.0,
  "ThreeDay": 0.00000000000000072072,
  "ThreeDay_Fluctuation": 0.0,
  "Week": 0.00000000000000072072,
  "Week_Fluctuation": 0.0,
  "Duration": "1.01:16:25.6193212",
  "Updated": "2021-01-27T12:39:16.9340856Z",
  "Failed": 0,
  "HashRate_Live": 6480195116597.0,
  "HashRate_Average": 6042198329011.414,
  "BlockRate_Live": 72.0,
  "BlockRate_Average": 70.25924106178066,
  "Actual24h_Week": 0.000043169255686326,
  "Estimate24h_Week": 0.0000369184916746292,
  "ErrorRatio": 1.04711061161565
}
