{
  "Live": 0.00000000000007016302,
  "Minute": 0.00000000000007016302,
  "Minute_Fluctuation": 0.0,
  "Minute_5": 0.0000000000000697532689393023,
  "Minute_5_Fluctuation": 0.02308901919677808,
  "Minute_10": 0.0000000000000695467378623963,
  "Minute_10_Fluctuation": 0.030178837016027506,
  "Hour": 0.0000000000000725343434029033,
  "Hour_Fluctuation": 0.03974983055492299,
  "Day": 0.0000000000000728071987019331,
  "Day_Fluctuation": 0.03871243520464685,
  "ThreeDay": 0.0000000000000728071987019331,
  "ThreeDay_Fluctuation": 0.03871243520464685,
  "Week": 0.0000000000000728071987019331,
  "Week_Fluctuation": 0.03871243520464685,
  "Duration": "01:24:52.1883102",
  "Updated": "2021-01-27T12:38:12.7637199Z",
  "Failed": 0,
  "HashRate_Live": 501070570.0,
  "HashRate_Average": 509536178.41950977,
  "BlockRate_Live": 132.0,
  "BlockRate_Average": 140.94362478526574,
  "Actual24h_Week": 0.0000660360500800042,
  "Estimate24h_Week": 0.0000870319092269506,
  "ErrorRatio": 0.995954747347662
}
