{
  "Live": 0.00000000000131585,
  "Minute": 0.00000000000131585,
  "Minute_Fluctuation": 0.0,
  "Minute_5": 0.00000000000233369834057215,
  "Minute_5_Fluctuation": 0.6579845885883694,
  "Minute_10": 0.00000000000913270466390929,
  "Minute_10_Fluctuation": 0.8020089893127269,
  "Hour": 0.0000000000166442743718814,
  "Hour_Fluctuation": 0.7114279695477017,
  "Day": 0.0000000000166442743718814,
  "Day_Fluctuation": 0.7114279695477017,
  "ThreeDay": 0.0000000000166442743718814,
  "ThreeDay_Fluctuation": 0.7114279695477017,
  "Week": 0.0000000000166442743718814,
  "Week_Fluctuation": 0.7114279695477017,
  "Duration": "00:26:03.5326621",
  "Updated": "2021-01-27T12:38:12.6243034Z",
  "Failed": 0,
  "HashRate_Live": 0.0,
  "HashRate_Average": 0.0,
  "BlockRate_Live": 65.0,
  "BlockRate_Average": 68.02581953777462,
  "Actual24h_Week": 0.00000178446886764029,
  "Estimate24h_Week": 0.00000185945464202195,
  "ErrorRatio": 0.99979176356046
}
