{
  "Live": 0.00000000000637,
  "Minute": 0.00000000000637,
  "Minute_Fluctuation": 0.0,
  "Minute_5": 0.00000000000627872859082274,
  "Minute_5_Fluctuation": 0.04213622001508853,
  "Minute_10": 0.00000000000601047395848945,
  "Minute_10_Fluctuation": 0.09536283828284009,
  "Hour": 0.00000000000478229597742614,
  "Hour_Fluctuation": 0.13529579277105425,
  "Day": 0.00000000000405052632837782,
  "Day_Fluctuation": 0.009950011403560197,
  "ThreeDay": 0.00000000000404892609327463,
  "ThreeDay_Fluctuation": 0.009562760037647614,
  "Week": 0.00000000000404892609327463,
  "Week_Fluctuation": 0.009562760037647612,
  "Duration": "1.01:16:25.6193212",
  "Updated": "2021-01-27T12:37:13.1852358Z",
  "Failed": 0,
  "HashRate_Live": 0.0,
  "HashRate_Average": 0.0,
  "BlockRate_Live": 9.0,
  "BlockRate_Average": 9.0,
  "Actual24h_Week": 0.000000248386738592432,
  "Estimate24h_Week": 0.000000233919816788358,
  "ErrorRatio": 1.01720832928366
}
