{
  "Live": 0.00000000000000001034127,
  "Minute": 0.00000000000000001034127,
  "Minute_Fluctuation": 0.0,
  "Minute_5": 0.0000000000000000095783081793,
  "Minute_5_Fluctuation": 0.11996189967032948,
  "Minute_10": 0.0000000000000000091059262419,
  "Minute_10_Fluctuation": 0.1363281883729241,
  "Hour": 0.0000000000000000079759051499,
  "Hour_Fluctuation": 0.1871894674909905,
  "Day": 0.000000000000000007928919792,
  "Day_Fluctuation": 0.18740613332700326,
  "ThreeDay": 0.000000000000000007928919792,
  "ThreeDay_Fluctuation": 0.18740613332700323,
  "Week": 0.000000000000000007928919792,
  "Week_Fluctuation": 0.18740613332700326,
  "Duration": "01:17:30.9429092",
  "Updated": "2021-01-27T12:38:13.9790707Z",
  "Failed": 0,
  "HashRate_Live": 4292493395.0,
  "HashRate_Average": 3121848578.4239326,
  "BlockRate_Live": 0.0,
  "BlockRate_Average": 0.0,
  "Actual24h_Week": 0.0000141280521148882,
  "Estimate24h_Week": 0.0000115132136686952,
  "ErrorRatio": 1.0
}
