{
  "Live": 0.0000000000000026901,
  "Minute": 0.0000000000000026901,
  "Minute_Fluctuation": 0.0,
  "Minute_5": 0.0000000000000028787037227663,
  "Minute_5_Fluctuation": 0.07089069660131574,
  "Minute_10": 0.0000000000000030013926730934,
  "Minute_10_Fluctuation": 0.07868072376139884,
  "Hour": 0.0000000000000031212321856828,
  "Hour_Fluctuation": 0.07730164962217731,
  "Day": 0.0000000000000031268482652652,
  "Day_Fluctuation": 0.07723201608895215,
  "ThreeDay": 0.0000000000000031268482652652,
  "ThreeDay_Fluctuation": 0.07723201608895215,
  "Week": 0.0000000000000031268482652652,
  "Week_Fluctuation": 0.07723201608895215,
  "Duration": "01:17:30.9429092",
  "Updated": "2021-01-27T12:38:13.5301376Z",
  "Failed": 0,
  "HashRate_Live": 0.0,
  "HashRate_Average": 16332478124.061007,
  "BlockRate_Live": 1.0,
  "BlockRate_Average": 1.0,
  "Actual24h_Week": 0.0000080287644768169,
  "Estimate24h_Week": 0.00000338754351417641,
  "ErrorRatio": 1.0
}
