{
  "Live": 0.00000000000015739558,
  "Minute": 0.00000000000015739558,
  "Minute_Fluctuation": 0.0,
  "Minute_5": 0.000000000000270042847959844,
  "Minute_5_Fluctuation": 0.634862180049523,
  "Minute_10": 0.000000000000645712784783904,
  "Minute_10_Fluctuation": 0.7983969434194079,
  "Hour": 0.000000000000730262230412339,
  "Hour_Fluctuation": 0.5325896005004166,
  "Day": 0.000000000000731574061725634,
  "Day_Fluctuation": 0.5320058891884708,
  "ThreeDay": 0.000000000000731574061725634,
  "ThreeDay_Fluctuation": 0.5320058891884708,
  "Week": 0.000000000000731574061725634,
  "Week_Fluctuation": 0.5320058891884708,
  "Duration": "01:04:37.8195253",
  "Updated": "2021-01-27T12:38:13.5170623Z",
  "Failed": 0,
  "HashRate_Live": 0.0,
  "HashRate_Average": 174930.4687757014,
  "BlockRate_Live": 0.0,
  "BlockRate_Average": 0.0,
  "Actual24h_Week": 0.000214686915031161,
  "Estimate24h_Week": 0.000282996651656039,
  "ErrorRatio": 0.996914592064996
}
