{
  "Live": 0.00000000000000035288,
  "Minute": 0.00000000000000035288,
  "Minute_Fluctuation": 0.0,
  "Minute_5": 0.0000000000000003558844853024,
  "Minute_5_Fluctuation": 0.020861523206425227,
  "Minute_10": 0.0000000000000003623952313821,
  "Minute_10_Fluctuation": 0.035887225914363274,
  "Hour": 0.000000000000000370375386025,
  "Hour_Fluctuation": 0.05890285446134264,
  "Day": 0.0000000000000003709867824661,
  "Day_Fluctuation": 0.060451277435144085,
  "ThreeDay": 0.0000000000000003709867824661,
  "ThreeDay_Fluctuation": 0.060451277435144085,
  "Week": 0.0000000000000003709867824661,
  "Week_Fluctuation": 0.0604512774351441,
  "Duration": "01:24:52.1883102",
  "Updated": "2021-01-27T12:38:12.3060265Z",
  "Failed": 0,
  "HashRate_Live": 15070639378.0,
  "HashRate_Average": 31905737163.508625,
  "BlockRate_Live": 114.0,
  "BlockRate_Average": 117.47158255565853,
  "Actual24h_Week": 0.000000378429666034349,
  "Estimate24h_Week": 0.000000359715177540203,
  "ErrorRatio": 1.0
}
