{
  "Live": 0.00000000000002559553,
  "Minute": 0.00000000000002559553,
  "Minute_Fluctuation": 0.0,
  "Minute_5": 0.0000000000000255944475644363,
  "Minute_5_Fluctuation": 0.0002955410566879673,
  "Minute_10": 0.0000000000000255615334253718,
  "Minute_10_Fluctuation": 0.0046515367565094345,
  "Hour": 0.0000000000000250162087184338,
  "Hour_Fluctuation": 0.015349114023503285,
  "Day": 0.0000000000000249959354660652,
  "Day_Fluctuation": 0.01504773120388066,
  "ThreeDay": 0.0000000000000249959354660652,
  "ThreeDay_Fluctuation": 0.01504773120388066,
  "Week": 0.0000000000000249959354660652,
  "Week_Fluctuation": 0.01504773120388066,
  "Duration": "01:17:30.9429092",
  "Updated": "2021-01-27T12:38:13.474921Z",
  "Failed": 0,
  "HashRate_Live": 0.0,
  "HashRate_Average": 0.0,
  "BlockRate_Live": 0.0,
  "BlockRate_Average": 0.0,
  "Actual24h_Week": 0.0000248392571260907,
  "Estimate24h_Week": 0.0000240501808919149,
  "ErrorRatio": 1.0
}
