{
  "Live": 0.00000000000000046,
  "Minute": 0.00000000000000046,
  "Minute_Fluctuation": 0.02222222222222215,
  "Minute_5": 0.0000000000000004531057762113,
  "Minute_5_Fluctuation": 0.05296049204687049,
  "Minute_10": 0.0000000000000004519493584772,
  "Minute_10_Fluctuation": 0.10478282561210367,
  "Hour": 0.0000000000000004750625328069,
  "Hour_Fluctuation": 0.27064870483936765,
  "Day": 0.0000000000000003316974508088,
  "Day_Fluctuation": 0.034968512946320696,
  "ThreeDay": 0.0000000000000003314185434191,
  "ThreeDay_Fluctuation": 0.03417956801719684,
  "Week": 0.0000000000000003314185434191,
  "Week_Fluctuation": 0.03417956801719684,
  "Duration": "1.01:16:25.6193212",
  "Updated": "2021-01-27T12:39:17.5312459Z",
  "Failed": 0,
  "HashRate_Live": 23632169920.0,
  "HashRate_Average": 19266804376.748177,
  "BlockRate_Live": 8.0,
  "BlockRate_Average": 6.968452850595878,
  "Actual24h_Week": 0.0000000232866751413113,
  "Estimate24h_Week": 0.0000000259306260919505,
  "ErrorRatio": 0.9716293046659
}
