{
  "Live": 0.00000000000000000917,
  "Minute": 0.00000000000000000917,
  "Minute_Fluctuation": 0.0,
  "Minute_5": 0.000000000000000008662337648,
  "Minute_5_Fluctuation": 0.08096888656780536,
  "Minute_10": 0.0000000000000000086656779732,
  "Minute_10_Fluctuation": 0.08652694866543954,
  "Hour": 0.0000000000000000100574128756,
  "Hour_Fluctuation": 0.12709977387278357,
  "Day": 0.0000000000000000101161583146,
  "Day_Fluctuation": 0.12574587073510077,
  "ThreeDay": 0.0000000000000000101161583146,
  "ThreeDay_Fluctuation": 0.12574587073510074,
  "Week": 0.0000000000000000101161583146,
  "Week_Fluctuation": 0.12574587073510066,
  "Duration": "01:17:30.9429092",
  "Updated": "2021-01-27T12:38:13.629432Z",
  "Failed": 0,
  "HashRate_Live": 0.0,
  "HashRate_Average": 0.0,
  "BlockRate_Live": 0.0,
  "BlockRate_Average": 0.0,
  "Actual24h_Week": 0.0,
  "Estimate24h_Week": 0.00000001,
  "ErrorRatio": 0.984679034673057
}
