{
  "Live": 0.00000000000000959103,
  "Minute": 0.00000000000000959103,
  "Minute_Fluctuation": 0.0,
  "Minute_5": 0.000000000000009591074265089,
  "Minute_5_Fluctuation": 5.547473482049756E-05,
  "Minute_10": 0.0000000000000096027842524795,
  "Minute_10_Fluctuation": 0.006172036505512426,
  "Hour": 0.0000000000000102936310587706,
  "Hour_Fluctuation": 0.06938297910842692,
  "Day": 0.000000000000010341679429213,
  "Day_Fluctuation": 0.06924551271211668,
  "ThreeDay": 0.000000000000010341679429213,
  "ThreeDay_Fluctuation": 0.06924551271211668,
  "Week": 0.000000000000010341679429213,
  "Week_Fluctuation": 0.06924551271211668,
  "Duration": "01:24:52.1883102",
  "Updated": "2021-01-27T11:56:45.4388075Z",
  "Failed": 0,
  "HashRate_Live": 0.0,
  "HashRate_Average": 0.0,
  "BlockRate_Live": 0.0,
  "BlockRate_Average": 0.0,
  "Actual24h_Week": 0.0,
  "Estimate24h_Week": 0.0000108502409604449,
  "ErrorRatio": 0.983231643002826
}
