{
  "Live": 0.00000000000581469,
  "Minute": 0.00000000000581469,
  "Minute_Fluctuation": 0.0,
  "Minute_5": 0.00000000000597503635649192,
  "Minute_5_Fluctuation": 0.027206923985888594,
  "Minute_10": 0.0000000000060576933148933,
  "Minute_10_Fluctuation": 0.02697477553539216,
  "Hour": 0.00000000000612630420003523,
  "Hour_Fluctuation": 0.04414937629151705,
  "Day": 0.00000000000612938805086252,
  "Day_Fluctuation": 0.04555619010297787,
  "ThreeDay": 0.00000000000612938805086252,
  "ThreeDay_Fluctuation": 0.04555619010297787,
  "Week": 0.00000000000612938805086252,
  "Week_Fluctuation": 0.04555619010297787,
  "Duration": "01:24:52.1883102",
  "Updated": "2021-01-27T12:38:12.548569Z",
  "Failed": 0,
  "HashRate_Live": 90525714.0,
  "HashRate_Average": 59128721.54176356,
  "BlockRate_Live": 241.0,
  "BlockRate_Average": 242.83212974182314,
  "Actual24h_Week": 0.00000673285254310231,
  "Estimate24h_Week": 0.0000059247365992383,
  "ErrorRatio": 1.0
}
