{
  "Live": 0.00000000000000017668,
  "Minute": 0.00000000000000017668,
  "Minute_Fluctuation": 0.0,
  "Minute_5": 0.0000000000000001698978127008,
  "Minute_5_Fluctuation": 0.058287767974525825,
  "Minute_10": 0.0000000000000001682849717086,
  "Minute_10_Fluctuation": 0.08944958455055155,
  "Hour": 0.0000000000000001855778905313,
  "Hour_Fluctuation": 0.25286103777415875,
  "Day": 0.0000000000000001862585465132,
  "Day_Fluctuation": 0.2580855753657771,
  "ThreeDay": 0.0000000000000001862585465132,
  "ThreeDay_Fluctuation": 0.25808557536577703,
  "Week": 0.0000000000000001862585465132,
  "Week_Fluctuation": 0.25808557536577703,
  "Duration": "01:17:30.9429092",
  "Updated": "2021-01-27T12:38:13.3641103Z",
  "Failed": 0,
  "HashRate_Live": 0.0,
  "HashRate_Average": 0.0,
  "BlockRate_Live": 0.0,
  "BlockRate_Average": 0.0,
  "Actual24h_Week": 0.0,
  "Estimate24h_Week": 0.000000177156221446438,
  "ErrorRatio": 0.984679034673057
}
