{
  "Live": 0.00000000000059812841,
  "Minute": 0.00000000000059812841,
  "Minute_Fluctuation": 0.0,
  "Minute_5": 0.000000000000599029632046077,
  "Minute_5_Fluctuation": 0.0259989620953821,
  "Minute_10": 0.000000000000621227625936688,
  "Minute_10_Fluctuation": 0.07265220926677432,
  "Hour": 0.000000000000691106916926064,
  "Hour_Fluctuation": 0.05597383306793886,
  "Day": 0.000000000000696563095718542,
  "Day_Fluctuation": 0.05090518193696652,
  "ThreeDay": 0.000000000000696563095718542,
  "ThreeDay_Fluctuation": 0.05090518193696652,
  "Week": 0.000000000000696563095718542,
  "Week_Fluctuation": 0.05090518193696652,
  "Duration": "01:24:52.1883102",
  "Updated": "2021-01-27T12:38:12.6922245Z",
  "Failed": 0,
  "HashRate_Live": 814243086.0,
  "HashRate_Average": 847120534.3998796,
  "BlockRate_Live": 3.0,
  "BlockRate_Average": 3.0,
  "Actual24h_Week": 0.000312166741485438,
  "Estimate24h_Week": 0.000597758027363284,
  "ErrorRatio": 0.991988569926856
}
