{
  "Live": 0.00000000000000321,
  "Minute": 0.00000000000000321,
  "Minute_Fluctuation": 0.0,
  "Minute_5": 0.0000000000000034573826225567,
  "Minute_5_Fluctuation": 0.13681944710239893,
  "Minute_10": 0.0000000000000036902973953206,
  "Minute_10_Fluctuation": 0.15646644754958647,
  "Hour": 0.0000000000000033651052602984,
  "Hour_Fluctuation": 0.19992582250693183,
  "Day": 0.0000000000000023655975089951,
  "Day_Fluctuation": 0.031676255717211256,
  "ThreeDay": 0.0000000000000023631210234735,
  "ThreeDay_Fluctuation": 0.030681332973136716,
  "Week": 0.0000000000000023631210234735,
  "Week_Fluctuation": 0.030681332973136716,
  "Duration": "1.01:27:41.9766011",
  "Updated": "2021-01-27T12:39:12.7596121Z",
  "Failed": 0,
  "HashRate_Live": 182546418002.0,
  "HashRate_Average": 181223599700.2138,
  "BlockRate_Live": 172.0,
  "BlockRate_Average": 173.10474156109174,
  "Actual24h_Week": 0.000000174137715831806,
  "Estimate24h_Week": 0.000000280977970220557,
  "ErrorRatio": 0.893476353824567
}
