{
  "Live": 0.00000000000000005287,
  "Minute": 0.00000000000000005287,
  "Minute_Fluctuation": 0.0,
  "Minute_5": 0.0000000000000000530303570308,
  "Minute_5_Fluctuation": 0.004871911289961009,
  "Minute_10": 0.0000000000000000532046068119,
  "Minute_10_Fluctuation": 0.007077457999555357,
  "Hour": 0.0000000000000000530484070354,
  "Hour_Fluctuation": 0.011439528913171581,
  "Day": 0.0000000000000000530356009932,
  "Day_Fluctuation": 0.011830407813187832,
  "ThreeDay": 0.0000000000000000530356009932,
  "ThreeDay_Fluctuation": 0.011830407813187832,
  "Week": 0.0000000000000000530356009932,
  "Week_Fluctuation": 0.011830407813187832,
  "Duration": "01:24:52.1883102",
  "Updated": "2021-01-27T12:38:11.9292207Z",
  "Failed": 0,
  "HashRate_Live": 0.0,
  "HashRate_Average": 0.0,
  "BlockRate_Live": 42.0,
  "BlockRate_Average": 42.25286085055133,
  "Actual24h_Week": 0.0,
  "Estimate24h_Week": 0.0000000499964190084362,
  "ErrorRatio": 0.983231643002826
}
