{
  "Live": 0.0000000000011338,
  "Minute": 0.0000000000011338,
  "Minute_Fluctuation": 0.0,
  "Minute_5": 0.00000000000113429117681245,
  "Minute_5_Fluctuation": 0.022231183498918835,
  "Minute_10": 0.00000000000115539572363031,
  "Minute_10_Fluctuation": 0.03171332284599701,
  "Hour": 0.00000000000120470079186073,
  "Hour_Fluctuation": 0.019742614961462263,
  "Day": 0.00000000000120692482593813,
  "Day_Fluctuation": 0.018454506526499204,
  "ThreeDay": 0.00000000000120692482593813,
  "ThreeDay_Fluctuation": 0.018454506526499204,
  "Week": 0.00000000000120692482593813,
  "Week_Fluctuation": 0.018454506526499204,
  "Duration": "01:17:30.9429092",
  "Updated": "2021-01-27T12:38:13.7832079Z",
  "Failed": 0,
  "HashRate_Live": 0.0,
  "HashRate_Average": 21604061.341953274,
  "BlockRate_Live": 64.0,
  "BlockRate_Average": 68.21917268357927,
  "Actual24h_Week": 0.00000141079086760939,
  "Estimate24h_Week": 0.00000138415832779091,
  "ErrorRatio": 1.0
}
