{
  "Live": 0.00000001431,
  "Minute": 0.00000001431,
  "Minute_Fluctuation": 0.015818431911966947,
  "Minute_5": 0.0000000144222916259113,
  "Minute_5_Fluctuation": 0.016579486989143334,
  "Minute_10": 0.0000000143474351921739,
  "Minute_10_Fluctuation": 0.023481263290244477,
  "Hour": 0.0000000153273105332442,
  "Hour_Fluctuation": 0.0521366425127968,
  "Day": 0.000000016293561390125,
  "Day_Fluctuation": 0.004152567083842292,
  "ThreeDay": 0.0000000162960984149545,
  "ThreeDay_Fluctuation": 0.003991687989350459,
  "Week": 0.0000000162960984149545,
  "Week_Fluctuation": 0.003991687989350458,
  "Duration": "1.01:27:41.9766011",
  "Updated": "2021-01-27T12:39:12.8177019Z",
  "Failed": 0,
  "HashRate_Live": 3278.0,
  "HashRate_Average": 3244.9071883570336,
  "BlockRate_Live": 183.0,
  "BlockRate_Average": 185.42167106675788,
  "Actual24h_Week": 0.000000895657449255148,
  "Estimate24h_Week": 0.000000857146486941426,
  "ErrorRatio": 1.01258672380008
}
