{
  "Live": 0.00000000000000000909,
  "Minute": 0.00000000000000000909,
  "Minute_Fluctuation": 0.15355329949238544,
  "Minute_5": 0.0000000000000000079860578242,
  "Minute_5_Fluctuation": 0.09516688377489704,
  "Minute_10": 0.0000000000000000078042990054,
  "Minute_10_Fluctuation": 0.10389425341638286,
  "Hour": 0.0000000000000000067256918522,
  "Hour_Fluctuation": 0.13999872273656158,
  "Day": 0.000000000000000005574830801,
  "Day_Fluctuation": 0.013514292280624394,
  "ThreeDay": 0.0000000000000000055724097025,
  "ThreeDay_Fluctuation": 0.013091875715930677,
  "Week": 0.0000000000000000055724097025,
  "Week_Fluctuation": 0.01309187571593068,
  "Duration": "1.01:16:25.6193212",
  "Updated": "2021-01-27T12:39:16.6258541Z",
  "Failed": 0,
  "HashRate_Live": 12373170851.0,
  "HashRate_Average": 10076971538.3225,
  "BlockRate_Live": 0.0,
  "BlockRate_Average": 0.0,
  "Actual24h_Week": 0.000000713857896615513,
  "Estimate24h_Week": 0.00000057039280419895,
  "ErrorRatio": 1.05307429769907
}
