{
  "Live": 0.00000000000000100882,
  "Minute": 0.00000000000000100882,
  "Minute_Fluctuation": 0.0,
  "Minute_5": 0.0000000000000010087574847194,
  "Minute_5_Fluctuation": 0.000340665879580008,
  "Minute_10": 0.0000000000000010079940065523,
  "Minute_10_Fluctuation": 0.0020014477268365696,
  "Hour": 0.0000000000000010029998829446,
  "Hour_Fluctuation": 0.0023785069475763566,
  "Day": 0.0000000000000010027962311849,
  "Day_Fluctuation": 0.00225178858367389,
  "ThreeDay": 0.0000000000000010027962311849,
  "ThreeDay_Fluctuation": 0.00225178858367389,
  "Week": 0.0000000000000010027962311849,
  "Week_Fluctuation": 0.00225178858367389,
  "Duration": "01:17:30.9429092",
  "Updated": "2021-01-27T12:18:32.5200631Z",
  "Failed": 0,
  "HashRate_Live": 0.0,
  "HashRate_Average": 0.0,
  "BlockRate_Live": 0.0,
  "BlockRate_Average": 0.0,
  "Actual24h_Week": 0.0,
  "Estimate24h_Week": 0.000000816888024759891,
  "ErrorRatio": 0.984679034673057
}
