{
  "Live": 0.00000000000000618852,
  "Minute": 0.00000000000000618852,
  "Minute_Fluctuation": 0.0,
  "Minute_5": 0.0000000000000062350896641796,
  "Minute_5_Fluctuation": 0.01223234091069775,
  "Minute_10": 0.0000000000000062423037037323,
  "Minute_10_Fluctuation": 0.022766991627794407,
  "Hour": 0.0000000000000056176890125826,
  "Hour_Fluctuation": 0.09727684921791274,
  "Day": 0.0000000000000055717737467702,
  "Day_Fluctuation": 0.09539889350464367,
  "ThreeDay": 0.0000000000000055717737467702,
  "ThreeDay_Fluctuation": 0.09539889350464367,
  "Week": 0.0000000000000055717737467702,
  "Week_Fluctuation": 0.09539889350464367,
  "Duration": "01:24:52.1883102",
  "Updated": "2021-01-27T12:36:08.1583779Z",
  "Failed": 0,
  "HashRate_Live": 0.0,
  "HashRate_Average": 0.0,
  "BlockRate_Live": 0.0,
  "BlockRate_Average": 0.0,
  "Actual24h_Week": 0.0,
  "Estimate24h_Week": 0.00000613815122406874,
  "ErrorRatio": 0.983231643002826
}
