{
  "Live": 0.00000000000023,
  "Minute": 0.00000000000023,
  "Minute_Fluctuation": 0.0,
  "Minute_5": 0.000000000000228758856065369,
  "Minute_5_Fluctuation": 0.024648164002697495,
  "Minute_10": 0.000000000000231810887996813,
  "Minute_10_Fluctuation": 0.03170340722753474,
  "Hour": 0.000000000000255487626699551,
  "Hour_Fluctuation": 0.073709417849567,
  "Day": 0.00000000000028773687816875,
  "Day_Fluctuation": 0.007664063991349451,
  "ThreeDay": 0.000000000000287801666665783,
  "ThreeDay_Fluctuation": 0.007448308067257712,
  "Week": 0.000000000000287801666665783,
  "Week_Fluctuation": 0.007448308067257713,
  "Duration": "1.01:16:25.6193212",
  "Updated": "2021-01-27T12:39:17.5704307Z",
  "Failed": 0,
  "HashRate_Live": 89220787.0,
  "HashRate_Average": 121574716.1889212,
  "BlockRate_Live": 6.0,
  "BlockRate_Average": 3.387053813760134,
  "Actual24h_Week": 0.0000000115864920929013,
  "Estimate24h_Week": 0.0000000124109872582569,
  "ErrorRatio": 0.981515344011985
}
