{
  "Live": 0.00000000000235867,
  "Minute": 0.00000000000235867,
  "Minute_Fluctuation": 0.0,
  "Minute_5": 0.00000000000228815414520851,
  "Minute_5_Fluctuation": 0.08109016790963856,
  "Minute_10": 0.00000000000230287325433737,
  "Minute_10_Fluctuation": 0.06203393501742109,
  "Hour": 0.00000000000229961565483142,
  "Hour_Fluctuation": 0.04377303167222323,
  "Day": 0.00000000000230042517215851,
  "Day_Fluctuation": 0.042802992027965364,
  "ThreeDay": 0.00000000000230042517215851,
  "ThreeDay_Fluctuation": 0.042802992027965364,
  "Week": 0.00000000000230042517215851,
  "Week_Fluctuation": 0.042802992027965364,
  "Duration": "01:17:30.9429092",
  "Updated": "2021-01-27T12:38:13.3223002Z",
  "Failed": 0,
  "HashRate_Live": 733162357.0,
  "HashRate_Average": 726228383.9868078,
  "BlockRate_Live": 0.0,
  "BlockRate_Average": 0.0,
  "Actual24h_Week": 0.0,
  "Estimate24h_Week": 0.00000233258271786681,
  "ErrorRatio": 0.984679034673057
}
