{
  "Live": 0.00000000856,
  "Minute": 0.00000000856,
  "Minute_Fluctuation": 0.005875440658049407,
  "Minute_5": 0.00000000852547849043325,
  "Minute_5_Fluctuation": 0.006802920019193398,
  "Minute_10": 0.00000000849791020648801,
  "Minute_10_Fluctuation": 0.015935743766731528,
  "Hour": 0.00000000765933503585344,
  "Hour_Fluctuation": 0.08823817254025983,
  "Day": 0.00000000673870135581248,
  "Day_Fluctuation": 0.008600040417212556,
  "ThreeDay": 0.00000000673675477911784,
  "ThreeDay_Fluctuation": 0.008320573459218097,
  "Week": 0.00000000673675477911784,
  "Week_Fluctuation": 0.008320573459218097,
  "Duration": "1.01:16:25.6193212",
  "Updated": "2021-01-27T12:39:17.7192943Z",
  "Failed": 0,
  "HashRate_Live": 6258.0,
  "HashRate_Average": 6073.904711554054,
  "BlockRate_Live": 7.0,
  "BlockRate_Average": 7.0,
  "Actual24h_Week": 0.000000408134969780449,
  "Estimate24h_Week": 0.000000465244412984163,
  "ErrorRatio": 0.965844838098244
}
