{
  "Live": 0.00000000000715066,
  "Minute": 0.00000000000715066,
  "Minute_Fluctuation": 0.0,
  "Minute_5": 0.00000000000701425323106128,
  "Minute_5_Fluctuation": 0.04905823193279322,
  "Minute_10": 0.00000000000668903461257134,
  "Minute_10_Fluctuation": 0.10732752679889533,
  "Hour": 0.00000000000608475720534849,
  "Hour_Fluctuation": 0.1901269506037527,
  "Day": 0.00000000000605271937871083,
  "Day_Fluctuation": 0.1911741382439353,
  "ThreeDay": 0.00000000000605271937871083,
  "ThreeDay_Fluctuation": 0.1911741382439353,
  "Week": 0.00000000000605271937871083,
  "Week_Fluctuation": 0.1911741382439353,
  "Duration": "01:17:30.9429092",
  "Updated": "2021-01-27T12:38:13.3599108Z",
  "Failed": 0,
  "HashRate_Live": 0.0,
  "HashRate_Average": 0.0,
  "BlockRate_Live": 0.0,
  "BlockRate_Average": 0.0,
  "Actual24h_Week": 0.0,
  "Estimate24h_Week": 0.00000698898973292502,
  "ErrorRatio": 0.984679034673057
}
