{
  "Live": 0.0000000000000026901,
  "Minute": 0.0000000000000026901,
  "Minute_Fluctuation": 0.0,
  "Minute_5": 0.0000000000000028789585620371,
  "Minute_5_Fluctuation": 0.07094780923186823,
  "Minute_10": 0.0000000000000030043841169025,
  "Minute_10_Fluctuation": 0.07893315984467894,
  "Hour": 0.0000000000000030981582083426,
  "Hour_Fluctuation": 0.07470607296573649,
  "Day": 0.0000000000000031045295375331,
  "Day_Fluctuation": 0.07479057437761458,
  "ThreeDay": 0.0000000000000031045295375331,
  "ThreeDay_Fluctuation": 0.07479057437761458,
  "Week": 0.0000000000000031045295375331,
  "Week_Fluctuation": 0.07479057437761458,
  "Duration": "01:24:52.1883102",
  "Updated": "2021-01-27T12:38:12.3816122Z",
  "Failed": 0,
  "HashRate_Live": 0.0,
  "HashRate_Average": 7342179699.673788,
  "BlockRate_Live": 1.0,
  "BlockRate_Average": 1.0,
  "Actual24h_Week": 0.00000804190856865109,
  "Estimate24h_Week": 0.00000338669673268175,
  "ErrorRatio": 1.0
}
