{
  "Live": 0.00000000000000270963,
  "Minute": 0.00000000000000270963,
  "Minute_Fluctuation": 0.0,
  "Minute_5": 0.000000000000002709625377908,
  "Minute_5_Fluctuation": 2.1973639106809766E-05,
  "Minute_10": 0.0000000000000027078216891088,
  "Minute_10_Fluctuation": 0.003895167337261617,
  "Hour": 0.0000000000000025883587686256,
  "Hour_Fluctuation": 0.05870925889416811,
  "Day": 0.0000000000000025841153660549,
  "Day_Fluctuation": 0.0590659327678677,
  "ThreeDay": 0.0000000000000025841153660549,
  "ThreeDay_Fluctuation": 0.05906593276786771,
  "Week": 0.0000000000000025841153660549,
  "Week_Fluctuation": 0.0590659327678677,
  "Duration": "01:17:30.9429092",
  "Updated": "2021-01-27T12:06:31.831808Z",
  "Failed": 0,
  "HashRate_Live": 0.0,
  "HashRate_Average": 279307605.9220492,
  "BlockRate_Live": 28.0,
  "BlockRate_Average": 28.0,
  "Actual24h_Week": 0.000000889279939204186,
  "Estimate24h_Week": 0.00000235057140134679,
  "ErrorRatio": 0.990475338970254
}
