{
  "Live": 0.00000001379536,
  "Minute": 0.00000001379536,
  "Minute_Fluctuation": 0.0,
  "Minute_5": 0.0000000142002733655585,
  "Minute_5_Fluctuation": 0.04623430759461048,
  "Minute_10": 0.0000000147139953227191,
  "Minute_10_Fluctuation": 0.05341741058376731,
  "Hour": 0.0000000158884874968327,
  "Hour_Fluctuation": 0.04181492918934513,
  "Day": 0.0000000159409474106138,
  "Day_Fluctuation": 0.03974731107300039,
  "ThreeDay": 0.0000000159409474106138,
  "ThreeDay_Fluctuation": 0.03974731107300039,
  "Week": 0.0000000159409474106138,
  "Week_Fluctuation": 0.03974731107300039,
  "Duration": "01:17:30.9429092",
  "Updated": "2021-01-27T12:38:13.5010408Z",
  "Failed": 0,
  "HashRate_Live": 69342.0,
  "HashRate_Average": 69662.0841516878,
  "BlockRate_Live": 29.0,
  "BlockRate_Average": 28.897626102405873,
  "Actual24h_Week": 0.0000118727678914709,
  "Estimate24h_Week": 0.0000115670800942493,
  "ErrorRatio": 1.0
}
