{
  "Live": 0.00000000000000000532212998,
  "Minute": 0.00000000000000000532212998,
  "Minute_Fluctuation": 0.0,
  "Minute_5": 0.0000000000000000053229768341,
  "Minute_5_Fluctuation": 0.0003578660832296394,
  "Minute_10": 0.0000000000000000053212211892,
  "Minute_10_Fluctuation": 0.0012754989243959223,
  "Hour": 0.0000000000000000052943758677,
  "Hour_Fluctuation": 0.0034316338740327237,
  "Day": 0.0000000000000000052933518161,
  "Day_Fluctuation": 0.003352580325577499,
  "ThreeDay": 0.0000000000000000052933518161,
  "ThreeDay_Fluctuation": 0.003352580325577499,
  "Week": 0.0000000000000000052933518161,
  "Week_Fluctuation": 0.003352580325577499,
  "Duration": "01:17:30.9429092",
  "Updated": "2021-01-27T12:38:13.4492494Z",
  "Failed": 0,
  "HashRate_Live": 0.0,
  "HashRate_Average": 961793170607.8718,
  "BlockRate_Live": 3.0,
  "BlockRate_Average": 3.0,
  "Actual24h_Week": 0.00111400187157059,
  "Estimate24h_Week": 0.00534127462924832,
  "ErrorRatio": 0.987874448733031
}
