{
  "Live": 0.00000000000000067841,
  "Minute": 0.00000000000000067841,
  "Minute_Fluctuation": 0.0,
  "Minute_5": 0.0000000000000011471157595805,
  "Minute_5_Fluctuation": 0.7359927730687573,
  "Minute_10": 0.0000000000000008897016208125,
  "Minute_10_Fluctuation": 0.5263856430955999,
  "Hour": 0.0000000000000003458159296067,
  "Hour_Fluctuation": 0.6181245594030415,
  "Day": 0.0000000000000003074045435021,
  "Day_Fluctuation": 0.5083939368248638,
  "ThreeDay": 0.0000000000000003074045435021,
  "ThreeDay_Fluctuation": 0.5083939368248638,
  "Week": 0.0000000000000003074045435021,
  "Week_Fluctuation": 0.5083939368248638,
  "Duration": "01:24:52.1883102",
  "Updated": "2021-01-27T12:38:12.7048096Z",
  "Failed": 0,
  "HashRate_Live": 30082638136.0,
  "HashRate_Average": 23636717477.03377,
  "BlockRate_Live": 28.0,
  "BlockRate_Average": 31.643035535397168,
  "Actual24h_Week": 0.00000028283671919208,
  "Estimate24h_Week": 0.00000054784791821213,
  "ErrorRatio": 0.991888620462556
}
