{
  "Live": 0.0000000010865,
  "Minute": 0.0000000010865,
  "Minute_Fluctuation": 0.0,
  "Minute_5": 0.00000000111726656133227,
  "Minute_5_Fluctuation": 0.03746557967367821,
  "Minute_10": 0.00000000114054721958108,
  "Minute_10_Fluctuation": 0.03679471416223963,
  "Hour": 0.0000000011323338903587,
  "Hour_Fluctuation": 0.03200380373994543,
  "Day": 0.00000000113230660905346,
  "Day_Fluctuation": 0.03176175951264003,
  "ThreeDay": 0.00000000113230660905346,
  "ThreeDay_Fluctuation": 0.03176175951264003,
  "Week": 0.00000000113230660905346,
  "Week_Fluctuation": 0.03176175951264,
  "Duration": "01:17:30.9429092",
  "Updated": "2021-01-27T12:38:13.4365766Z",
  "Failed": 0,
  "HashRate_Live": 0.0,
  "HashRate_Average": 180423.12430195368,
  "BlockRate_Live": 1.0,
  "BlockRate_Average": 1.0,
  "Actual24h_Week": 0.000000904369125530314,
  "Estimate24h_Week": 0.00000111284377855356,
  "ErrorRatio": 0.997129846082559
}
