{
  "Live": 0.00000000000000014,
  "Minute": 0.00000000000000014,
  "Minute_Fluctuation": 0.07692307692307684,
  "Minute_5": 0.0000000000000001295490064916,
  "Minute_5_Fluctuation": 0.11786087338275764,
  "Minute_10": 0.0000000000000001187683440819,
  "Minute_10_Fluctuation": 0.29681169224523274,
  "Hour": 0.0000000000000001207233188329,
  "Hour_Fluctuation": 0.32952709204262126,
  "Day": 0.000000000000000092953295201,
  "Day_Fluctuation": 0.041174021947021716,
  "ThreeDay": 0.000000000000000092895166863,
  "ThreeDay_Fluctuation": 0.04018512430104072,
  "Week": 0.000000000000000092895166863,
  "Week_Fluctuation": 0.04018512430104072,
  "Duration": "1.01:27:41.9766011",
  "Updated": "2021-01-27T12:39:13.213628Z",
  "Failed": 0,
  "HashRate_Live": 5074812044171.0,
  "HashRate_Average": 6453000609690.03,
  "BlockRate_Live": 65.0,
  "BlockRate_Average": 58.25456440592262,
  "Actual24h_Week": 0.00000000759666688144082,
  "Estimate24h_Week": 0.00000000783354429714559,
  "ErrorRatio": 0.99152872591268
}
