{
  "Live": 0.00000000000009822727,
  "Minute": 0.00000000000009822727,
  "Minute_Fluctuation": 0.0,
  "Minute_5": 0.0000000000000973974984428398,
  "Minute_5_Fluctuation": 0.022415536712255556,
  "Minute_10": 0.0000000000000966010549150852,
  "Minute_10_Fluctuation": 0.030263933357235356,
  "Hour": 0.0000000000000998891078039157,
  "Hour_Fluctuation": 0.029920302030783177,
  "Day": 0.000000000000100001603227004,
  "Day_Fluctuation": 0.029877449765707845,
  "ThreeDay": 0.000000000000100001603227004,
  "ThreeDay_Fluctuation": 0.029877449765707845,
  "Week": 0.000000000000100001603227004,
  "Week_Fluctuation": 0.029877449765707845,
  "Duration": "01:17:30.9429092",
  "Updated": "2021-01-27T12:38:13.372121Z",
  "Failed": 0,
  "HashRate_Live": 71049496.0,
  "HashRate_Average": 118746694.23478457,
  "BlockRate_Live": 37.0,
  "BlockRate_Average": 36.415560938397455,
  "Actual24h_Week": 0.0000788240788121141,
  "Estimate24h_Week": 0.0000954384447738555,
  "ErrorRatio": 0.99733285548154
}
