{
  "Live": 0.00000000000000873514,
  "Minute": 0.00000000000000873514,
  "Minute_Fluctuation": 0.0,
  "Minute_5": 0.0000000000000085724408973192,
  "Minute_5_Fluctuation": 0.035209881804053336,
  "Minute_10": 0.0000000000000082788337559617,
  "Minute_10_Fluctuation": 0.07441290740048573,
  "Hour": 0.0000000000000069618816673162,
  "Hour_Fluctuation": 0.15267255939327404,
  "Day": 0.0000000000000069071886206365,
  "Day_Fluctuation": 0.14972562647373605,
  "ThreeDay": 0.0000000000000069071886206365,
  "ThreeDay_Fluctuation": 0.14972562647373605,
  "Week": 0.0000000000000069071886206365,
  "Week_Fluctuation": 0.14972562647373605,
  "Duration": "01:17:30.9429092",
  "Updated": "2021-01-27T12:38:13.711209Z",
  "Failed": 0,
  "HashRate_Live": 2609507597.0,
  "HashRate_Average": 2634295279.441887,
  "BlockRate_Live": 16.0,
  "BlockRate_Average": 16.743722458288037,
  "Actual24h_Week": 0.000011696297703938,
  "Estimate24h_Week": 0.00000848807330429842,
  "ErrorRatio": 1.0
}
