{
  "Live": 0.00000000000000260643,
  "Minute": 0.00000000000000260643,
  "Minute_Fluctuation": 0.0,
  "Minute_5": 0.0000000000000025811937037392,
  "Minute_5_Fluctuation": 0.034285657632358475,
  "Minute_10": 0.000000000000002492659648872,
  "Minute_10_Fluctuation": 0.08925696579799515,
  "Hour": 0.0000000000000024657541671082,
  "Hour_Fluctuation": 0.13111381918292153,
  "Day": 0.000000000000002461165292191,
  "Day_Fluctuation": 0.13635588251486275,
  "ThreeDay": 0.000000000000002461165292191,
  "ThreeDay_Fluctuation": 0.13635588251486275,
  "Week": 0.000000000000002461165292191,
  "Week_Fluctuation": 0.13635588251486275,
  "Duration": "01:24:52.1883102",
  "Updated": "2021-01-27T12:38:12.7906319Z",
  "Failed": 0,
  "HashRate_Live": 0.0,
  "HashRate_Average": 73687031.49054825,
  "BlockRate_Live": 0.0,
  "BlockRate_Average": 0.0,
  "Actual24h_Week": 0.0,
  "Estimate24h_Week": 0.00000276500345249605,
  "ErrorRatio": 0.983231643002826
}
