{
  "Live": 0.00000000000000043342,
  "Minute": 0.00000000000000043342,
  "Minute_Fluctuation": 0.0,
  "Minute_5": 0.0000000000000004153668065372,
  "Minute_5_Fluctuation": 0.0617112777599061,
  "Minute_10": 0.000000000000000398168385003,
  "Minute_10_Fluctuation": 0.0726784371859456,
  "Hour": 0.0000000000000003231561366087,
  "Hour_Fluctuation": 0.19750867794967306,
  "Day": 0.0000000000000003180406701323,
  "Day_Fluctuation": 0.19354973596930583,
  "ThreeDay": 0.0000000000000003180406701323,
  "ThreeDay_Fluctuation": 0.19354973596930583,
  "Week": 0.0000000000000003180406701323,
  "Week_Fluctuation": 0.19354973596930583,
  "Duration": "01:24:52.1883102",
  "Updated": "2021-01-27T12:38:11.9536783Z",
  "Failed": 0,
  "HashRate_Live": 1117103813820.0,
  "HashRate_Average": 99057756136.75307,
  "BlockRate_Live": 24.0,
  "BlockRate_Average": 22.473640894852352,
  "Actual24h_Week": 0.000000502426088995218,
  "Estimate24h_Week": 0.000000329976365455679,
  "ErrorRatio": 1.0
}
