{
  "Live": 0.00000039580388,
  "Minute": 0.00000039580388,
  "Minute_Fluctuation": 0.0,
  "Minute_5": 0.000000395856371887163,
  "Minute_5_Fluctuation": 0.0006811271613420681,
  "Minute_10": 0.000000396445621527454,
  "Minute_10_Fluctuation": 0.004082513387954722,
  "Hour": 0.000000401043859425811,
  "Hour_Fluctuation": 0.008987864919528157,
  "Day": 0.000000401392847362216,
  "Day_Fluctuation": 0.008682723531281694,
  "ThreeDay": 0.000000401392847362216,
  "ThreeDay_Fluctuation": 0.008682723531281694,
  "Week": 0.000000401392847362216,
  "Week_Fluctuation": 0.008682723531281694,
  "Duration": "01:24:52.1883102",
  "Updated": "2021-01-27T12:38:12.0457109Z",
  "Failed": 0,
  "HashRate_Live": 12594.0,
  "HashRate_Average": 7340.136131294257,
  "BlockRate_Live": 3.0,
  "BlockRate_Average": 3.0,
  "Actual24h_Week": 0.000542995890169979,
  "Estimate24h_Week": 0.000410716922391106,
  "ErrorRatio": 1.0
}
