{
  "Live": 0.00000000000008410009,
  "Minute": 0.00000000000008410009,
  "Minute_Fluctuation": 0.0,
  "Minute_5": 0.000000000000120354516380861,
  "Minute_5_Fluctuation": 0.3689087252792896,
  "Minute_10": 0.000000000000152265082775517,
  "Minute_10_Fluctuation": 0.6293179956328909,
  "Hour": 0.000000000000174011521105111,
  "Hour_Fluctuation": 0.6304201853024,
  "Day": 0.000000000000174011521105111,
  "Day_Fluctuation": 0.6304201853024,
  "ThreeDay": 0.000000000000174011521105111,
  "ThreeDay_Fluctuation": 0.6304201853024,
  "Week": 0.000000000000174011521105111,
  "Week_Fluctuation": 0.6304201853024,
  "Duration": "00:38:14.1399225",
  "Updated": "2021-01-27T12:38:13.5689924Z",
  "Failed": 0,
  "HashRate_Live": 3078484918.0,
  "HashRate_Average": 3481039698.6176,
  "BlockRate_Live": 153.0,
  "BlockRate_Average": 151.6948891716982,
  "Actual24h_Week": 0.000126706401085489,
  "Estimate24h_Week": 0.00016519946321683,
  "ErrorRatio": 0.998235638895912
}
