{
  "Live": 0.00000000155607,
  "Minute": 0.00000000155607,
  "Minute_Fluctuation": 0.0,
  "Minute_5": 0.0000000015756501928237,
  "Minute_5_Fluctuation": 0.02803888011542961,
  "Minute_10": 0.00000000162120334442434,
  "Minute_10_Fluctuation": 0.04831142234007168,
  "Hour": 0.00000000172162579525659,
  "Hour_Fluctuation": 0.03914829642131817,
  "Day": 0.00000000172925241563907,
  "Day_Fluctuation": 0.036710530881388134,
  "ThreeDay": 0.00000000172925241563907,
  "ThreeDay_Fluctuation": 0.03671053088138814,
  "Week": 0.00000000172925241563907,
  "Week_Fluctuation": 0.036710530881388134,
  "Duration": "01:24:52.1883102",
  "Updated": "2021-01-27T12:38:12.4823258Z",
  "Failed": 0,
  "HashRate_Live": 2175.0,
  "HashRate_Average": 2736.9779170909596,
  "BlockRate_Live": 27.0,
  "BlockRate_Average": 22.139135224338755,
  "Actual24h_Week": 0.0000000701626867178412,
  "Estimate24h_Week": 0.000000969406340139173,
  "ErrorRatio": 0.984445285755149
}
