{
  "Live": 0.000000000000000006624,
  "Minute": 0.000000000000000006624,
  "Minute_Fluctuation": 0.00010870746820303429,
  "Minute_5": 0.000000000000000006633303576,
  "Minute_5_Fluctuation": 0.013435677007954644,
  "Minute_10": 0.000000000000000006685860753,
  "Minute_10_Fluctuation": 0.027581658876672136,
  "Hour": 0.000000000000000006998687731,
  "Hour_Fluctuation": 0.06132812499666922,
  "Day": 0.0000000000000000074528597695,
  "Day_Fluctuation": 0.005977303275914861,
  "ThreeDay": 0.0000000000000000074537166898,
  "ThreeDay_Fluctuation": 0.005840894827887622,
  "Week": 0.0000000000000000074537166898,
  "Week_Fluctuation": 0.005840894827887622,
  "Duration": "1.01:16:25.6193212",
  "Updated": "2021-01-27T12:39:17.3398683Z",
  "Failed": 0,
  "HashRate_Live": 1702222795048080.0,
  "HashRate_Average": 1621577550165708.2,
  "BlockRate_Live": 69.0,
  "BlockRate_Average": 68.47240946702193,
  "Actual24h_Week": 0.00032164228504302,
  "Estimate24h_Week": 0.000364646720277692,
  "ErrorRatio": 0.96718514227483
}
