{
  "Live": 0.00000000000070859,
  "Minute": 0.00000000000070859,
  "Minute_Fluctuation": 0.0,
  "Minute_5": 0.000000000000705870078208577,
  "Minute_5_Fluctuation": 0.015730831483596202,
  "Minute_10": 0.000000000000710511369709783,
  "Minute_10_Fluctuation": 0.039466105441385214,
  "Hour": 0.00000000000076028376213371,
  "Hour_Fluctuation": 0.08283716549109388,
  "Day": 0.000000000000762258329411745,
  "Day_Fluctuation": 0.0830964592263775,
  "ThreeDay": 0.000000000000762258329411745,
  "ThreeDay_Fluctuation": 0.08309645922637747,
  "Week": 0.000000000000762258329411745,
  "Week_Fluctuation": 0.0830964592263775,
  "Duration": "01:17:30.9429092",
  "Updated": "2021-01-27T12:28:54.41993Z",
  "Failed": 0,
  "HashRate_Live": 0.0,
  "HashRate_Average": 0.0,
  "BlockRate_Live": 0.0,
  "BlockRate_Average": 0.0,
  "Actual24h_Week": 0.00000048,
  "Estimate24h_Week": 0.000000846505441490306,
  "ErrorRatio": 0.993366590589987
}
