{
  "Live": 0.00000000000000734289,
  "Minute": 0.00000000000000734289,
  "Minute_Fluctuation": 0.0,
  "Minute_5": 0.0000000000000069221210704533,
  "Minute_5_Fluctuation": 0.09120655991299816,
  "Minute_10": 0.0000000000000069240420592034,
  "Minute_10_Fluctuation": 0.12311538123710938,
  "Hour": 0.0000000000000065332506278828,
  "Hour_Fluctuation": 0.2278914599350885,
  "Day": 0.000000000000006518988668351,
  "Day_Fluctuation": 0.23586417827726944,
  "ThreeDay": 0.000000000000006518988668351,
  "ThreeDay_Fluctuation": 0.23586417827726944,
  "Week": 0.000000000000006518988668351,
  "Week_Fluctuation": 0.23586417827726944,
  "Duration": "01:24:52.1883102",
  "Updated": "2021-01-27T12:38:12.1200325Z",
  "Failed": 0,
  "HashRate_Live": 112478573506.0,
  "HashRate_Average": 104987761137.34932,
  "BlockRate_Live": 0.0,
  "BlockRate_Average": 0.0,
  "Actual24h_Week": 0.0,
  "Estimate24h_Week": 0.00000685246283091759,
  "ErrorRatio": 0.983231643002826
}
