{
  "Live": 0.00000000092675,
  "Minute": 0.00000000092675,
  "Minute_Fluctuation": 0.0,
  "Minute_5": 0.000000000927527051943787,
  "Minute_5_Fluctuation": 0.0038205536373213857,
  "Minute_10": 0.000000000935113003310372,
  "Minute_10_Fluctuation": 0.02262045006072157,
  "Hour": 0.00000000104283094091886,
  "Hour_Fluctuation": 0.09067511002932727,
  "Day": 0.00000000105058931104652,
  "Day_Fluctuation": 0.08906532087102335,
  "ThreeDay": 0.00000000105058931104652,
  "ThreeDay_Fluctuation": 0.08906532087102335,
  "Week": 0.00000000105058931104652,
  "Week_Fluctuation": 0.08906532087102334,
  "Duration": "01:24:52.1883102",
  "Updated": "2021-01-27T12:38:12.7341166Z",
  "Failed": 0,
  "HashRate_Live": 542239.0,
  "HashRate_Average": 826203.8841218466,
  "BlockRate_Live": 51.0,
  "BlockRate_Average": 50.13375251512475,
  "Actual24h_Week": 0.00000100065604937854,
  "Estimate24h_Week": 0.000000959931244961974,
  "ErrorRatio": 1.0
}
