{
  "Live": 0.00000000000132,
  "Minute": 0.00000000000132,
  "Minute_Fluctuation": 0.0,
  "Minute_5": 0.00000000000127513329520197,
  "Minute_5_Fluctuation": 0.05138602112150785,
  "Minute_10": 0.00000000000132127871492107,
  "Minute_10_Fluctuation": 0.1400964393567438,
  "Hour": 0.00000000000187358373161318,
  "Hour_Fluctuation": 0.21745295451601981,
  "Day": 0.00000000000206265839332542,
  "Day_Fluctuation": 0.01303638226266218,
  "ThreeDay": 0.0000000000020631008719692,
  "ThreeDay_Fluctuation": 0.012606578334762036,
  "Week": 0.0000000000020631008719692,
  "Week_Fluctuation": 0.012606578334762034,
  "Duration": "1.01:16:25.6193212",
  "Updated": "2021-01-27T12:39:16.5236261Z",
  "Failed": 0,
  "HashRate_Live": 12713103.0,
  "HashRate_Average": 16602580.534308264,
  "BlockRate_Live": 65.0,
  "BlockRate_Average": 63.80074850510975,
  "Actual24h_Week": 0.0000000908534980552066,
  "Estimate24h_Week": 0.0000000959399119816555,
  "ErrorRatio": 0.985248303359942
}
