{
  "Live": 0.00000072267773,
  "Minute": 0.00000072267773,
  "Minute_Fluctuation": 0.0,
  "Minute_5": 0.000000727104075734667,
  "Minute_5_Fluctuation": 0.007732512626694911,
  "Minute_10": 0.000000724558108890524,
  "Minute_10_Fluctuation": 0.011095723661990846,
  "Hour": 0.000000729793093155611,
  "Hour_Fluctuation": 0.022825473234772815,
  "Day": 0.000000730053904864475,
  "Day_Fluctuation": 0.023872781794940123,
  "ThreeDay": 0.000000730053904864475,
  "ThreeDay_Fluctuation": 0.023872781794940127,
  "Week": 0.000000730053904864475,
  "Week_Fluctuation": 0.023872781794940123,
  "Duration": "01:24:52.1883102",
  "Updated": "2021-01-27T12:38:12.8236943Z",
  "Failed": 0,
  "HashRate_Live": 3793.0,
  "HashRate_Average": 5460.821017250909,
  "BlockRate_Live": 398.0,
  "BlockRate_Average": 394.7895616672081,
  "Actual24h_Week": 0.00102662581516096,
  "Estimate24h_Week": 0.000906655716592469,
  "ErrorRatio": 1.0
}
