{
  "Live": 0.000000000000000724345,
  "Minute": 0.000000000000000724345,
  "Minute_Fluctuation": 0.0,
  "Minute_5": 0.0000000000000007243449477212,
  "Minute_5_Fluctuation": 1.456122192958273E-07,
  "Minute_10": 0.000000000000000724344970174,
  "Minute_10_Fluctuation": 1.840027001150681E-07,
  "Hour": 0.0000000000000007243450825105,
  "Hour_Fluctuation": 3.270194095133592E-07,
  "Day": 0.0000000000000007243450898169,
  "Day_Fluctuation": 3.3464261810445526E-07,
  "ThreeDay": 0.0000000000000007243450898169,
  "ThreeDay_Fluctuation": 3.3464261810445526E-07,
  "Week": 0.0000000000000007243450898169,
  "Week_Fluctuation": 3.346426181044553E-07,
  "Duration": "01:24:52.1883102",
  "Updated": "2021-01-27T12:38:11.985819Z",
  "Failed": 0,
  "HashRate_Live": 267419553069.0,
  "HashRate_Average": 320069927515.0043,
  "BlockRate_Live": 4.0,
  "BlockRate_Average": 3.559645460896711,
  "Actual24h_Week": 0.00079582984030472,
  "Estimate24h_Week": 0.000713809748354533,
  "ErrorRatio": 1.0
}
