{
  "Live": 0.0000000000000005573,
  "Minute": 0.0000000000000005573,
  "Minute_Fluctuation": 0.0,
  "Minute_5": 0.0000000000000005346157810238,
  "Minute_5_Fluctuation": 0.042942399025898075,
  "Minute_10": 0.0000000000000005321210806959,
  "Minute_10_Fluctuation": 0.052793807303016235,
  "Hour": 0.000000000000000492731433492,
  "Hour_Fluctuation": 0.09406378837590422,
  "Day": 0.0000000000000004913815857986,
  "Day_Fluctuation": 0.09407132266685816,
  "ThreeDay": 0.0000000000000004913815857986,
  "ThreeDay_Fluctuation": 0.09407132266685816,
  "Week": 0.0000000000000004913815857986,
  "Week_Fluctuation": 0.09407132266685816,
  "Duration": "01:17:30.9429092",
  "Updated": "2021-01-27T12:38:14.0319011Z",
  "Failed": 0,
  "HashRate_Live": 0.0,
  "HashRate_Average": 0.0,
  "BlockRate_Live": 0.0,
  "BlockRate_Average": 0.0,
  "Actual24h_Week": 0.0,
  "Estimate24h_Week": 0.00000055,
  "ErrorRatio": 0.984679034673057
}
