{
  "Live": 0.00000000000004366962,
  "Minute": 0.00000000000004366962,
  "Minute_Fluctuation": 0.0,
  "Minute_5": 0.0000000000000436698261604953,
  "Minute_5_Fluctuation": 3.5735148899474655E-05,
  "Minute_10": 0.0000000000000436735870757551,
  "Minute_10_Fluctuation": 0.0004186493467367038,
  "Hour": 0.0000000000000436521929821633,
  "Hour_Fluctuation": 0.003385178528348859,
  "Day": 0.0000000000000436510012108184,
  "Day_Fluctuation": 0.0035880203459634653,
  "ThreeDay": 0.0000000000000436510012108184,
  "ThreeDay_Fluctuation": 0.0035880203459634653,
  "Week": 0.0000000000000436510012108184,
  "Week_Fluctuation": 0.0035880203459634653,
  "Duration": "01:24:52.1883102",
  "Updated": "2021-01-27T12:11:56.8855546Z",
  "Failed": 0,
  "HashRate_Live": 0.0,
  "HashRate_Average": 0.0,
  "BlockRate_Live": 0.0,
  "BlockRate_Average": 0.0,
  "Actual24h_Week": 0.0000277980089686905,
  "Estimate24h_Week": 0.0000454321629613978,
  "ErrorRatio": 0.993491487743076
}
