{
  "Live": 0.00000000000008513047,
  "Minute": 0.00000000000008513047,
  "Minute_Fluctuation": 0.0,
  "Minute_5": 0.0000000000000843761294461731,
  "Minute_5_Fluctuation": 0.02456506734587787,
  "Minute_10": 0.0000000000000833697843791644,
  "Minute_10_Fluctuation": 0.030021943146945354,
  "Hour": 0.0000000000000838528084221524,
  "Hour_Fluctuation": 0.022791179325268314,
  "Day": 0.0000000000000838584097943116,
  "Day_Fluctuation": 0.022759155422894813,
  "ThreeDay": 0.0000000000000838584097943116,
  "ThreeDay_Fluctuation": 0.022759155422894813,
  "Week": 0.0000000000000838584097943116,
  "Week_Fluctuation": 0.022759155422894813,
  "Duration": "01:17:30.9429092",
  "Updated": "2021-01-27T12:38:13.3134067Z",
  "Failed": 0,
  "HashRate_Live": 0.0,
  "HashRate_Average": 2119453.8041398674,
  "BlockRate_Live": 0.0,
  "BlockRate_Average": 0.0,
  "Actual24h_Week": 0.0000124893449419624,
  "Estimate24h_Week": 0.0000855505081743239,
  "ErrorRatio": 0.986915711285452
}
