{
  "Live": 0.00000000000000323061,
  "Minute": 0.00000000000000323061,
  "Minute_Fluctuation": 0.0,
  "Minute_5": 0.0000000000000035471037495823,
  "Minute_5_Fluctuation": 0.1491875808823569,
  "Minute_10": 0.0000000000000037792327305389,
  "Minute_10_Fluctuation": 0.16033137191952718,
  "Hour": 0.0000000000000036980132621604,
  "Hour_Fluctuation": 0.18184844551036092,
  "Day": 0.0000000000000036836556863318,
  "Day_Fluctuation": 0.18158601985346684,
  "ThreeDay": 0.0000000000000036836556863318,
  "ThreeDay_Fluctuation": 0.18158601985346684,
  "Week": 0.0000000000000036836556863318,
  "Week_Fluctuation": 0.18158601985346687,
  "Duration": "01:24:52.1883102",
  "Updated": "2021-01-27T12:38:12.7163276Z",
  "Failed": 0,
  "HashRate_Live": 185112059665.0,
  "HashRate_Average": 183685074001.6831,
  "BlockRate_Live": 172.0,
  "BlockRate_Average": 172.65026184180692,
  "Actual24h_Week": 0.00000294285644155565,
  "Estimate24h_Week": 0.00000475144404292921,
  "ErrorRatio": 0.993617299859476
}
