{
  "Live": 0.00000000000000000090416933,
  "Minute": 0.00000000000000000090416933,
  "Minute_Fluctuation": 0.0,
  "Minute_5": 0.0000000000000000009052604589,
  "Minute_5_Fluctuation": 0.0018631602296142393,
  "Minute_10": 0.0000000000000000009064745023,
  "Minute_10_Fluctuation": 0.0023683423808419676,
  "Hour": 0.0000000000000000009061792841,
  "Hour_Fluctuation": 0.002505485844366641,
  "Day": 0.0000000000000000009061578286,
  "Day_Fluctuation": 0.0025242922997926157,
  "ThreeDay": 0.0000000000000000009061578286,
  "ThreeDay_Fluctuation": 0.0025242922997926157,
  "Week": 0.0000000000000000009061578286,
  "Week_Fluctuation": 0.0025242922997926157,
  "Duration": "01:24:52.1883102",
  "Updated": "2021-01-27T12:38:12.5974158Z",
  "Failed": 0,
  "HashRate_Live": 0.0,
  "HashRate_Average": 0.0,
  "BlockRate_Live": 0.0,
  "BlockRate_Average": 0.0,
  "Actual24h_Week": 0.0,
  "Estimate24h_Week": 0.00160896990791271,
  "ErrorRatio": 0.983231643002826
}
