{
  "Live": 0.00000001379536,
  "Minute": 0.00000001379536,
  "Minute_Fluctuation": 0.0,
  "Minute_5": 0.0000000141998773716399,
  "Minute_5_Fluctuation": 0.04616560817719671,
  "Minute_10": 0.000000014710579316987,
  "Minute_10_Fluctuation": 0.053360499496028724,
  "Hour": 0.000000015755987400706,
  "Hour_Fluctuation": 0.04997151767467417,
  "Day": 0.000000015826803444174,
  "Day_Fluctuation": 0.04821673647408839,
  "ThreeDay": 0.000000015826803444174,
  "ThreeDay_Fluctuation": 0.04821673647408839,
  "Week": 0.000000015826803444174,
  "Week_Fluctuation": 0.04821673647408839,
  "Duration": "01:24:52.1883102",
  "Updated": "2021-01-27T12:38:12.354238Z",
  "Failed": 0,
  "HashRate_Live": 343732.0,
  "HashRate_Average": 381224.06182522525,
  "BlockRate_Live": 153.0,
  "BlockRate_Average": 151.21615130263604,
  "Actual24h_Week": 0.0000118367692449287,
  "Estimate24h_Week": 0.0000115615285335821,
  "ErrorRatio": 1.0
}
