{
  "Live": 0.00000000000000000041702374,
  "Minute": 0.00000000000000000041702374,
  "Minute_Fluctuation": 0.0,
  "Minute_5": 0.0000000000000000004067658442,
  "Minute_5_Fluctuation": 0.0288232265097605,
  "Minute_10": 0.0000000000000000004006526543,
  "Minute_10_Fluctuation": 0.02181795234987415,
  "Hour": 0.0000000000000000003942358799,
  "Hour_Fluctuation": 0.010267632099744902,
  "Day": 0.0000000000000000003938362234,
  "Day_Fluctuation": 0.009423810744028482,
  "ThreeDay": 0.0000000000000000003938362234,
  "ThreeDay_Fluctuation": 0.009423810744028482,
  "Week": 0.0000000000000000003938362234,
  "Week_Fluctuation": 0.009423810744028482,
  "Duration": "01:24:52.1883102",
  "Updated": "2021-01-27T12:38:12.6781074Z",
  "Failed": 0,
  "HashRate_Live": 0.0,
  "HashRate_Average": 0.0,
  "BlockRate_Live": 0.0,
  "BlockRate_Average": 0.0,
  "Actual24h_Week": 0.0,
  "Estimate24h_Week": 0.000378823732509014,
  "ErrorRatio": 0.983231643002826
}
