{
  "Live": 0.00000000001084054,
  "Minute": 0.00000000001084054,
  "Minute_Fluctuation": 0.0,
  "Minute_5": 0.0000000000108965097777452,
  "Minute_5_Fluctuation": 0.04575024523794669,
  "Minute_10": 0.0000000000104904473212734,
  "Minute_10_Fluctuation": 0.08734554630022923,
  "Hour": 0.00000000000982151937289581,
  "Hour_Fluctuation": 0.18275739079418726,
  "Day": 0.00000000000976868503256544,
  "Day_Fluctuation": 0.1887880571496392,
  "ThreeDay": 0.00000000000976868503256544,
  "ThreeDay_Fluctuation": 0.1887880571496392,
  "Week": 0.00000000000976868503256544,
  "Week_Fluctuation": 0.1887880571496392,
  "Duration": "01:24:52.1883102",
  "Updated": "2021-01-27T12:38:12.288667Z",
  "Failed": 0,
  "HashRate_Live": 3677566.0,
  "HashRate_Average": 4227196.6961389035,
  "BlockRate_Live": 10.0,
  "BlockRate_Average": 10.58674946728119,
  "Actual24h_Week": 0.00000614343900684565,
  "Estimate24h_Week": 0.00000838924082546608,
  "ErrorRatio": 0.995511106735044
}
