{
  "Live": 0.00000000000000039699,
  "Minute": 0.00000000000000039699,
  "Minute_Fluctuation": 0.0,
  "Minute_5": 0.0000000000000003971530378465,
  "Minute_5_Fluctuation": 0.0033318977625450175,
  "Minute_10": 0.0000000000000004086343486753,
  "Minute_10_Fluctuation": 0.09669046800975203,
  "Hour": 0.0000000000000004936891020798,
  "Hour_Fluctuation": 0.452822374376729,
  "Day": 0.0000000000000005003021495953,
  "Day_Fluctuation": 0.46986956173563826,
  "ThreeDay": 0.0000000000000005003021495953,
  "ThreeDay_Fluctuation": 0.46986956173563826,
  "Week": 0.0000000000000005003021495953,
  "Week_Fluctuation": 0.46986956173563826,
  "Duration": "01:24:52.1883102",
  "Updated": "2021-01-27T12:38:12.5230062Z",
  "Failed": 0,
  "HashRate_Live": 469124961.0,
  "HashRate_Average": 456969115972.0627,
  "BlockRate_Live": 13.0,
  "BlockRate_Average": 12.28030198956667,
  "Actual24h_Week": 0.000000430285562547965,
  "Estimate24h_Week": 0.000000487508080469112,
  "ErrorRatio": 0.998031770862432
}
