{
  "Live": 0.00000000000009608154,
  "Minute": 0.00000000000009608154,
  "Minute_Fluctuation": 0.0,
  "Minute_5": 0.0000000000000931653217744678,
  "Minute_5_Fluctuation": 0.04915869959146813,
  "Minute_10": 0.0000000000000931608178818679,
  "Minute_10_Fluctuation": 0.0705317502343749,
  "Hour": 0.000000000000100932144863264,
  "Hour_Fluctuation": 0.10784963195251869,
  "Day": 0.000000000000101639492596097,
  "Day_Fluctuation": 0.10810788059163055,
  "ThreeDay": 0.000000000000101639492596097,
  "ThreeDay_Fluctuation": 0.10810788059163055,
  "Week": 0.000000000000101639492596097,
  "Week_Fluctuation": 0.10810788059163055,
  "Duration": "01:24:52.1883102",
  "Updated": "2021-01-27T12:38:12.1706001Z",
  "Failed": 0,
  "HashRate_Live": 4764110600.0,
  "HashRate_Average": 11295074657.21162,
  "BlockRate_Live": 283.0,
  "BlockRate_Average": 288.3326176317519,
  "Actual24h_Week": 0.0000888185844147914,
  "Estimate24h_Week": 0.000104186219655526,
  "ErrorRatio": 0.997526640329489
}
