{
  "Live": 0.00000000000000000041702374,
  "Minute": 0.00000000000000000041702374,
  "Minute_Fluctuation": 0.0,
  "Minute_5": 0.0000000000000000004067651785,
  "Minute_5_Fluctuation": 0.028822799175699607,
  "Minute_10": 0.0000000000000000004006452106,
  "Minute_10_Fluctuation": 0.02180685253949062,
  "Hour": 0.0000000000000000003942372068,
  "Hour_Fluctuation": 0.011132902134679452,
  "Day": 0.0000000000000000003939462724,
  "Day_Fluctuation": 0.010507029340205585,
  "ThreeDay": 0.0000000000000000003939462724,
  "ThreeDay_Fluctuation": 0.010507029340205585,
  "Week": 0.0000000000000000003939462724,
  "Week_Fluctuation": 0.010507029340205585,
  "Duration": "01:17:30.9429092",
  "Updated": "2021-01-27T12:38:13.8507807Z",
  "Failed": 0,
  "HashRate_Live": 0.0,
  "HashRate_Average": 0.0,
  "BlockRate_Live": 0.0,
  "BlockRate_Average": 0.0,
  "Actual24h_Week": 0.0,
  "Estimate24h_Week": 0.000378545376251374,
  "ErrorRatio": 0.984679034673057
}
