{
  "Live": 0.0000000146089,
  "Minute": 0.0000000146089,
  "Minute_Fluctuation": 0.0,
  "Minute_5": 0.0000000145142349883223,
  "Minute_5_Fluctuation": 0.01794987770728301,
  "Minute_10": 0.0000000144157873911972,
  "Minute_10_Fluctuation": 0.025248657414359867,
  "Hour": 0.0000000153649702314507,
  "Hour_Fluctuation": 0.05715099009328914,
  "Day": 0.0000000154335934061044,
  "Day_Fluctuation": 0.05649793939579827,
  "ThreeDay": 0.0000000154335934061044,
  "ThreeDay_Fluctuation": 0.05649793939579827,
  "Week": 0.0000000154335934061044,
  "Week_Fluctuation": 0.05649793939579827,
  "Duration": "01:24:52.1883102",
  "Updated": "2021-01-27T12:38:12.0020696Z",
  "Failed": 0,
  "HashRate_Live": 3290.0,
  "HashRate_Average": 3159.482886139028,
  "BlockRate_Live": 183.0,
  "BlockRate_Average": 185.72030536145795,
  "Actual24h_Week": 0.000015160286692084,
  "Estimate24h_Week": 0.0000144994350273455,
  "ErrorRatio": 1.0
}
