{
  "Live": 0.000000000000000724345,
  "Minute": 0.000000000000000724345,
  "Minute_Fluctuation": 0.0,
  "Minute_5": 0.0000000000000007243449476499,
  "Minute_5_Fluctuation": 1.4585939406442012E-07,
  "Minute_10": 0.0000000000000007243449692537,
  "Minute_10_Fluctuation": 1.8516034324069828E-07,
  "Hour": 0.00000000000000072434510974,
  "Hour_Fluctuation": 3.361070591094451E-07,
  "Day": 0.0000000000000007243451150623,
  "Day_Fluctuation": 3.3925148732006317E-07,
  "ThreeDay": 0.0000000000000007243451150623,
  "ThreeDay_Fluctuation": 3.392514873200631E-07,
  "Week": 0.0000000000000007243451150623,
  "Week_Fluctuation": 3.3925148732006317E-07,
  "Duration": "01:17:30.9429092",
  "Updated": "2021-01-27T12:38:13.0994708Z",
  "Failed": 0,
  "HashRate_Live": 7251226614783.0,
  "HashRate_Average": 6324345580400.756,
  "BlockRate_Live": 72.0,
  "BlockRate_Average": 70.4870338276057,
  "Actual24h_Week": 0.000798492587980587,
  "Estimate24h_Week": 0.000713900689217706,
  "ErrorRatio": 1.0
}
