{
  "Live": 0.00000000000017602,
  "Minute": 0.00000000000017602,
  "Minute_Fluctuation": 0.0,
  "Minute_5": 0.000000000000181518210161004,
  "Minute_5_Fluctuation": 0.02377790900417864,
  "Minute_10": 0.000000000000185873039705706,
  "Minute_10_Fluctuation": 0.04539326424144067,
  "Hour": 0.000000000000200943785292909,
  "Hour_Fluctuation": 0.04767713135838883,
  "Day": 0.000000000000202107896286838,
  "Day_Fluctuation": 0.04472580136371273,
  "ThreeDay": 0.000000000000202107896286838,
  "ThreeDay_Fluctuation": 0.04472580136371273,
  "Week": 0.000000000000202107896286838,
  "Week_Fluctuation": 0.04472580136371273,
  "Duration": "01:24:52.1883102",
  "Updated": "2021-01-27T12:38:12.5865866Z",
  "Failed": 0,
  "HashRate_Live": 664975470.0,
  "HashRate_Average": 514326717.1904488,
  "BlockRate_Live": 410.0,
  "BlockRate_Average": 404.07469857415924,
  "Actual24h_Week": 0.000000145896424274159,
  "Estimate24h_Week": 0.000000189986392232057,
  "ErrorRatio": 0.996108582756764
}
