{
  "Live": 0.00000000134196,
  "Minute": 0.00000000134196,
  "Minute_Fluctuation": 0.0,
  "Minute_5": 0.00000000133607577288838,
  "Minute_5_Fluctuation": 0.01536867429760993,
  "Minute_10": 0.00000000131327282075484,
  "Minute_10_Fluctuation": 0.03476334656134714,
  "Hour": 0.00000000125648331606355,
  "Hour_Fluctuation": 0.029497572208944126,
  "Day": 0.00000000125365864165796,
  "Day_Fluctuation": 0.028142946737468044,
  "ThreeDay": 0.00000000125365864165796,
  "ThreeDay_Fluctuation": 0.028142946737468044,
  "Week": 0.00000000125365864165796,
  "Week_Fluctuation": 0.02814294673746804,
  "Duration": "01:17:30.9429092",
  "Updated": "2021-01-27T12:38:13.1387462Z",
  "Failed": 0,
  "HashRate_Live": 113472.0,
  "HashRate_Average": 94604.61184420914,
  "BlockRate_Live": 0.0,
  "BlockRate_Average": 0.0,
  "Actual24h_Week": 0.00000045,
  "Estimate24h_Week": 0.000000761490504605298,
  "ErrorRatio": 0.993732902522267
}
