{
  "Live": 0.00000000000000000568903546,
  "Minute": 0.00000000000000000568903546,
  "Minute_Fluctuation": 0.0,
  "Minute_5": 0.0000000000000000057487052551,
  "Minute_5_Fluctuation": 0.01839600168322736,
  "Minute_10": 0.0000000000000000058601939322,
  "Minute_10_Fluctuation": 0.03857847451199258,
  "Hour": 0.0000000000000000063125888627,
  "Hour_Fluctuation": 0.042600024421319986,
  "Day": 0.0000000000000000063322291729,
  "Day_Fluctuation": 0.040866731489726256,
  "ThreeDay": 0.0000000000000000063322291729,
  "ThreeDay_Fluctuation": 0.040866731489726256,
  "Week": 0.0000000000000000063322291729,
  "Week_Fluctuation": 0.040866731489726256,
  "Duration": "01:17:30.9429092",
  "Updated": "2021-01-27T12:38:13.3431329Z",
  "Failed": 0,
  "HashRate_Live": 165098062738160.0,
  "HashRate_Average": 171855458499594.6,
  "BlockRate_Live": 0.0,
  "BlockRate_Average": 0.0,
  "Actual24h_Week": 0.00168003423957266,
  "Estimate24h_Week": 0.00617580891574147,
  "ErrorRatio": 0.988846868665939
}
