{
  "Live": 0.0000000000000000049642431,
  "Minute": 0.0000000000000000049642431,
  "Minute_Fluctuation": 0.0,
  "Minute_5": 0.0000000000000000050730700942,
  "Minute_5_Fluctuation": 0.053159655149328314,
  "Minute_10": 0.0000000000000000053987687259,
  "Minute_10_Fluctuation": 0.12072770604603099,
  "Hour": 0.0000000000000000061079978031,
  "Hour_Fluctuation": 0.11931891330388097,
  "Day": 0.0000000000000000061441034581,
  "Day_Fluctuation": 0.11736384707088222,
  "ThreeDay": 0.0000000000000000061441034581,
  "ThreeDay_Fluctuation": 0.11736384707088224,
  "Week": 0.0000000000000000061441034581,
  "Week_Fluctuation": 0.11736384707088222,
  "Duration": "01:17:30.9429092",
  "Updated": "2021-01-27T12:38:13.4960772Z",
  "Failed": 0,
  "HashRate_Live": 0.0,
  "HashRate_Average": 6190577129371.427,
  "BlockRate_Live": 26.0,
  "BlockRate_Average": 24.61714326127594,
  "Actual24h_Week": 0.0028383569432906,
  "Estimate24h_Week": 0.00605510411446526,
  "ErrorRatio": 0.99186080520773
}
