{
  "Live": 0.00000000147,
  "Minute": 0.00000000147,
  "Minute_Fluctuation": 0.06521739130434775,
  "Minute_5": 0.00000000134775228273609,
  "Minute_5_Fluctuation": 0.05775216174164348,
  "Minute_10": 0.00000000130260332266199,
  "Minute_10_Fluctuation": 0.05032427635072352,
  "Hour": 0.00000000122556731775495,
  "Hour_Fluctuation": 0.04119746942703084,
  "Day": 0.00000000121920185463492,
  "Day_Fluctuation": 0.0027582817147447213,
  "ThreeDay": 0.00000000121917587712233,
  "ThreeDay_Fluctuation": 0.0026814460062485326,
  "Week": 0.00000000121917587712233,
  "Week_Fluctuation": 0.0026814460062485326,
  "Duration": "1.01:27:41.9766011",
  "Updated": "2021-01-27T12:39:12.8579759Z",
  "Failed": 0,
  "HashRate_Live": 6370491.0,
  "HashRate_Average": 6331215.125366105,
  "BlockRate_Live": 841.0,
  "BlockRate_Average": 859.9124288223422,
  "Actual24h_Week": 0.0000000797953301751934,
  "Estimate24h_Week": 0.0000000686601400354394,
  "ErrorRatio": 1.0454335145374
}
