{
  "Live": 0.00000000000311961,
  "Minute": 0.00000000000311961,
  "Minute_Fluctuation": 0.0,
  "Minute_5": 0.00000000000308581377564062,
  "Minute_5_Fluctuation": 0.05815908502442135,
  "Minute_10": 0.00000000000288075697892222,
  "Minute_10_Fluctuation": 0.20123179759006224,
  "Hour": 0.00000000000294467825975149,
  "Hour_Fluctuation": 0.319953118321356,
  "Day": 0.00000000000293829891539503,
  "Day_Fluctuation": 0.3287309551965789,
  "ThreeDay": 0.00000000000293829891539503,
  "ThreeDay_Fluctuation": 0.32873095519657897,
  "Week": 0.00000000000293829891539503,
  "Week_Fluctuation": 0.3287309551965789,
  "Duration": "01:17:30.9429092",
  "Updated": "2021-01-27T12:38:13.5606478Z",
  "Failed": 0,
  "HashRate_Live": 51898.0,
  "HashRate_Average": 46186.44431975016,
  "BlockRate_Live": 1.0,
  "BlockRate_Average": 1.0,
  "Actual24h_Week": 0.000019520775813499,
  "Estimate24h_Week": 0.00000264295179247895,
  "ErrorRatio": 1.0
}
