{
  "Live": 0.00000000000000000917,
  "Minute": 0.00000000000000000917,
  "Minute_Fluctuation": 0.0,
  "Minute_5": 0.0000000000000000086632255576,
  "Minute_5_Fluctuation": 0.08090083809280481,
  "Minute_10": 0.0000000000000000086737818913,
  "Minute_10_Fluctuation": 0.08723875074106258,
  "Hour": 0.0000000000000000097846948539,
  "Hour_Fluctuation": 0.1576845835252581,
  "Day": 0.0000000000000000098821229945,
  "Day_Fluctuation": 0.15827296339261093,
  "ThreeDay": 0.0000000000000000098821229945,
  "ThreeDay_Fluctuation": 0.15827296339261093,
  "Week": 0.0000000000000000098821229945,
  "Week_Fluctuation": 0.1582729633926109,
  "Duration": "01:24:52.1883102",
  "Updated": "2021-01-27T12:38:12.4628471Z",
  "Failed": 0,
  "HashRate_Live": 0.0,
  "HashRate_Average": 0.0,
  "BlockRate_Live": 1.0,
  "BlockRate_Average": 1.0,
  "Actual24h_Week": 0.0,
  "Estimate24h_Week": 0.00000000999928380168724,
  "ErrorRatio": 0.983231643002826
}
