{
  "Live": 0.00000000000000000001,
  "Minute": 0.00000000000000000001,
  "Minute_Fluctuation": 0.0,
  "Minute_5": 0.00000000000000000001,
  "Minute_5_Fluctuation": 4.2980542744027465E-20,
  "Minute_10": 0.00000000000000000001,
  "Minute_10_Fluctuation": 1.5044558093261098E-16,
  "Hour": 0.00000000000000000001,
  "Hour_Fluctuation": 1.451949540692339E-16,
  "Day": 0.00000000000000000001,
  "Day_Fluctuation": 1.448346723359866E-16,
  "ThreeDay": 0.00000000000000000001,
  "ThreeDay_Fluctuation": 1.448346723359866E-16,
  "Week": 0.00000000000000000001,
  "Week_Fluctuation": 1.448346723359866E-16,
  "Duration": "01:24:52.1883102",
  "Updated": "2021-01-27T11:15:51.5367525Z",
  "Failed": 0,
  "HashRate_Live": 0.0,
  "HashRate_Average": 0.0,
  "BlockRate_Live": 0.0,
  "BlockRate_Average": 0.0,
  "Actual24h_Week": 0.0,
  "Estimate24h_Week": 0.0,
  "ErrorRatio": 1.0
}
