{
  "Live": 0.00000000000009834,
  "Minute": 0.00000000000009834,
  "Minute_Fluctuation": 0.0,
  "Minute_5": 0.000000000000100946132620049,
  "Minute_5_Fluctuation": 0.05535711982091806,
  "Minute_10": 0.000000000000105153368974523,
  "Minute_10_Fluctuation": 0.07096470390522569,
  "Hour": 0.000000000000109699447766151,
  "Hour_Fluctuation": 0.05274571735956059,
  "Day": 0.000000000000109948524242423,
  "Day_Fluctuation": 0.05145870625681439,
  "ThreeDay": 0.000000000000109948524242423,
  "ThreeDay_Fluctuation": 0.05145870625681439,
  "Week": 0.000000000000109948524242423,
  "Week_Fluctuation": 0.05145870625681439,
  "Duration": "01:17:30.9429092",
  "Updated": "2021-01-27T12:32:00.1037935Z",
  "Failed": 0,
  "HashRate_Live": 0.0,
  "HashRate_Average": 0.0,
  "BlockRate_Live": 0.0,
  "BlockRate_Average": 0.0,
  "Actual24h_Week": 0.000000078916112738813,
  "Estimate24h_Week": 0.00000012,
  "ErrorRatio": 0.994754626564794
}
