{
  "Live": 0.00000000000007873609,
  "Minute": 0.00000000000007873609,
  "Minute_Fluctuation": 0.0,
  "Minute_5": 0.0000000000000780793642507843,
  "Minute_5_Fluctuation": 0.01945986786622067,
  "Minute_10": 0.000000000000077119680117552,
  "Minute_10_Fluctuation": 0.026625604577670374,
  "Hour": 0.000000000000074048049066846,
  "Hour_Fluctuation": 0.04805939862255224,
  "Day": 0.0000000000000738493491291265,
  "Day_Fluctuation": 0.04823707161244443,
  "ThreeDay": 0.0000000000000738493491291265,
  "ThreeDay_Fluctuation": 0.04823707161244442,
  "Week": 0.0000000000000738493491291265,
  "Week_Fluctuation": 0.04823707161244442,
  "Duration": "01:24:52.1883102",
  "Updated": "2021-01-27T12:38:12.6010039Z",
  "Failed": 0,
  "HashRate_Live": 4301495646.0,
  "HashRate_Average": 4276772226.778559,
  "BlockRate_Live": 1264.0,
  "BlockRate_Average": 1261.1650191744993,
  "Actual24h_Week": 0.0000597032568324234,
  "Estimate24h_Week": 0.0000814161316033439,
  "ErrorRatio": 0.995528045506171
}
