{
  "Live": 0.00000000000000095,
  "Minute": 0.00000000000000095,
  "Minute_Fluctuation": 0.0,
  "Minute_5": 0.0000000000000009363834984747,
  "Minute_5_Fluctuation": 0.03308177202141492,
  "Minute_10": 0.0000000000000009386517615632,
  "Minute_10_Fluctuation": 0.04983380228979245,
  "Hour": 0.0000000000000008368006081913,
  "Hour_Fluctuation": 0.11252323257056072,
  "Day": 0.0000000000000007449992632551,
  "Day_Fluctuation": 0.00969239275374439,
  "ThreeDay": 0.0000000000000007447526094048,
  "ThreeDay_Fluctuation": 0.009342459221913853,
  "Week": 0.0000000000000007447526094048,
  "Week_Fluctuation": 0.009342459221913853,
  "Duration": "1.01:27:41.9766011",
  "Updated": "2021-01-27T12:39:13.4997081Z",
  "Failed": 0,
  "HashRate_Live": 20688410789.0,
  "HashRate_Average": 21335302893.556576,
  "BlockRate_Live": 8.0,
  "BlockRate_Average": 8.0,
  "Actual24h_Week": 0.0000000403857338061369,
  "Estimate24h_Week": 0.0000000470328516307317,
  "ErrorRatio": 0.960407270140541
}
