{
  "Live": 0.00000000000000001732,
  "Minute": 0.00000000000000001732,
  "Minute_Fluctuation": 0.0,
  "Minute_5": 0.0000000000000000172793858701,
  "Minute_5_Fluctuation": 0.0027357337509943936,
  "Minute_10": 0.0000000000000000172413389366,
  "Minute_10_Fluctuation": 0.0037291881478328528,
  "Hour": 0.0000000000000000171319297292,
  "Hour_Fluctuation": 0.0026868005506953383,
  "Day": 0.0000000000000000171237484159,
  "Day_Fluctuation": 0.0023508829101774142,
  "ThreeDay": 0.0000000000000000171237484159,
  "ThreeDay_Fluctuation": 0.0023508829101774142,
  "Week": 0.0000000000000000171237484159,
  "Week_Fluctuation": 0.0023508829101774142,
  "Duration": "01:24:52.1883102",
  "Updated": "2021-01-27T12:38:12.6710651Z",
  "Failed": 0,
  "HashRate_Live": 7242116588.0,
  "HashRate_Average": 9508974069.107273,
  "BlockRate_Live": 20.0,
  "BlockRate_Average": 19.376205619014,
  "Actual24h_Week": 0.0000000199985676033745,
  "Estimate24h_Week": 0.0000000199985676033745,
  "ErrorRatio": 1.0
}
