{
  "Live": 0.00000000000000052022,
  "Minute": 0.00000000000000052022,
  "Minute_Fluctuation": 0.0,
  "Minute_5": 0.0000000000000005209754100595,
  "Minute_5_Fluctuation": 0.0076405649003618865,
  "Minute_10": 0.0000000000000005299472531496,
  "Minute_10_Fluctuation": 0.04261511396918519,
  "Hour": 0.0000000000000005817341906558,
  "Hour_Fluctuation": 0.04468655676215605,
  "Day": 0.0000000000000005858765372023,
  "Day_Fluctuation": 0.04025310365845764,
  "ThreeDay": 0.0000000000000005858765372023,
  "ThreeDay_Fluctuation": 0.04025310365845764,
  "Week": 0.0000000000000005858765372023,
  "Week_Fluctuation": 0.04025310365845764,
  "Duration": "01:24:52.1883102",
  "Updated": "2021-01-27T12:38:11.920167Z",
  "Failed": 0,
  "HashRate_Live": 4494050983746.0,
  "HashRate_Average": 4521269855794.124,
  "BlockRate_Live": 218.0,
  "BlockRate_Average": 222.61389087298207,
  "Actual24h_Week": 0.000000631116889464161,
  "Estimate24h_Week": 0.000000569959176696172,
  "ErrorRatio": 1.0
}
