{
  "Live": 0.00000000000000297082,
  "Minute": 0.00000000000000297082,
  "Minute_Fluctuation": 0.0,
  "Minute_5": 0.0000000000000029707036228964,
  "Minute_5_Fluctuation": 0.00021517072305999433,
  "Minute_10": 0.0000000000000029692871896547,
  "Minute_10_Fluctuation": 0.0012547103620833015,
  "Hour": 0.0000000000000029602984539588,
  "Hour_Fluctuation": 0.001327130704723189,
  "Day": 0.000000000000002959930294462,
  "Day_Fluctuation": 0.0012449853363837911,
  "ThreeDay": 0.000000000000002959930294462,
  "ThreeDay_Fluctuation": 0.0012449853363837911,
  "Week": 0.000000000000002959930294462,
  "Week_Fluctuation": 0.001244985336383791,
  "Duration": "01:17:30.9429092",
  "Updated": "2021-01-27T12:18:32.3699233Z",
  "Failed": 0,
  "HashRate_Live": 0.0,
  "HashRate_Average": 0.0,
  "BlockRate_Live": 0.0,
  "BlockRate_Average": 0.0,
  "Actual24h_Week": 0.0,
  "Estimate24h_Week": 0.00000311231623829615,
  "ErrorRatio": 0.984679034673057
}
