{
  "Live": 0.00000000000000000594553585,
  "Minute": 0.00000000000000000594553585,
  "Minute_Fluctuation": 0.0,
  "Minute_5": 0.0000000000000000061284486248,
  "Minute_5_Fluctuation": 0.07358393498443513,
  "Minute_10": 0.0000000000000000063729505125,
  "Minute_10_Fluctuation": 0.08338724514513585,
  "Hour": 0.0000000000000000065254322186,
  "Hour_Fluctuation": 0.10480047690249336,
  "Day": 0.0000000000000000065335438385,
  "Day_Fluctuation": 0.10502469829099981,
  "ThreeDay": 0.0000000000000000065335438385,
  "ThreeDay_Fluctuation": 0.10502469829099981,
  "Week": 0.0000000000000000065335438385,
  "Week_Fluctuation": 0.10502469829099981,
  "Duration": "01:17:30.9429092",
  "Updated": "2021-01-27T12:38:13.6366066Z",
  "Failed": 0,
  "HashRate_Live": 61346591564785.0,
  "HashRate_Average": 108909706903014.34,
  "BlockRate_Live": 23.0,
  "BlockRate_Average": 22.699323451367622,
  "Actual24h_Week": 0.007400068397163,
  "Estimate24h_Week": 0.00639339998918745,
  "ErrorRatio": 1.0
}
