{
  "Live": 0.00000000000000000597729985,
  "Minute": 0.00000000000000000597729985,
  "Minute_Fluctuation": 0.0,
  "Minute_5": 0.0000000000000000059770100659,
  "Minute_5_Fluctuation": 0.00027004871964917516,
  "Minute_10": 0.0000000000000000059742741703,
  "Minute_10_Fluctuation": 0.0016013741267565445,
  "Hour": 0.0000000000000000059926485863,
  "Hour_Fluctuation": 0.004286236939146073,
  "Day": 0.000000000000000005993721942,
  "Day_Fluctuation": 0.004392708830286012,
  "ThreeDay": 0.000000000000000005993721942,
  "ThreeDay_Fluctuation": 0.004392708830286012,
  "Week": 0.000000000000000005993721942,
  "Week_Fluctuation": 0.004392708830286013,
  "Duration": "01:24:52.1883102",
  "Updated": "2021-01-27T12:18:31.7821788Z",
  "Failed": 0,
  "HashRate_Live": 0.0,
  "HashRate_Average": 0.0,
  "BlockRate_Live": 2.0,
  "BlockRate_Average": 2.0,
  "Actual24h_Week": 0.0105969006895847,
  "Estimate24h_Week": 0.00616155895691508,
  "ErrorRatio": 1.0
}
