{
  "Live": 0.00000000000008945,
  "Minute": 0.00000000000008945,
  "Minute_Fluctuation": 0.13841263725679068,
  "Minute_5": 0.000000000000110981261831246,
  "Minute_5_Fluctuation": 0.13833902176785434,
  "Minute_10": 0.000000000000111417282977821,
  "Minute_10_Fluctuation": 0.1578727750019347,
  "Hour": 0.000000000000103686669142746,
  "Hour_Fluctuation": 0.2249926977427139,
  "Day": 0.000000000000074507771321176,
  "Day_Fluctuation": 0.031314714350624946,
  "ThreeDay": 0.0000000000000744529264352051,
  "ThreeDay_Fluctuation": 0.030621878141816952,
  "Week": 0.0000000000000744529264352051,
  "Week_Fluctuation": 0.030621878141816952,
  "Duration": "1.01:16:25.6193212",
  "Updated": "2021-01-27T12:39:17.0110455Z",
  "Failed": 0,
  "HashRate_Live": 103079215.0,
  "HashRate_Average": 70411101.34977823,
  "BlockRate_Live": 37.0,
  "BlockRate_Average": 39.43979138816768,
  "Actual24h_Week": 0.00000459245588717486,
  "Estimate24h_Week": 0.0000109777070998652,
  "ErrorRatio": 0.838156248014774
}
