{
  "Live": 0.00000000000000323061,
  "Minute": 0.00000000000000323061,
  "Minute_Fluctuation": 0.0,
  "Minute_5": 0.0000000000000035471384855135,
  "Minute_5_Fluctuation": 0.1491472165895593,
  "Minute_10": 0.0000000000000037798520728565,
  "Minute_10_Fluctuation": 0.1602078438231175,
  "Hour": 0.0000000000000038141611528843,
  "Hour_Fluctuation": 0.15312670557375535,
  "Day": 0.000000000000003815647188256,
  "Day_Fluctuation": 0.1522709772935856,
  "ThreeDay": 0.000000000000003815647188256,
  "ThreeDay_Fluctuation": 0.1522709772935856,
  "Week": 0.000000000000003815647188256,
  "Week_Fluctuation": 0.1522709772935856,
  "Duration": "01:17:30.9429092",
  "Updated": "2021-01-27T12:36:09.8163177Z",
  "Failed": 0,
  "HashRate_Live": 0.0,
  "HashRate_Average": 0.0,
  "BlockRate_Live": 0.0,
  "BlockRate_Average": 0.0,
  "Actual24h_Week": 0.00000293773254947298,
  "Estimate24h_Week": 0.00000474891577820658,
  "ErrorRatio": 0.994156755616616
}
