{
  "Live": 0.00000000000000000138,
  "Minute": 0.00000000000000000138,
  "Minute_Fluctuation": 0.0,
  "Minute_5": 0.0000000000000000013826608272,
  "Minute_5_Fluctuation": 0.07729538130908291,
  "Minute_10": 0.0000000000000000016407915242,
  "Minute_10_Fluctuation": 0.3855038760855027,
  "Hour": 0.000000000000000002125585305,
  "Hour_Fluctuation": 0.3336624923295899,
  "Day": 0.0000000000000000021785556663,
  "Day_Fluctuation": 0.3307566980815456,
  "ThreeDay": 0.0000000000000000021785556663,
  "ThreeDay_Fluctuation": 0.3307566980815456,
  "Week": 0.0000000000000000021785556663,
  "Week_Fluctuation": 0.3307566980815456,
  "Duration": "01:24:52.1883102",
  "Updated": "2021-01-27T12:38:12.6640671Z",
  "Failed": 0,
  "HashRate_Live": 0.0,
  "HashRate_Average": 0.0,
  "BlockRate_Live": 1.0,
  "BlockRate_Average": 1.0,
  "Actual24h_Week": 0.0,
  "Estimate24h_Week": 0.0,
  "ErrorRatio": 1.0
}
