{
  "Live": 0.00000000000000000549372608,
  "Minute": 0.00000000000000000549372608,
  "Minute_Fluctuation": 0.0,
  "Minute_5": 0.0000000000000000054941413552,
  "Minute_5_Fluctuation": 0.001978349276231073,
  "Minute_10": 0.000000000000000005490986921,
  "Minute_10_Fluctuation": 0.0028522906978078757,
  "Hour": 0.0000000000000000055135784687,
  "Hour_Fluctuation": 0.004547138425888315,
  "Day": 0.0000000000000000055152201014,
  "Day_Fluctuation": 0.004555424819271003,
  "ThreeDay": 0.0000000000000000055152201014,
  "ThreeDay_Fluctuation": 0.004555424819271003,
  "Week": 0.0000000000000000055152201014,
  "Week_Fluctuation": 0.004555424819271003,
  "Duration": "01:24:52.1883102",
  "Updated": "2021-01-27T12:38:12.5362846Z",
  "Failed": 0,
  "HashRate_Live": 21626660710602.0,
  "HashRate_Average": 17234750738088.607,
  "BlockRate_Live": 37.0,
  "BlockRate_Average": 39.51186215487686,
  "Actual24h_Week": 0.00419997872823822,
  "Estimate24h_Week": 0.00539603672926578,
  "ErrorRatio": 0.996283211446323
}
