{
  "Live": 0.00000000000412824,
  "Minute": 0.00000000000412824,
  "Minute_Fluctuation": 0.0,
  "Minute_5": 0.00000000000412822990484334,
  "Minute_5_Fluctuation": 4.907294237218063E-06,
  "Minute_10": 0.00000000000412839699417291,
  "Minute_10_Fluctuation": 0.000344134062534931,
  "Hour": 0.00000000000417894771910421,
  "Hour_Fluctuation": 0.02592711393156225,
  "Day": 0.00000000000418241655107791,
  "Day_Fluctuation": 0.026829422700581182,
  "ThreeDay": 0.00000000000418241655107791,
  "ThreeDay_Fluctuation": 0.026829422700581182,
  "Week": 0.00000000000418241655107791,
  "Week_Fluctuation": 0.026829422700581182,
  "Duration": "01:24:52.1883102",
  "Updated": "2021-01-27T12:38:12.0504779Z",
  "Failed": 0,
  "HashRate_Live": 155580895.0,
  "HashRate_Average": 247579806.6678186,
  "BlockRate_Live": 189.0,
  "BlockRate_Average": 192.5558487087633,
  "Actual24h_Week": 0.00000449679565291461,
  "Estimate24h_Week": 0.00000475583979323234,
  "ErrorRatio": 0.99908665034742
}
