{
  "Live": 0.00000000000000000656431806,
  "Minute": 0.00000000000000000656431806,
  "Minute_Fluctuation": 0.0,
  "Minute_5": 0.0000000000000000065644088692,
  "Minute_5_Fluctuation": 0.00011063543614738383,
  "Minute_10": 0.0000000000000000065702761667,
  "Minute_10_Fluctuation": 0.004177592418527865,
  "Hour": 0.0000000000000000068028960963,
  "Hour_Fluctuation": 0.031839602785038446,
  "Day": 0.0000000000000000068191934786,
  "Day_Fluctuation": 0.03150645281299508,
  "ThreeDay": 0.0000000000000000068191934786,
  "ThreeDay_Fluctuation": 0.03150645281299508,
  "Week": 0.0000000000000000068191934786,
  "Week_Fluctuation": 0.03150645281299508,
  "Duration": "01:24:52.1883102",
  "Updated": "2021-01-27T12:38:12.0270895Z",
  "Failed": 0,
  "HashRate_Live": 0.0,
  "HashRate_Average": 0.0,
  "BlockRate_Live": 0.0,
  "BlockRate_Average": 0.0,
  "Actual24h_Week": 0.0,
  "Estimate24h_Week": 0.0065867171662928,
  "ErrorRatio": 0.983231643002826
}
