{
  "Live": 0.00000000000000321,
  "Minute": 0.00000000000000321,
  "Minute_Fluctuation": 0.0,
  "Minute_5": 0.0000000000000034573826417965,
  "Minute_5_Fluctuation": 0.13681945611906632,
  "Minute_10": 0.0000000000000036903769155165,
  "Minute_10_Fluctuation": 0.1564438344593243,
  "Hour": 0.0000000000000034017580511673,
  "Hour_Fluctuation": 0.18282398599119132,
  "Day": 0.0000000000000024798299096819,
  "Day_Fluctuation": 0.027855581108565234,
  "ThreeDay": 0.0000000000000024780481507354,
  "ThreeDay_Fluctuation": 0.027173234502083803,
  "Week": 0.0000000000000024780481507354,
  "Week_Fluctuation": 0.027173234502083803,
  "Duration": "1.01:16:25.6193212",
  "Updated": "2021-01-27T12:33:03.753487Z",
  "Failed": 0,
  "HashRate_Live": 0.0,
  "HashRate_Average": 0.0,
  "BlockRate_Live": 0.0,
  "BlockRate_Average": 0.0,
  "Actual24h_Week": 0.000000151901792626456,
  "Estimate24h_Week": 0.000000245551735624127,
  "ErrorRatio": 0.893880768063735
}
