{
  "Live": 0.00000001135322,
  "Minute": 0.00000001135322,
  "Minute_Fluctuation": 0.0,
  "Minute_5": 0.0000000113428995882016,
  "Minute_5_Fluctuation": 0.038867346195645504,
  "Minute_10": 0.0000000109353292090509,
  "Minute_10_Fluctuation": 0.09504668642044985,
  "Hour": 0.0000000108282062261522,
  "Hour_Fluctuation": 0.07417888168215131,
  "Day": 0.0000000108180848502375,
  "Day_Fluctuation": 0.07240083760195325,
  "ThreeDay": 0.0000000108180848502375,
  "ThreeDay_Fluctuation": 0.07240083760195325,
  "Week": 0.0000000108180848502375,
  "Week_Fluctuation": 0.07240083760195325,
  "Duration": "01:24:52.1883102",
  "Updated": "2021-01-27T12:38:12.5107708Z",
  "Failed": 0,
  "HashRate_Live": 7219.0,
  "HashRate_Average": 7400.6180779839615,
  "BlockRate_Live": 9.0,
  "BlockRate_Average": 9.0,
  "Actual24h_Week": 0.0000130451974211008,
  "Estimate24h_Week": 0.0000117046262715102,
  "ErrorRatio": 1.0
}
