{
  "Live": 0.00000000000000000090416933,
  "Minute": 0.00000000000000000090416933,
  "Minute_Fluctuation": 0.0,
  "Minute_5": 0.0000000000000000009052598094,
  "Minute_5_Fluctuation": 0.0018607501482048815,
  "Minute_10": 0.0000000000000000009064673419,
  "Minute_10_Fluctuation": 0.002356416960984342,
  "Hour": 0.0000000000000000009063358546,
  "Hour_Fluctuation": 0.0025706938737445726,
  "Day": 0.000000000000000000906358045,
  "Day_Fluctuation": 0.002590651286738257,
  "ThreeDay": 0.000000000000000000906358045,
  "ThreeDay_Fluctuation": 0.002590651286738257,
  "Week": 0.000000000000000000906358045,
  "Week_Fluctuation": 0.002590651286738257,
  "Duration": "01:17:30.9429092",
  "Updated": "2021-01-27T12:38:13.7611719Z",
  "Failed": 0,
  "HashRate_Live": 0.0,
  "HashRate_Average": 0.0,
  "BlockRate_Live": 0.0,
  "BlockRate_Average": 0.0,
  "Actual24h_Week": 0.0,
  "Estimate24h_Week": 0.00160751318747846,
  "ErrorRatio": 0.984679034673057
}
