{
  "Live": 0.00000000000119,
  "Minute": 0.00000000000119,
  "Minute_Fluctuation": 0.008333333333333299,
  "Minute_5": 0.00000000000119688956057303,
  "Minute_5_Fluctuation": 0.009840030699363005,
  "Minute_10": 0.00000000000119804190646492,
  "Minute_10_Fluctuation": 0.014042313523928394,
  "Hour": 0.0000000000011681223342721,
  "Hour_Fluctuation": 0.03474523663659739,
  "Day": 0.00000000000109551407319851,
  "Day_Fluctuation": 0.004918892690589034,
  "ThreeDay": 0.00000000000109533542664628,
  "ThreeDay_Fluctuation": 0.0047639887824457786,
  "Week": 0.00000000000109533542664628,
  "Week_Fluctuation": 0.0047639887824457786,
  "Duration": "1.01:27:41.9766011",
  "Updated": "2021-01-27T12:39:13.7480201Z",
  "Failed": 0,
  "HashRate_Live": 856920421.0,
  "HashRate_Average": 1016272600.2404636,
  "BlockRate_Live": 761.0,
  "BlockRate_Average": 757.3878806372442,
  "Actual24h_Week": 0.0000000827385317381949,
  "Estimate24h_Week": 0.0000000801267626698454,
  "ErrorRatio": 1.00913146709535
}
