{
  "Live": 0.0000000000059,
  "Minute": 0.0000000000059,
  "Minute_Fluctuation": 0.024305555555555663,
  "Minute_5": 0.00000000000592149410110699,
  "Minute_5_Fluctuation": 0.026894401453027773,
  "Minute_10": 0.00000000000600842076398568,
  "Minute_10_Fluctuation": 0.030578073002093056,
  "Hour": 0.00000000000615672003737311,
  "Hour_Fluctuation": 0.03241505552683582,
  "Day": 0.0000000000064211436241939,
  "Day_Fluctuation": 0.003639139618487971,
  "ThreeDay": 0.00000000000642182815026043,
  "ThreeDay_Fluctuation": 0.0035329579195089054,
  "Week": 0.00000000000642182815026043,
  "Week_Fluctuation": 0.003532957919508906,
  "Duration": "1.01:27:41.9766011",
  "Updated": "2021-01-27T12:39:13.7669075Z",
  "Failed": 0,
  "HashRate_Live": 106323918.0,
  "HashRate_Average": 99832067.9940536,
  "BlockRate_Live": 307.0,
  "BlockRate_Average": 312.31931593246384,
  "Actual24h_Week": 0.000000367266568151238,
  "Estimate24h_Week": 0.000000371786704987526,
  "ErrorRatio": 0.99659402773139
}
