{
  "Live": 0.00000000000008945,
  "Minute": 0.00000000000008945,
  "Minute_Fluctuation": 0.13841263725679068,
  "Minute_5": 0.000000000000110987734869965,
  "Minute_5_Fluctuation": 0.13818627852625873,
  "Minute_10": 0.000000000000111539078955438,
  "Minute_10_Fluctuation": 0.15724615734966604,
  "Hour": 0.000000000000161354589462001,
  "Hour_Fluctuation": 0.3578030148871663,
  "Day": 0.000000000000302595938422282,
  "Day_Fluctuation": 0.03785086145181602,
  "ThreeDay": 0.00000000000030292519062085,
  "ThreeDay_Fluctuation": 0.036794521157497186,
  "Week": 0.00000000000030292519062085,
  "Week_Fluctuation": 0.03679452115749719,
  "Duration": "1.01:27:41.9766011",
  "Updated": "2021-01-27T12:39:13.1184894Z",
  "Failed": 0,
  "HashRate_Live": 11032453860.0,
  "HashRate_Average": 6382047901.588923,
  "BlockRate_Live": 1264.0,
  "BlockRate_Average": 1263.8610821719888,
  "Actual24h_Week": 0.00000524330567413723,
  "Estimate24h_Week": 0.0000125217348304055,
  "ErrorRatio": 0.837161708381818
}
