{
  "Live": 0.00000000000104035,
  "Minute": 0.00000000000104035,
  "Minute_Fluctuation": 0.0,
  "Minute_5": 0.00000000000119619717100392,
  "Minute_5_Fluctuation": 0.14460839223260585,
  "Minute_10": 0.00000000000130664797842407,
  "Minute_10_Fluctuation": 0.12443889408306669,
  "Hour": 0.0000000000013326003306828,
  "Hour_Fluctuation": 0.09687919734794757,
  "Day": 0.00000000000133482799655247,
  "Day_Fluctuation": 0.09463653279453806,
  "ThreeDay": 0.00000000000133482799655247,
  "ThreeDay_Fluctuation": 0.09463653279453804,
  "Week": 0.00000000000133482799655247,
  "Week_Fluctuation": 0.09463653279453806,
  "Duration": "01:17:30.9429092",
  "Updated": "2021-01-27T12:38:13.3681665Z",
  "Failed": 0,
  "HashRate_Live": 0.0,
  "HashRate_Average": 0.0,
  "BlockRate_Live": 0.0,
  "BlockRate_Average": 0.0,
  "Actual24h_Week": 0.0,
  "Estimate24h_Week": 0.00000134948369140022,
  "ErrorRatio": 0.984679034673057
}
