{
  "Live": 0.00000000000010923068,
  "Minute": 0.00000000000010923068,
  "Minute_Fluctuation": 0.0,
  "Minute_5": 0.000000000000106173695559355,
  "Minute_5_Fluctuation": 0.05143365167099659,
  "Minute_10": 0.000000000000103142153411499,
  "Minute_10_Fluctuation": 0.057550300765916156,
  "Hour": 0.000000000000107540598532327,
  "Hour_Fluctuation": 0.08210739295230825,
  "Day": 0.000000000000107645845856067,
  "Day_Fluctuation": 0.08322402193700917,
  "ThreeDay": 0.000000000000107645845856067,
  "ThreeDay_Fluctuation": 0.08322402193700919,
  "Week": 0.000000000000107645845856067,
  "Week_Fluctuation": 0.08322402193700917,
  "Duration": "01:17:30.9429092",
  "Updated": "2021-01-27T12:38:13.505124Z",
  "Failed": 0,
  "HashRate_Live": 533629643.0,
  "HashRate_Average": 533398274.94591445,
  "BlockRate_Live": 360.0,
  "BlockRate_Average": 360.9442494490434,
  "Actual24h_Week": 0.0000883318491480619,
  "Estimate24h_Week": 0.000106293360602624,
  "ErrorRatio": 0.997411054720119
}
