{
  "Live": 0.0000000000003,
  "Minute": 0.0000000000003,
  "Minute_Fluctuation": 0.0,
  "Minute_5": 0.00000000000067232149324619,
  "Minute_5_Fluctuation": 0.7277967396642603,
  "Minute_10": 0.00000000000187208316330164,
  "Minute_10_Fluctuation": 0.7494349977027757,
  "Hour": 0.00000000000198660336558588,
  "Hour_Fluctuation": 0.272135238231435,
  "Day": 0.000000000000812263686942798,
  "Day_Fluctuation": 0.10067826100986318,
  "ThreeDay": 0.000000000000809140215701444,
  "ThreeDay_Fluctuation": 0.09643107934505324,
  "Week": 0.000000000000809140215701444,
  "Week_Fluctuation": 0.09643107934505324,
  "Duration": "1.01:27:41.9766011",
  "Updated": "2021-01-27T12:39:13.7862421Z",
  "Failed": 0,
  "HashRate_Live": 9620727.0,
  "HashRate_Average": 35235601.29575529,
  "BlockRate_Live": 113.0,
  "BlockRate_Average": 107.66787812182208,
  "Actual24h_Week": 0.000000140829985309999,
  "Estimate24h_Week": 0.000000113375943593436,
  "ErrorRatio": 1.06090250695718
}
