{
  "Live": 0.00000000000000095,
  "Minute": 0.00000000000000095,
  "Minute_Fluctuation": 0.0,
  "Minute_5": 0.0000000000000009364530272942,
  "Minute_5_Fluctuation": 0.03315843178388481,
  "Minute_10": 0.0000000000000009396146734094,
  "Minute_10_Fluctuation": 0.050916825528671404,
  "Hour": 0.0000000000000008049690072284,
  "Hour_Fluctuation": 0.1729459666283821,
  "Day": 0.0000000000000006221182735086,
  "Day_Fluctuation": 0.020006949257721687,
  "ThreeDay": 0.0000000000000006217372214217,
  "ThreeDay_Fluctuation": 0.01941644092141222,
  "Week": 0.0000000000000006217372214217,
  "Week_Fluctuation": 0.019416440921412224,
  "Duration": "1.01:16:25.6193212",
  "Updated": "2021-01-27T12:39:17.3994125Z",
  "Failed": 0,
  "HashRate_Live": 28704583562.0,
  "HashRate_Average": 39346495983.53643,
  "BlockRate_Live": 19.0,
  "BlockRate_Average": 18.290790386617072,
  "Actual24h_Week": 0.0000000355036837661711,
  "Estimate24h_Week": 0.0000000411223848419649,
  "ErrorRatio": 0.961982178850719
}
