{
  "Live": 0.00000000000023,
  "Minute": 0.00000000000023,
  "Minute_Fluctuation": 0.0,
  "Minute_5": 0.000000000000260313165015879,
  "Minute_5_Fluctuation": 0.13823587301296528,
  "Minute_10": 0.00000000000028901108339478,
  "Minute_10_Fluctuation": 0.19503182577340036,
  "Hour": 0.000000000000362043731920434,
  "Hour_Fluctuation": 0.2705605339249102,
  "Day": 0.000000000000277566593266826,
  "Day_Fluctuation": 0.029102772467058977,
  "ThreeDay": 0.000000000000277358318394876,
  "ThreeDay_Fluctuation": 0.028279849751281186,
  "Week": 0.000000000000277358318394876,
  "Week_Fluctuation": 0.028279849751281186,
  "Duration": "1.01:27:41.9766011",
  "Updated": "2021-01-27T12:39:13.2940731Z",
  "Failed": 0,
  "HashRate_Live": 173608305.0,
  "HashRate_Average": 203766965.072236,
  "BlockRate_Live": 3.0,
  "BlockRate_Average": 3.3133927210900023,
  "Actual24h_Week": 0.0000000145861444835423,
  "Estimate24h_Week": 0.0000000138647350411717,
  "ErrorRatio": 1.01457651247758
}
