{
  "Live": 0.00000000000000925,
  "Minute": 0.00000000000000925,
  "Minute_Fluctuation": 0.0021574973031283215,
  "Minute_5": 0.0000000000000091513703743867,
  "Minute_5_Fluctuation": 0.009627367344516516,
  "Minute_10": 0.0000000000000091208650057971,
  "Minute_10_Fluctuation": 0.01306514442546556,
  "Hour": 0.0000000000000095632013009676,
  "Hour_Fluctuation": 0.03487786705824189,
  "Day": 0.0000000000000100400448011163,
  "Day_Fluctuation": 0.002929670625762729,
  "ThreeDay": 0.0000000000000100410537747839,
  "ThreeDay_Fluctuation": 0.00283228755637033,
  "Week": 0.0000000000000100410537747839,
  "Week_Fluctuation": 0.00283228755637033,
  "Duration": "1.01:16:25.6193212",
  "Updated": "2021-01-27T12:39:17.5509854Z",
  "Failed": 0,
  "HashRate_Live": 4867171472.0,
  "HashRate_Average": 5101371640.391421,
  "BlockRate_Live": 15.0,
  "BlockRate_Average": 15.319134811163147,
  "Actual24h_Week": 0.000000490645185296858,
  "Estimate24h_Week": 0.0000967180061501797,
  "ErrorRatio": 0.72316510669637
}
