{
  "Live": 0.0000000000000997,
  "Minute": 0.0000000000000997,
  "Minute_Fluctuation": 0.03573654685227505,
  "Minute_5": 0.000000000000104237251183971,
  "Minute_5_Fluctuation": 0.06532801936233266,
  "Minute_10": 0.000000000000107308488820262,
  "Minute_10_Fluctuation": 0.08300403479755154,
  "Hour": 0.000000000000116066281322024,
  "Hour_Fluctuation": 0.11170702223118606,
  "Day": 0.00000000000011130293240076,
  "Day_Fluctuation": 0.009004581175989476,
  "ThreeDay": 0.000000000000111292650759582,
  "ThreeDay_Fluctuation": 0.008787235127733623,
  "Week": 0.000000000000111292650759582,
  "Week_Fluctuation": 0.008787235127733625,
  "Duration": "1.01:27:41.9766011",
  "Updated": "2021-01-27T12:39:13.4253181Z",
  "Failed": 0,
  "HashRate_Live": 113636291694.0,
  "HashRate_Average": 128552692290.81094,
  "BlockRate_Live": 575.0,
  "BlockRate_Average": 572.6088552385698,
  "Actual24h_Week": 0.00000633590036590124,
  "Estimate24h_Week": 0.00000670144779212743,
  "ErrorRatio": 0.984718764359378
}
