{
  "Live": 0.0000000000000000182,
  "Minute": 0.0000000000000000182,
  "Minute_Fluctuation": 0.0,
  "Minute_5": 0.0000000000000000185128606118,
  "Minute_5_Fluctuation": 0.029499032218669098,
  "Minute_10": 0.0000000000000000189794093295,
  "Minute_10_Fluctuation": 0.04072578212567111,
  "Hour": 0.0000000000000000211434522273,
  "Hour_Fluctuation": 0.06946690120946326,
  "Day": 0.0000000000000000212946564198,
  "Day_Fluctuation": 0.06650542564405176,
  "ThreeDay": 0.0000000000000000212946564198,
  "ThreeDay_Fluctuation": 0.06650542564405176,
  "Week": 0.0000000000000000212946564198,
  "Week_Fluctuation": 0.06650542564405176,
  "Duration": "01:24:52.1883102",
  "Updated": "2021-01-27T12:34:04.2208348Z",
  "Failed": 0,
  "HashRate_Live": 0.0,
  "HashRate_Average": 0.0,
  "BlockRate_Live": 0.0,
  "BlockRate_Average": 0.0,
  "Actual24h_Week": 0.0,
  "Estimate24h_Week": 0.0000000299978514050617,
  "ErrorRatio": 0.983231643002826
}
