{
  "Live": 0.00000000000000620975,
  "Minute": 0.00000000000000620975,
  "Minute_Fluctuation": 0.0,
  "Minute_5": 0.0000000000000062114679123455,
  "Minute_5_Fluctuation": 0.0002629608829543203,
  "Minute_10": 0.000000000000006213488802513,
  "Minute_10_Fluctuation": 0.0007640589440605334,
  "Hour": 0.0000000000000062256426644321,
  "Hour_Fluctuation": 0.0016883193853315598,
  "Day": 0.0000000000000062261297322109,
  "Day_Fluctuation": 0.0016660123644882349,
  "ThreeDay": 0.0000000000000062261297322109,
  "ThreeDay_Fluctuation": 0.0016660123644882349,
  "Week": 0.0000000000000062261297322109,
  "Week_Fluctuation": 0.0016660123644882349,
  "Duration": "01:17:30.9429092",
  "Updated": "2021-01-27T12:38:13.8717911Z",
  "Failed": 0,
  "HashRate_Live": 0.0,
  "HashRate_Average": 0.0,
  "BlockRate_Live": 0.0,
  "BlockRate_Average": 0.0,
  "Actual24h_Week": 0.000629678395199971,
  "Estimate24h_Week": 0.00000618,
  "ErrorRatio": 1.0
}
