{
  "Live": 0.00000000000164,
  "Minute": 0.00000000000164,
  "Minute_Fluctuation": 0.012345679012345626,
  "Minute_5": 0.0000000000016434847014594,
  "Minute_5_Fluctuation": 0.018249794081056127,
  "Minute_10": 0.00000000000166838860804686,
  "Minute_10_Fluctuation": 0.02552129223696717,
  "Hour": 0.00000000000176092140070062,
  "Hour_Fluctuation": 0.028608592034790208,
  "Day": 0.00000000000180777799602088,
  "Day_Fluctuation": 0.001991596369904299,
  "ThreeDay": 0.00000000000180790341211221,
  "ThreeDay_Fluctuation": 0.0019141225624596662,
  "Week": 0.00000000000180790341211221,
  "Week_Fluctuation": 0.0019141225624596662,
  "Duration": "1.01:27:41.9766011",
  "Updated": "2021-01-27T12:39:13.0274577Z",
  "Failed": 0,
  "HashRate_Live": 774183832.0,
  "HashRate_Average": 775202636.8483236,
  "BlockRate_Live": 0.0,
  "BlockRate_Average": 0.0,
  "Actual24h_Week": 0.000000173769363000563,
  "Estimate24h_Week": 0.00000012637951449869,
  "ErrorRatio": 1.06090250695718
}
