{
  "Live": 0.00000000493791,
  "Minute": 0.00000000493791,
  "Minute_Fluctuation": 0.0,
  "Minute_5": 0.00000000491922104061959,
  "Minute_5_Fluctuation": 0.018955416502331318,
  "Minute_10": 0.00000000477530841471659,
  "Minute_10_Fluctuation": 0.0872786348176987,
  "Hour": 0.00000000411230881737833,
  "Hour_Fluctuation": 0.16156720625706603,
  "Day": 0.000000004083420129082,
  "Day_Fluctuation": 0.1599057559436798,
  "ThreeDay": 0.000000004083420129082,
  "ThreeDay_Fluctuation": 0.1599057559436798,
  "Week": 0.000000004083420129082,
  "Week_Fluctuation": 0.1599057559436798,
  "Duration": "01:17:30.9429092",
  "Updated": "2021-01-27T12:38:13.8212378Z",
  "Failed": 0,
  "HashRate_Live": 0.0,
  "HashRate_Average": 0.0,
  "BlockRate_Live": 0.0,
  "BlockRate_Average": 0.0,
  "Actual24h_Week": 0.0,
  "Estimate24h_Week": 0.00000412972188790087,
  "ErrorRatio": 0.984679034673057
}
