{
  "Live": 0.00000000000560513,
  "Minute": 0.00000000000560513,
  "Minute_Fluctuation": 0.0,
  "Minute_5": 0.00000000000577716044650615,
  "Minute_5_Fluctuation": 0.0576347856994965,
  "Minute_10": 0.00000000000588795836484976,
  "Minute_10_Fluctuation": 0.06503602229865713,
  "Hour": 0.00000000000583468847102815,
  "Hour_Fluctuation": 0.06934827606056543,
  "Day": 0.00000000000583198674574347,
  "Day_Fluctuation": 0.06954110938583209,
  "ThreeDay": 0.00000000000583198674574347,
  "ThreeDay_Fluctuation": 0.06954110938583209,
  "Week": 0.00000000000583198674574347,
  "Week_Fluctuation": 0.06954110938583209,
  "Duration": "01:17:30.9429092",
  "Updated": "2021-01-27T12:38:13.1042954Z",
  "Failed": 0,
  "HashRate_Live": 5478111.0,
  "HashRate_Average": 7738194.883111404,
  "BlockRate_Live": 67.0,
  "BlockRate_Average": 68.2369812712782,
  "Actual24h_Week": 0.00000586768828455282,
  "Estimate24h_Week": 0.00000611058162136517,
  "ErrorRatio": 0.999390997351474
}
