{
  "Live": 0.00000000000001099021,
  "Minute": 0.00000000000001099021,
  "Minute_Fluctuation": 0.0,
  "Minute_5": 0.0000000000000109895286711612,
  "Minute_5_Fluctuation": 0.00034081253119366004,
  "Minute_10": 0.0000000000000109811347007235,
  "Minute_10_Fluctuation": 0.002062743049849186,
  "Hour": 0.0000000000000109040305608926,
  "Hour_Fluctuation": 0.008012088343361496,
  "Day": 0.0000000000000108981921745572,
  "Day_Fluctuation": 0.007996032018970735,
  "ThreeDay": 0.0000000000000108981921745572,
  "ThreeDay_Fluctuation": 0.007996032018970735,
  "Week": 0.0000000000000108981921745572,
  "Week_Fluctuation": 0.007996032018970735,
  "Duration": "01:24:52.1883102",
  "Updated": "2021-01-27T12:18:31.8892232Z",
  "Failed": 0,
  "HashRate_Live": 0.0,
  "HashRate_Average": 0.0,
  "BlockRate_Live": 0.0,
  "BlockRate_Average": 0.0,
  "Actual24h_Week": 0.0,
  "Estimate24h_Week": 0.0000100129281467359,
  "ErrorRatio": 0.983231643002826
}
