{
  "Live": 0.00000000000000000594553585,
  "Minute": 0.00000000000000000594553585,
  "Minute_Fluctuation": 0.0,
  "Minute_5": 0.0000000000000000061308137521,
  "Minute_5_Fluctuation": 0.072747654698683,
  "Minute_10": 0.0000000000000000063911270499,
  "Minute_10_Fluctuation": 0.08044094846262122,
  "Hour": 0.000000000000000006438050904,
  "Hour_Fluctuation": 0.10610325469116366,
  "Day": 0.000000000000000006438816436,
  "Day_Fluctuation": 0.10708177763141562,
  "ThreeDay": 0.000000000000000006438816436,
  "ThreeDay_Fluctuation": 0.10708177763141563,
  "Week": 0.000000000000000006438816436,
  "Week_Fluctuation": 0.10708177763141562,
  "Duration": "01:24:52.1883102",
  "Updated": "2021-01-27T12:38:12.4663006Z",
  "Failed": 0,
  "HashRate_Live": 219902325556.0,
  "HashRate_Average": 32763704813973.03,
  "BlockRate_Live": 24.0,
  "BlockRate_Average": 22.16671268421345,
  "Actual24h_Week": 0.0073949900678981,
  "Estimate24h_Week": 0.0063890455375796,
  "ErrorRatio": 1.0
}
