{
  "Live": 0.00000000000001534,
  "Minute": 0.00000000000001534,
  "Minute_Fluctuation": 0.0,
  "Minute_5": 0.0000000000000138394557607588,
  "Minute_5_Fluctuation": 0.13062491915858038,
  "Minute_10": 0.000000000000012770765430332,
  "Minute_10_Fluctuation": 0.13698230404874737,
  "Hour": 0.0000000000000122145665663197,
  "Hour_Fluctuation": 0.11729860953144967,
  "Day": 0.0000000000000131922575460004,
  "Day_Fluctuation": 0.010037437899051553,
  "ThreeDay": 0.0000000000000131949054784608,
  "ThreeDay_Fluctuation": 0.009747100030727715,
  "Week": 0.0000000000000131949054784608,
  "Week_Fluctuation": 0.009747100030727715,
  "Duration": "1.01:27:41.9766011",
  "Updated": "2021-01-27T12:39:13.5712423Z",
  "Failed": 0,
  "HashRate_Live": 11270272612.0,
  "HashRate_Average": 11600210062.827917,
  "BlockRate_Live": 651.0,
  "BlockRate_Average": 640.3259580666806,
  "Actual24h_Week": 0.000000956477866889408,
  "Estimate24h_Week": 0.00000101882994813355,
  "ErrorRatio": 0.982855191731012
}
