{
  "Live": 0.0000000146089,
  "Minute": 0.0000000146089,
  "Minute_Fluctuation": 0.0,
  "Minute_5": 0.0000000145139443974119,
  "Minute_5_Fluctuation": 0.01793577181266915,
  "Minute_10": 0.0000000144118069366163,
  "Minute_10_Fluctuation": 0.025071310339001125,
  "Hour": 0.0000000152714685491447,
  "Hour_Fluctuation": 0.05837522073522047,
  "Day": 0.0000000153007787270424,
  "Day_Fluctuation": 0.05848032814408528,
  "ThreeDay": 0.0000000153007787270424,
  "ThreeDay_Fluctuation": 0.05848032814408528,
  "Week": 0.0000000153007787270424,
  "Week_Fluctuation": 0.05848032814408528,
  "Duration": "01:17:30.9429092",
  "Updated": "2021-01-27T12:38:13.1135127Z",
  "Failed": 0,
  "HashRate_Live": 2883.0,
  "HashRate_Average": 2974.72600601291,
  "BlockRate_Live": 266.0,
  "BlockRate_Average": 274.3307522817798,
  "Actual24h_Week": 0.0000151718529640183,
  "Estimate24h_Week": 0.0000145001084453019,
  "ErrorRatio": 1.0
}
