{
  "Live": 0.00000000000010577716,
  "Minute": 0.00000000000010577716,
  "Minute_Fluctuation": 0.0,
  "Minute_5": 0.000000000000108784991839082,
  "Minute_5_Fluctuation": 0.05191077533797762,
  "Minute_10": 0.000000000000108409916223965,
  "Minute_10_Fluctuation": 0.06895599715404643,
  "Hour": 0.000000000000108849177276409,
  "Hour_Fluctuation": 0.08805141769121118,
  "Day": 0.000000000000108770360626468,
  "Day_Fluctuation": 0.08939904203590637,
  "ThreeDay": 0.000000000000108770360626468,
  "ThreeDay_Fluctuation": 0.08939904203590637,
  "Week": 0.000000000000108770360626468,
  "Week_Fluctuation": 0.08939904203590637,
  "Duration": "01:17:30.9429092",
  "Updated": "2021-01-27T12:38:13.2567684Z",
  "Failed": 0,
  "HashRate_Live": 2142760526.0,
  "HashRate_Average": 2442627468.415587,
  "BlockRate_Live": 0.0,
  "BlockRate_Average": 0.0,
  "Actual24h_Week": 0.0000897504620330998,
  "Estimate24h_Week": 0.000109559552794457,
  "ErrorRatio": 0.997229868277371
}
