{
  "Live": 0.00000000000000182474,
  "Minute": 0.00000000000000182474,
  "Minute_Fluctuation": 0.0,
  "Minute_5": 0.0000000000000018366238109634,
  "Minute_5_Fluctuation": 0.04074885293828623,
  "Minute_10": 0.0000000000000018315164446557,
  "Minute_10_Fluctuation": 0.05946800724330884,
  "Hour": 0.0000000000000021228939547651,
  "Hour_Fluctuation": 0.12281144540078576,
  "Day": 0.0000000000000021337430318256,
  "Day_Fluctuation": 0.12195551533700325,
  "ThreeDay": 0.0000000000000021337430318256,
  "ThreeDay_Fluctuation": 0.12195551533700325,
  "Week": 0.0000000000000021337430318256,
  "Week_Fluctuation": 0.12195551533700326,
  "Duration": "01:17:30.9429092",
  "Updated": "2021-01-27T12:38:13.7705829Z",
  "Failed": 0,
  "HashRate_Live": 74942712549.0,
  "HashRate_Average": 85740859547.1344,
  "BlockRate_Live": 70.0,
  "BlockRate_Average": 68.71112333908144,
  "Actual24h_Week": 0.00000291480992794065,
  "Estimate24h_Week": 0.0000029436949637323,
  "ErrorRatio": 0.999849662877002
}
