{
  "Live": 0.00000000000000043342,
  "Minute": 0.00000000000000043342,
  "Minute_Fluctuation": 0.0,
  "Minute_5": 0.000000000000000415363079655,
  "Minute_5_Fluctuation": 0.06175248719431606,
  "Minute_10": 0.0000000000000003981104089753,
  "Minute_10_Fluctuation": 0.07296078955213402,
  "Hour": 0.0000000000000003264022008178,
  "Hour_Fluctuation": 0.19780670704449937,
  "Day": 0.0000000000000003235860049339,
  "Day_Fluctuation": 0.19549396814607767,
  "ThreeDay": 0.0000000000000003235860049339,
  "ThreeDay_Fluctuation": 0.19549396814607767,
  "Week": 0.0000000000000003235860049339,
  "Week_Fluctuation": 0.19549396814607767,
  "Duration": "01:17:30.9429092",
  "Updated": "2021-01-27T12:38:13.0497282Z",
  "Failed": 0,
  "HashRate_Live": 0.0,
  "HashRate_Average": 0.0,
  "BlockRate_Live": 0.0,
  "BlockRate_Average": 0.0,
  "Actual24h_Week": 0.000000502896784582956,
  "Estimate24h_Week": 0.00000033,
  "ErrorRatio": 1.0
}
