{
  "Live": 0.0000000000000448881,
  "Minute": 0.0000000000000448881,
  "Minute_Fluctuation": 0.0,
  "Minute_5": 0.0000000000000440307322351308,
  "Minute_5_Fluctuation": 0.05504294810273156,
  "Minute_10": 0.0000000000000431267240111394,
  "Minute_10_Fluctuation": 0.06648982640160965,
  "Hour": 0.0000000000000441965890222529,
  "Hour_Fluctuation": 0.05241595441670773,
  "Day": 0.0000000000000442303911340867,
  "Day_Fluctuation": 0.05259324565548894,
  "ThreeDay": 0.0000000000000442303911340867,
  "ThreeDay_Fluctuation": 0.05259324565548894,
  "Week": 0.0000000000000442303911340867,
  "Week_Fluctuation": 0.05259324565548894,
  "Duration": "01:17:30.9429092",
  "Updated": "2021-01-27T12:38:13.5212226Z",
  "Failed": 0,
  "HashRate_Live": 0.0,
  "HashRate_Average": 0.0,
  "BlockRate_Live": 0.0,
  "BlockRate_Average": 0.0,
  "Actual24h_Week": 0.0,
  "Estimate24h_Week": 0.0000432040595760954,
  "ErrorRatio": 0.984679034673057
}
