{
  "Live": 0.00000000000005288,
  "Minute": 0.00000000000005288,
  "Minute_Fluctuation": 0.0,
  "Minute_5": 0.0000000000000502846052362386,
  "Minute_5_Fluctuation": 0.07210593303853875,
  "Minute_10": 0.000000000000048637887263718,
  "Minute_10_Fluctuation": 0.08719019211511413,
  "Hour": 0.0000000000000462205741369339,
  "Hour_Fluctuation": 0.07561101676272125,
  "Day": 0.0000000000000461220765947392,
  "Day_Fluctuation": 0.07483805152195178,
  "ThreeDay": 0.0000000000000461220765947392,
  "ThreeDay_Fluctuation": 0.07483805152195178,
  "Week": 0.0000000000000461220765947392,
  "Week_Fluctuation": 0.07483805152195178,
  "Duration": "01:17:30.9429092",
  "Updated": "2021-01-27T12:38:13.4234796Z",
  "Failed": 0,
  "HashRate_Live": 0.0,
  "HashRate_Average": 0.0,
  "BlockRate_Live": 0.0,
  "BlockRate_Average": 0.0,
  "Actual24h_Week": 0.0,
  "Estimate24h_Week": 0.0000000564307366077682,
  "ErrorRatio": 0.984679034673057
}
