{
  "Live": 0.00000000000000127563,
  "Minute": 0.00000000000000127563,
  "Minute_Fluctuation": 0.0,
  "Minute_5": 0.0000000000000012108465755713,
  "Minute_5_Fluctuation": 0.08066061366013748,
  "Minute_10": 0.0000000000000011768310888835,
  "Minute_10_Fluctuation": 0.09004096441407526,
  "Hour": 0.0000000000000009774338497746,
  "Hour_Fluctuation": 0.20760961988406873,
  "Day": 0.0000000000000009643760106402,
  "Day_Fluctuation": 0.2073589674530945,
  "ThreeDay": 0.0000000000000009643760106402,
  "ThreeDay_Fluctuation": 0.2073589674530945,
  "Week": 0.0000000000000009643760106402,
  "Week_Fluctuation": 0.2073589674530945,
  "Duration": "01:24:52.1883102",
  "Updated": "2021-01-27T12:38:12.2475098Z",
  "Failed": 0,
  "HashRate_Live": 142684540196.0,
  "HashRate_Average": 168542012077.37943,
  "BlockRate_Live": 2.0,
  "BlockRate_Average": 2.0,
  "Actual24h_Week": 0.000000739947001324855,
  "Estimate24h_Week": 0.000000974804980982851,
  "ErrorRatio": 0.995960030443659
}
