{
  "Live": 0.00000000000639921,
  "Minute": 0.00000000000639921,
  "Minute_Fluctuation": 0.0,
  "Minute_5": 0.00000000000629901113146924,
  "Minute_5_Fluctuation": 0.04202442771614798,
  "Minute_10": 0.00000000000603963425112727,
  "Minute_10_Fluctuation": 0.0904045142152614,
  "Hour": 0.00000000000488698311150431,
  "Hour_Fluctuation": 0.13818490738742276,
  "Day": 0.00000000000483922347056529,
  "Day_Fluctuation": 0.13267045470445424,
  "ThreeDay": 0.00000000000483922347056529,
  "ThreeDay_Fluctuation": 0.13267045470445415,
  "Week": 0.00000000000483922347056529,
  "Week_Fluctuation": 0.13267045470445424,
  "Duration": "01:17:30.9429092",
  "Updated": "2021-01-27T12:38:13.7365233Z",
  "Failed": 0,
  "HashRate_Live": 0.0,
  "HashRate_Average": 0.0,
  "BlockRate_Live": 9.0,
  "BlockRate_Average": 9.0,
  "Actual24h_Week": 0.00000480411605517178,
  "Estimate24h_Week": 0.00000452359033340068,
  "ErrorRatio": 1.0
}
