{
  "Live": 0.00000000000000001732,
  "Minute": 0.00000000000000001732,
  "Minute_Fluctuation": 0.0,
  "Minute_5": 0.0000000000000000172793858701,
  "Minute_5_Fluctuation": 0.0027357337509943936,
  "Minute_10": 0.0000000000000000172413389366,
  "Minute_10_Fluctuation": 0.0037291881478328528,
  "Hour": 0.000000000000000017132534507,
  "Hour_Fluctuation": 0.002757604460217165,
  "Day": 0.000000000000000017127928336,
  "Day_Fluctuation": 0.00256890465920285,
  "ThreeDay": 0.000000000000000017127928336,
  "ThreeDay_Fluctuation": 0.0025689046592028498,
  "Week": 0.000000000000000017127928336,
  "Week_Fluctuation": 0.00256890465920285,
  "Duration": "01:17:30.9429092",
  "Updated": "2021-01-27T12:36:09.7698673Z",
  "Failed": 0,
  "HashRate_Live": 0.0,
  "HashRate_Average": 0.0,
  "BlockRate_Live": 0.0,
  "BlockRate_Average": 0.0,
  "Actual24h_Week": 0.00000002,
  "Estimate24h_Week": 0.00000002,
  "ErrorRatio": 1.0
}
