{
  "Live": 0.00000000000002459,
  "Minute": 0.00000000000002459,
  "Minute_Fluctuation": 0.0345504515115822,
  "Minute_5": 0.00000000000002528662706272,
  "Minute_5_Fluctuation": 0.007396909648702564,
  "Minute_10": 0.000000000000025349711452406,
  "Minute_10_Fluctuation": 0.007399681842254932,
  "Hour": 0.0000000000000248388024559973,
  "Hour_Fluctuation": 0.015602850246517096,
  "Day": 0.0000000000000243306411905932,
  "Day_Fluctuation": 0.0012419836464306524,
  "ThreeDay": 0.0000000000000243295450031828,
  "ThreeDay_Fluctuation": 0.0011981739918759675,
  "Week": 0.0000000000000243295450031828,
  "Week_Fluctuation": 0.0011981739918759675,
  "Duration": "1.01:16:25.6193212",
  "Updated": "2021-01-27T12:39:17.418011Z",
  "Failed": 0,
  "HashRate_Live": 0.0,
  "HashRate_Average": 0.0,
  "BlockRate_Live": 0.0,
  "BlockRate_Average": 0.0,
  "Actual24h_Week": 0.000001284599713215,
  "Estimate24h_Week": 0.0000012436723678236,
  "ErrorRatio": 1.00915666193353
}
