{
  "Live": 0.00000000000438498,
  "Minute": 0.00000000000438498,
  "Minute_Fluctuation": 0.0,
  "Minute_5": 0.0000000000043849800187565,
  "Minute_5_Fluctuation": 3.083364921214988E-08,
  "Minute_10": 0.00000000000438498044612203,
  "Minute_10_Fluctuation": 3.6054045594560226E-07,
  "Hour": 0.00000000000438498332640696,
  "Hour_Fluctuation": 1.0096324192473345E-06,
  "Day": 0.00000000000438498355388802,
  "Day_Fluctuation": 1.0242230887290669E-06,
  "ThreeDay": 0.00000000000438498355388802,
  "ThreeDay_Fluctuation": 1.0242230887290669E-06,
  "Week": 0.00000000000438498355388802,
  "Week_Fluctuation": 1.0242230887290669E-06,
  "Duration": "01:24:52.1883102",
  "Updated": "2021-01-27T12:38:12.3621891Z",
  "Failed": 0,
  "HashRate_Live": 83407929.0,
  "HashRate_Average": 56733074.46068031,
  "BlockRate_Live": 173.0,
  "BlockRate_Average": 169.35525698741935,
  "Actual24h_Week": 0.00000429401332024011,
  "Estimate24h_Week": 0.00000436440158357033,
  "ErrorRatio": 0.999729563032794
}
