{
  "Live": 0.0000000000003,
  "Minute": 0.0000000000003,
  "Minute_Fluctuation": 0.0,
  "Minute_5": 0.00000000000067232149324619,
  "Minute_5_Fluctuation": 0.7277967396642603,
  "Minute_10": 0.00000000000187208316330164,
  "Minute_10_Fluctuation": 0.7494349977027757,
  "Hour": 0.00000000000198660336558588,
  "Hour_Fluctuation": 0.272135238231435,
  "Day": 0.000000000000812263686942798,
  "Day_Fluctuation": 0.10067826100986318,
  "ThreeDay": 0.000000000000809654558038112,
  "ThreeDay_Fluctuation": 0.0971179282382483,
  "Week": 0.000000000000809654558038112,
  "Week_Fluctuation": 0.09711792823824829,
  "Duration": "1.01:16:25.6193212",
  "Updated": "2021-01-27T12:39:17.6821561Z",
  "Failed": 0,
  "HashRate_Live": 43178738.0,
  "HashRate_Average": 18858421.62422692,
  "BlockRate_Live": 6.0,
  "BlockRate_Average": 6.0,
  "Actual24h_Week": 0.000000123344103487526,
  "Estimate24h_Week": 0.0000000990677022783008,
  "ErrorRatio": 1.05307429769907
}
