{
  "Live": 0.00000000000035151,
  "Minute": 0.00000000000035151,
  "Minute_Fluctuation": 0.0,
  "Minute_5": 0.000000000000352596050953728,
  "Minute_5_Fluctuation": 0.00297770315071998,
  "Minute_10": 0.000000000000353343638272245,
  "Minute_10_Fluctuation": 0.0032359293113957766,
  "Hour": 0.000000000000353990976868555,
  "Hour_Fluctuation": 0.0035173683843993686,
  "Day": 0.000000000000354036927315568,
  "Day_Fluctuation": 0.0035429182421826333,
  "ThreeDay": 0.000000000000354036927315568,
  "ThreeDay_Fluctuation": 0.0035429182421826333,
  "Week": 0.000000000000354036927315568,
  "Week_Fluctuation": 0.0035429182421826333,
  "Duration": "01:24:52.1883102",
  "Updated": "2021-01-27T12:38:12.0737082Z",
  "Failed": 0,
  "HashRate_Live": 0.0,
  "HashRate_Average": 0.0,
  "BlockRate_Live": 0.0,
  "BlockRate_Average": 0.0,
  "Actual24h_Week": 0.0,
  "Estimate24h_Week": 0.000000359974216860741,
  "ErrorRatio": 0.983231643002826
}
