{
  "Live": 0.00000000092675,
  "Minute": 0.00000000092675,
  "Minute_Fluctuation": 0.0,
  "Minute_5": 0.000000000927527049999816,
  "Minute_5_Fluctuation": 0.0038205163619960446,
  "Minute_10": 0.000000000935079518284285,
  "Minute_10_Fluctuation": 0.02236343278747396,
  "Hour": 0.00000000102545300495117,
  "Hour_Fluctuation": 0.06987780881103747,
  "Day": 0.00000000102890672254107,
  "Day_Fluctuation": 0.06885289980894764,
  "ThreeDay": 0.00000000102890672254107,
  "ThreeDay_Fluctuation": 0.06885289980894764,
  "Week": 0.00000000102890672254107,
  "Week_Fluctuation": 0.06885289980894763,
  "Duration": "01:17:30.9429092",
  "Updated": "2021-01-27T12:38:13.9102794Z",
  "Failed": 0,
  "HashRate_Live": 46529.0,
  "HashRate_Average": 70586.14317291846,
  "BlockRate_Live": 6.0,
  "BlockRate_Average": 6.053589691936663,
  "Actual24h_Week": 0.00000100128737066364,
  "Estimate24h_Week": 0.00000096,
  "ErrorRatio": 1.0
}
