{
  "Live": 0.00000117799606,
  "Minute": 0.00000117799606,
  "Minute_Fluctuation": 0.0,
  "Minute_5": 0.00000117883384179312,
  "Minute_5_Fluctuation": 0.003929174172784917,
  "Minute_10": 0.0000011812261237509,
  "Minute_10_Fluctuation": 0.008850426634741412,
  "Hour": 0.00000115551765344568,
  "Hour_Fluctuation": 0.020606645316313885,
  "Day": 0.00000115363129923753,
  "Day_Fluctuation": 0.020367987411877758,
  "ThreeDay": 0.00000115363129923753,
  "ThreeDay_Fluctuation": 0.020367987411877758,
  "Week": 0.00000115363129923753,
  "Week_Fluctuation": 0.020367987411877758,
  "Duration": "01:24:52.1883102",
  "Updated": "2021-01-27T12:38:12.8282168Z",
  "Failed": 0,
  "HashRate_Live": 7676.0,
  "HashRate_Average": 6514.853384859107,
  "BlockRate_Live": 86.0,
  "BlockRate_Average": 81.53472488959186,
  "Actual24h_Week": 0.000980057379799225,
  "Estimate24h_Week": 0.0010368981276033,
  "ErrorRatio": 0.999080791134836
}
