{
  "Live": 0.00000000000000931963,
  "Minute": 0.00000000000000931963,
  "Minute_Fluctuation": 0.0,
  "Minute_5": 0.0000000000000091758821865447,
  "Minute_5_Fluctuation": 0.009249743777509555,
  "Minute_10": 0.0000000000000091679628538074,
  "Minute_10_Fluctuation": 0.015243388391250497,
  "Hour": 0.0000000000000096226746702271,
  "Hour_Fluctuation": 0.03576491318832982,
  "Day": 0.0000000000000096561387717238,
  "Day_Fluctuation": 0.034601304599026626,
  "ThreeDay": 0.0000000000000096561387717238,
  "ThreeDay_Fluctuation": 0.034601304599026626,
  "Week": 0.0000000000000096561387717238,
  "Week_Fluctuation": 0.03460130459902661,
  "Duration": "01:24:52.1883102",
  "Updated": "2021-01-27T12:38:12.4330227Z",
  "Failed": 0,
  "HashRate_Live": 13428702014.0,
  "HashRate_Average": 12989312449.065136,
  "BlockRate_Live": 29.0,
  "BlockRate_Average": 27.54297652013694,
  "Actual24h_Week": 0.00000965938679508185,
  "Estimate24h_Week": 0.00000989322722654949,
  "ErrorRatio": 0.999603656143195
}
