{
  "Live": 0.0000000000897397,
  "Minute": 0.0000000000897397,
  "Minute_Fluctuation": 0.0,
  "Minute_5": 0.0000000000878904470694311,
  "Minute_5_Fluctuation": 0.025857894693999104,
  "Minute_10": 0.0000000000865591896405359,
  "Minute_10_Fluctuation": 0.032754879906135057,
  "Hour": 0.0000000000964679061849504,
  "Hour_Fluctuation": 0.11537151759376665,
  "Day": 0.000000000096790452843989,
  "Day_Fluctuation": 0.11601941462259684,
  "ThreeDay": 0.000000000096790452843989,
  "ThreeDay_Fluctuation": 0.11601941462259685,
  "Week": 0.000000000096790452843989,
  "Week_Fluctuation": 0.11601941462259684,
  "Duration": "01:17:30.9429092",
  "Updated": "2021-01-27T12:36:09.1593653Z",
  "Failed": 0,
  "HashRate_Live": 0.0,
  "HashRate_Average": 0.0,
  "BlockRate_Live": 2.0,
  "BlockRate_Average": 2.0,
  "Actual24h_Week": 0.000242349816399986,
  "Estimate24h_Week": 0.000153596909908748,
  "ErrorRatio": 1.0
}
