{
  "Live": 0.00000000219,
  "Minute": 0.00000000219,
  "Minute_Fluctuation": 0.3113772455089819,
  "Minute_5": 0.00000000176027331302058,
  "Minute_5_Fluctuation": 0.09689245349421388,
  "Minute_10": 0.00000000166126585668791,
  "Minute_10_Fluctuation": 0.11310978330767732,
  "Hour": 0.00000000190185698112025,
  "Hour_Fluctuation": 0.15398479814874064,
  "Day": 0.00000000224080038780847,
  "Day_Fluctuation": 0.01253738848107245,
  "ThreeDay": 0.00000000224171891107945,
  "ThreeDay_Fluctuation": 0.012105775600291125,
  "Week": 0.00000000224171891107945,
  "Week_Fluctuation": 0.012105775600291125,
  "Duration": "1.01:27:41.9766011",
  "Updated": "2021-01-27T12:39:13.8769701Z",
  "Failed": 0,
  "HashRate_Live": 1762.0,
  "HashRate_Average": 1584.0608994783724,
  "BlockRate_Live": 8.0,
  "BlockRate_Average": 8.0,
  "Actual24h_Week": 0.000000230746145684731,
  "Estimate24h_Week": 0.000000114311549950711,
  "ErrorRatio": 1.06090250695718
}
