{
  "Live": 0.00000000000132285,
  "Minute": 0.00000000000132285,
  "Minute_Fluctuation": 0.0,
  "Minute_5": 0.00000000000126980509510167,
  "Minute_5_Fluctuation": 0.045066140467154854,
  "Minute_10": 0.00000000000130362307585144,
  "Minute_10_Fluctuation": 0.10260786239449893,
  "Hour": 0.00000000000177620336710079,
  "Hour_Fluctuation": 0.16210240354590838,
  "Day": 0.00000000000181280038350967,
  "Day_Fluctuation": 0.15198314717345385,
  "ThreeDay": 0.00000000000181280038350967,
  "ThreeDay_Fluctuation": 0.15198314717345385,
  "Week": 0.00000000000181280038350967,
  "Week_Fluctuation": 0.15198314717345388,
  "Duration": "01:24:52.1883102",
  "Updated": "2021-01-27T12:38:12.2424326Z",
  "Failed": 0,
  "HashRate_Live": 46271114.0,
  "HashRate_Average": 125724840.42050283,
  "BlockRate_Live": 193.0,
  "BlockRate_Average": 180.36344454062947,
  "Actual24h_Week": 0.00000175857039831457,
  "Estimate24h_Week": 0.00000185289419680321,
  "ErrorRatio": 0.999146386701887
}
