{
  "Live": 0.00000000000128136,
  "Minute": 0.00000000000128136,
  "Minute_Fluctuation": 0.0,
  "Minute_5": 0.00000000000128253088522641,
  "Minute_5_Fluctuation": 0.003409807622634699,
  "Minute_10": 0.00000000000129139347005263,
  "Minute_10_Fluctuation": 0.02102222536685108,
  "Hour": 0.00000000000145575477518201,
  "Hour_Fluctuation": 0.10613454292980538,
  "Day": 0.00000000000146183024197075,
  "Day_Fluctuation": 0.10554809934162432,
  "ThreeDay": 0.00000000000146183024197075,
  "ThreeDay_Fluctuation": 0.10554809934162433,
  "Week": 0.00000000000146183024197075,
  "Week_Fluctuation": 0.10554809934162432,
  "Duration": "01:17:30.9429092",
  "Updated": "2021-01-27T12:26:49.0313934Z",
  "Failed": 0,
  "HashRate_Live": 0.0,
  "HashRate_Average": 0.0,
  "BlockRate_Live": 0.0,
  "BlockRate_Average": 0.0,
  "Actual24h_Week": 0.00000174790398020329,
  "Estimate24h_Week": 0.00000126,
  "ErrorRatio": 1.0
}
