{
  "Live": 0.00000000000000869,
  "Minute": 0.00000000000000869,
  "Minute_Fluctuation": 0.0,
  "Minute_5": 0.0000000000000085594154462473,
  "Minute_5_Fluctuation": 0.03310548408388639,
  "Minute_10": 0.0000000000000082816885151222,
  "Minute_10_Fluctuation": 0.0702318541746038,
  "Hour": 0.0000000000000081765456516986,
  "Hour_Fluctuation": 0.12416755623766908,
  "Day": 0.000000000000010446597167078,
  "Day_Fluctuation": 0.017874296044444273,
  "ThreeDay": 0.0000000000000104520189233906,
  "ThreeDay_Fluctuation": 0.017388647913788195,
  "Week": 0.0000000000000104520189233906,
  "Week_Fluctuation": 0.017388647913788195,
  "Duration": "1.01:27:41.9766011",
  "Updated": "2021-01-27T12:39:13.4806946Z",
  "Failed": 0,
  "HashRate_Live": 10760553798.0,
  "HashRate_Average": 11266215240.992674,
  "BlockRate_Live": 84.0,
  "BlockRate_Average": 82.5294144662715,
  "Actual24h_Week": 0.00000069038715269633,
  "Estimate24h_Week": 0.000000501558187691059,
  "ErrorRatio": 1.06090250695718
}
