{
  "Live": 0.00000000000000025084,
  "Minute": 0.00000000000000025084,
  "Minute_Fluctuation": 0.0,
  "Minute_5": 0.00000000000000025084,
  "Minute_5_Fluctuation": 0.0,
  "Minute_10": 0.00000000000000025084,
  "Minute_10_Fluctuation": 0.0,
  "Hour": 0.00000000000000025084,
  "Hour_Fluctuation": 0.0,
  "Day": 0.00000000000000025084,
  "Day_Fluctuation": 0.0,
  "ThreeDay": 0.00000000000000025084,
  "ThreeDay_Fluctuation": 0.0,
  "Week": 0.00000000000000025084,
  "Week_Fluctuation": 0.0,
  "Duration": "01:17:30.9429092",
  "Updated": "2021-01-27T12:34:04.8931763Z",
  "Failed": 0,
  "HashRate_Live": 0.0,
  "HashRate_Average": 299486911.36704755,
  "BlockRate_Live": 1.0,
  "BlockRate_Average": 1.0,
  "Actual24h_Week": 0.000000239817204865019,
  "Estimate24h_Week": 0.0000003,
  "ErrorRatio": 0.996926471608195
}
