{
  "Live": 0.00000000000000114794,
  "Minute": 0.00000000000000114794,
  "Minute_Fluctuation": 0.0,
  "Minute_5": 0.0000000000000013360523562733,
  "Minute_5_Fluctuation": 0.11633167677457898,
  "Minute_10": 0.0000000000000015070435982082,
  "Minute_10_Fluctuation": 0.2087809488949123,
  "Hour": 0.00000000000000215617954243,
  "Hour_Fluctuation": 0.3608592226640823,
  "Day": 0.0000000000000022071472035073,
  "Day_Fluctuation": 0.3607419426233921,
  "ThreeDay": 0.0000000000000022071472035073,
  "ThreeDay_Fluctuation": 0.3607419426233921,
  "Week": 0.0000000000000022071472035073,
  "Week_Fluctuation": 0.3607419426233921,
  "Duration": "01:24:52.1883102",
  "Updated": "2021-01-27T12:38:12.1150126Z",
  "Failed": 0,
  "HashRate_Live": 464081867852.0,
  "HashRate_Average": 144793712698.77737,
  "BlockRate_Live": 2.0,
  "BlockRate_Average": 1.0342626286870513,
  "Actual24h_Week": 0.00000336279849808292,
  "Estimate24h_Week": 0.00000205668214277387,
  "ErrorRatio": 1.0
}
