{
  "Live": 0.00000000000119,
  "Minute": 0.00000000000119,
  "Minute_Fluctuation": 0.008333333333333299,
  "Minute_5": 0.00000000000119689521733988,
  "Minute_5_Fluctuation": 0.009851550738609357,
  "Minute_10": 0.00000000000119811830666034,
  "Minute_10_Fluctuation": 0.014054566356044339,
  "Hour": 0.00000000000118128268980385,
  "Hour_Fluctuation": 0.01959890852820848,
  "Day": 0.00000000000114282276706203,
  "Day_Fluctuation": 0.0025153800138106057,
  "ThreeDay": 0.00000000000114274668901946,
  "ThreeDay_Fluctuation": 0.0024517306181465258,
  "Week": 0.00000000000114274668901946,
  "Week_Fluctuation": 0.0024517306181465258,
  "Duration": "1.01:16:25.6193212",
  "Updated": "2021-01-27T12:39:17.6439609Z",
  "Failed": 0,
  "HashRate_Live": 60473140.0,
  "HashRate_Average": 64285872.11957704,
  "BlockRate_Live": 65.0,
  "BlockRate_Average": 67.83959305767527,
  "Actual24h_Week": 0.0000000722970061705158,
  "Estimate24h_Week": 0.0000000700667807693098,
  "ErrorRatio": 1.00885658270484
}
