{
  "Live": 0.00000000000008410009,
  "Minute": 0.00000000000008410009,
  "Minute_Fluctuation": 0.0,
  "Minute_5": 0.000000000000120402449110051,
  "Minute_5_Fluctuation": 0.3690391163896349,
  "Minute_10": 0.000000000000152548938050924,
  "Minute_10_Fluctuation": 0.6310508224069104,
  "Hour": 0.00000000000017462104741932,
  "Hour_Fluctuation": 0.6368100690013915,
  "Day": 0.00000000000017462104741932,
  "Day_Fluctuation": 0.6368100690013915,
  "ThreeDay": 0.00000000000017462104741932,
  "ThreeDay_Fluctuation": 0.6368100690013915,
  "Week": 0.00000000000017462104741932,
  "Week_Fluctuation": 0.6368100690013915,
  "Duration": "00:38:14.1399225",
  "Updated": "2021-01-27T12:38:12.4089304Z",
  "Failed": 0,
  "HashRate_Live": 22099838332.0,
  "HashRate_Average": 17554718195.79623,
  "BlockRate_Live": 215.0,
  "BlockRate_Average": 207.529936379218,
  "Actual24h_Week": 0.000126648705457558,
  "Estimate24h_Week": 0.000165200192336373,
  "ErrorRatio": 0.998232968748565
}
