{
  "Live": 0.00000000000411,
  "Minute": 0.00000000000411,
  "Minute_Fluctuation": 0.0,
  "Minute_5": 0.00000000000411000001762534,
  "Minute_5_Fluctuation": 8.571010379050141E-08,
  "Minute_10": 0.00000000000411016934092649,
  "Minute_10_Fluctuation": 0.0003421246067910555,
  "Hour": 0.00000000000423522387340775,
  "Hour_Fluctuation": 0.0358312625599209,
  "Day": 0.00000000000451866881014754,
  "Day_Fluctuation": 0.004592701629750696,
  "ThreeDay": 0.0000000000045192159506688,
  "ThreeDay_Fluctuation": 0.00447760040012781,
  "Week": 0.0000000000045192159506688,
  "Week_Fluctuation": 0.00447760040012781,
  "Duration": "1.01:16:25.6193212",
  "Updated": "2021-01-27T12:39:17.0667648Z",
  "Failed": 0,
  "HashRate_Live": 13858428.0,
  "HashRate_Average": 14766372.855818557,
  "BlockRate_Live": 24.0,
  "BlockRate_Average": 25.774727503634217,
  "Actual24h_Week": 0.000000232596707316364,
  "Estimate24h_Week": 0.000000245918694878236,
  "ErrorRatio": 0.984926744270198
}
