{
  "Live": 0.00000000008929,
  "Minute": 0.00000000008929,
  "Minute_Fluctuation": 0.0,
  "Minute_5": 0.0000000000878544533282599,
  "Minute_5_Fluctuation": 0.024617716481063128,
  "Minute_10": 0.0000000000865025834285844,
  "Minute_10_Fluctuation": 0.03389632392494837,
  "Hour": 0.0000000000983320168121542,
  "Hour_Fluctuation": 0.10771698132748192,
  "Day": 0.00000000011420846636224,
  "Day_Fluctuation": 0.009244659964010884,
  "ThreeDay": 0.000000000114249223472753,
  "ThreeDay_Fluctuation": 0.008894400208569313,
  "Week": 0.000000000114249223472753,
  "Week_Fluctuation": 0.008894400208569313,
  "Duration": "1.01:27:41.9766011",
  "Updated": "2021-01-27T12:39:12.6584001Z",
  "Failed": 0,
  "HashRate_Live": 4313310.0,
  "HashRate_Average": 3850518.1852312014,
  "BlockRate_Live": 65.0,
  "BlockRate_Average": 66.50790264791641,
  "Actual24h_Week": 0.0000143363186441795,
  "Estimate24h_Week": 0.00000908514307310141,
  "ErrorRatio": 1.06090250695718
}
