{
  "Live": 0.00000000000010,
  "Minute": 0.00000000000010,
  "Minute_Fluctuation": 0.0,
  "Minute_5": 0.000000000000102557399355996,
  "Minute_5_Fluctuation": 0.05187354279128255,
  "Minute_10": 0.00000000000010632516568291,
  "Minute_10_Fluctuation": 0.0666111567665827,
  "Hour": 0.000000000000107082518535378,
  "Hour_Fluctuation": 0.05222206985626678,
  "Day": 0.000000000000100483630890643,
  "Day_Fluctuation": 0.004769809629345125,
  "ThreeDay": 0.000000000000100466738723408,
  "ThreeDay_Fluctuation": 0.004605186319901953,
  "Week": 0.000000000000100466738723408,
  "Week_Fluctuation": 0.004605186319901953,
  "Duration": "1.01:27:41.9766011",
  "Updated": "2021-01-27T12:39:13.6917902Z",
  "Failed": 0,
  "HashRate_Live": 14660155.0,
  "HashRate_Average": 13416181.64511169,
  "BlockRate_Live": 9.0,
  "BlockRate_Average": 9.869910015855476,
  "Actual24h_Week": 0.0000000046641711174279,
  "Estimate24h_Week": 0.00000000709313909094042,
  "ErrorRatio": 0.904067294357519
}
