{
  "Live": 0.00000000000010868,
  "Minute": 0.00000000000010868,
  "Minute_Fluctuation": 0.0,
  "Minute_5": 0.000000000000106155359954285,
  "Minute_5_Fluctuation": 0.05094291140226065,
  "Minute_10": 0.000000000000102948378553726,
  "Minute_10_Fluctuation": 0.0637690945495714,
  "Hour": 0.0000000000000798444225577298,
  "Hour_Fluctuation": 0.32783967397677294,
  "Day": 0.0000000000000105413538113985,
  "Day_Fluctuation": 0.7501889837427028,
  "ThreeDay": 0.000000000000010377046844379,
  "ThreeDay_Fluctuation": 0.7356165261629667,
  "Week": 0.000000000000010377046844379,
  "Week_Fluctuation": 0.7356165261629666,
  "Duration": "1.01:27:41.9766011",
  "Updated": "2021-01-27T12:37:09.1599058Z",
  "Failed": 0,
  "HashRate_Live": 0.0,
  "HashRate_Average": 11896394.879516242,
  "BlockRate_Live": 11.0,
  "BlockRate_Average": 10.196223103717884,
  "Actual24h_Week": 0.00000537176597174723,
  "Estimate24h_Week": 0.0000053624561815313,
  "ErrorRatio": 1.00048636186957
}
