{
  "Live": 0.0000000000000005573,
  "Minute": 0.0000000000000005573,
  "Minute_Fluctuation": 0.0,
  "Minute_5": 0.0000000000000005345332714707,
  "Minute_5_Fluctuation": 0.043448859730750675,
  "Minute_10": 0.0000000000000005314662134681,
  "Minute_10_Fluctuation": 0.05325557461385573,
  "Hour": 0.0000000000000004923993737259,
  "Hour_Fluctuation": 0.09342165215227352,
  "Day": 0.0000000000000004894392684626,
  "Day_Fluctuation": 0.09274988112815923,
  "ThreeDay": 0.0000000000000004894392684626,
  "ThreeDay_Fluctuation": 0.09274988112815921,
  "Week": 0.0000000000000004894392684626,
  "Week_Fluctuation": 0.09274988112815923,
  "Duration": "01:24:52.1883102",
  "Updated": "2021-01-27T12:38:12.8483896Z",
  "Failed": 0,
  "HashRate_Live": 0.0,
  "HashRate_Average": 0.0,
  "BlockRate_Live": 3.0,
  "BlockRate_Average": 3.0,
  "Actual24h_Week": 0.0,
  "Estimate24h_Week": 0.000000549960609092798,
  "ErrorRatio": 0.983231643002826
}
