{
  "Live": 0.00000000000000182474,
  "Minute": 0.00000000000000182474,
  "Minute_Fluctuation": 0.0,
  "Minute_5": 0.00000000000000183701444493,
  "Minute_5_Fluctuation": 0.04136260465985504,
  "Minute_10": 0.0000000000000018340545314258,
  "Minute_10_Fluctuation": 0.06163497659652567,
  "Hour": 0.0000000000000021514473951421,
  "Hour_Fluctuation": 0.12288804299253504,
  "Day": 0.000000000000002175229029208,
  "Day_Fluctuation": 0.11991659395269501,
  "ThreeDay": 0.000000000000002175229029208,
  "ThreeDay_Fluctuation": 0.11991659395269502,
  "Week": 0.000000000000002175229029208,
  "Week_Fluctuation": 0.11991659395269501,
  "Duration": "01:24:52.1883102",
  "Updated": "2021-01-27T12:38:12.6055395Z",
  "Failed": 0,
  "HashRate_Live": 444935705374.0,
  "HashRate_Average": 450708857537.8466,
  "BlockRate_Live": 409.0,
  "BlockRate_Average": 408.37250031453584,
  "Actual24h_Week": 0.00000291390787216135,
  "Estimate24h_Week": 0.00000294290871107302,
  "ErrorRatio": 0.99983475653925
}
