{
  "Live": 0.00000000000059563,
  "Minute": 0.00000000000059563,
  "Minute_Fluctuation": 0.0008233356857208897,
  "Minute_5": 0.000000000000598105597389316,
  "Minute_5_Fluctuation": 0.02672766820135313,
  "Minute_10": 0.000000000000620424446694423,
  "Minute_10_Fluctuation": 0.07200800184950612,
  "Hour": 0.000000000000682870816807022,
  "Hour_Fluctuation": 0.051999134336704174,
  "Day": 0.000000000000685115531157677,
  "Day_Fluctuation": 0.0034377459903649488,
  "ThreeDay": 0.000000000000685125694922125,
  "ThreeDay_Fluctuation": 0.0033300480364984396,
  "Week": 0.000000000000685125694922125,
  "Week_Fluctuation": 0.0033300480364984396,
  "Duration": "1.01:16:25.6193212",
  "Updated": "2021-01-27T12:39:17.5119974Z",
  "Failed": 0,
  "HashRate_Live": 19444316.0,
  "HashRate_Average": 18538651.144210815,
  "BlockRate_Live": 0.0,
  "BlockRate_Average": 0.0,
  "Actual24h_Week": 0.0000161448741508144,
  "Estimate24h_Week": 0.0000309320540963198,
  "ErrorRatio": 0.86698329498221
}
