{
  "Live": 0.00000000000000313732,
  "Minute": 0.00000000000000313732,
  "Minute_Fluctuation": 1.1102230246251565E-16,
  "Minute_5": 0.0000000000000179448149764534,
  "Minute_5_Fluctuation": 0.3873564852152566,
  "Minute_10": 0.0000000000000209068272789922,
  "Minute_10_Fluctuation": 0.3708016058023285,
  "Hour": 0.00000000000002763426992035,
  "Hour_Fluctuation": 0.29628699702579825,
  "Day": 0.0000000000000278504089296392,
  "Day_Fluctuation": 0.29798556511580626,
  "ThreeDay": 0.0000000000000278504089296392,
  "ThreeDay_Fluctuation": 0.29798556511580626,
  "Week": 0.0000000000000278504089296392,
  "Week_Fluctuation": 0.2979855651158063,
  "Duration": "01:17:30.9429092",
  "Updated": "2021-01-27T12:38:13.1477398Z",
  "Failed": 0,
  "HashRate_Live": 0.0,
  "HashRate_Average": 0.0,
  "BlockRate_Live": 0.0,
  "BlockRate_Average": 0.0,
  "Actual24h_Week": 0.00000236155799294825,
  "Estimate24h_Week": 0.000069579028490876,
  "ErrorRatio": 0.985199038313698
}
