{
  "Live": 0.00000000001222805,
  "Minute": 0.00000000001222805,
  "Minute_Fluctuation": 0.0,
  "Minute_5": 0.0000000000125393419758272,
  "Minute_5_Fluctuation": 0.0375391819873907,
  "Minute_10": 0.0000000000122945334589181,
  "Minute_10_Fluctuation": 0.05593087648890031,
  "Hour": 0.0000000000116954464425355,
  "Hour_Fluctuation": 0.08609161657882204,
  "Day": 0.0000000000116650384530221,
  "Day_Fluctuation": 0.08638777836588543,
  "ThreeDay": 0.0000000000116650384530221,
  "ThreeDay_Fluctuation": 0.08638777836588543,
  "Week": 0.0000000000116650384530221,
  "Week_Fluctuation": 0.08638777836588543,
  "Duration": "01:17:30.9429092",
  "Updated": "2021-01-27T12:38:13.5256232Z",
  "Failed": 0,
  "HashRate_Live": 440234.0,
  "HashRate_Average": 330519.58416196366,
  "BlockRate_Live": 1.0,
  "BlockRate_Average": 1.0,
  "Actual24h_Week": 0.0000154190005309793,
  "Estimate24h_Week": 0.0000114268890368886,
  "ErrorRatio": 1.0
}
