{
  "Live": 0.00000000000009547744,
  "Minute": 0.00000000000009547744,
  "Minute_Fluctuation": 0.0,
  "Minute_5": 0.0000000000000919204664681039,
  "Minute_5_Fluctuation": 0.05334202577216284,
  "Minute_10": 0.0000000000000902197133252148,
  "Minute_10_Fluctuation": 0.06282605344176496,
  "Hour": 0.0000000000000992775278937633,
  "Hour_Fluctuation": 0.09337840713125184,
  "Day": 0.0000000000000999925663884618,
  "Day_Fluctuation": 0.09256029791696586,
  "ThreeDay": 0.0000000000000999925663884618,
  "ThreeDay_Fluctuation": 0.09256029791696588,
  "Week": 0.0000000000000999925663884618,
  "Week_Fluctuation": 0.09256029791696586,
  "Duration": "01:24:52.1883102",
  "Updated": "2021-01-27T12:38:12.4702063Z",
  "Failed": 0,
  "HashRate_Live": 1003000134.0,
  "HashRate_Average": 8167977106.016325,
  "BlockRate_Live": 31.0,
  "BlockRate_Average": 29.38971023928318,
  "Actual24h_Week": 0.0000442175666444194,
  "Estimate24h_Week": 0.0000932114775122006,
  "ErrorRatio": 0.991186199274536
}
