{
  "Live": 0.00000000000000297082,
  "Minute": 0.00000000000000297082,
  "Minute_Fluctuation": 0.0,
  "Minute_5": 0.0000000000000029707036228964,
  "Minute_5_Fluctuation": 0.00021517072302936033,
  "Minute_10": 0.0000000000000029692871923661,
  "Minute_10_Fluctuation": 0.001254708845391141,
  "Hour": 0.0000000000000029602637876581,
  "Hour_Fluctuation": 0.0013190616401368197,
  "Day": 0.0000000000000029595513020301,
  "Day_Fluctuation": 0.0011554999528748903,
  "ThreeDay": 0.0000000000000029595513020301,
  "ThreeDay_Fluctuation": 0.0011554999528748903,
  "Week": 0.0000000000000029595513020301,
  "Week_Fluctuation": 0.0011554999528748903,
  "Duration": "01:24:52.1883102",
  "Updated": "2021-01-27T12:18:31.2932705Z",
  "Failed": 0,
  "HashRate_Live": 0.0,
  "HashRate_Average": 0.0,
  "BlockRate_Live": 0.0,
  "BlockRate_Average": 0.0,
  "Actual24h_Week": 0.0,
  "Estimate24h_Week": 0.00000311277462375316,
  "ErrorRatio": 0.983231643002826
}
