{
  "Live": 0.0000000000000997,
  "Minute": 0.0000000000000997,
  "Minute_Fluctuation": 0.03573654685227505,
  "Minute_5": 0.00000000000010423385160274,
  "Minute_5_Fluctuation": 0.06529174949642656,
  "Minute_10": 0.000000000000107315910789327,
  "Minute_10_Fluctuation": 0.08318996441439305,
  "Hour": 0.000000000000127700261215446,
  "Hour_Fluctuation": 0.15463222214038136,
  "Day": 0.0000000000001464780719226,
  "Day_Fluctuation": 0.013462512831000147,
  "ThreeDay": 0.000000000000146518030049478,
  "ThreeDay_Fluctuation": 0.013148525950865493,
  "Week": 0.000000000000146518030049478,
  "Week_Fluctuation": 0.013148525950865493,
  "Duration": "1.01:16:25.6193212",
  "Updated": "2021-01-27T12:39:17.3184541Z",
  "Failed": 0,
  "HashRate_Live": 9324602617.0,
  "HashRate_Average": 13774871017.553774,
  "BlockRate_Live": 153.0,
  "BlockRate_Average": 149.31814939303575,
  "Actual24h_Week": 0.00000551933267767982,
  "Estimate24h_Week": 0.00000586627687382135,
  "ErrorRatio": 0.983543909811842
}
