{
  "Live": 0.00000000000000000005337635,
  "Minute": 0.00000000000000000005337635,
  "Minute_Fluctuation": 0.0,
  "Minute_5": 0.0000000000000000000533464879,
  "Minute_5_Fluctuation": 0.0005681031129108869,
  "Minute_10": 0.000000000000000000053306252,
  "Minute_10_Fluctuation": 0.0021103250731863733,
  "Hour": 0.0000000000000000000534712802,
  "Hour_Fluctuation": 0.011405127453830292,
  "Day": 0.000000000000000000053475737,
  "Day_Fluctuation": 0.011718706572354442,
  "ThreeDay": 0.000000000000000000053475737,
  "ThreeDay_Fluctuation": 0.011718706572354442,
  "Week": 0.000000000000000000053475737,
  "Week_Fluctuation": 0.011718706572354442,
  "Duration": "01:17:30.9429092",
  "Updated": "2021-01-27T12:38:13.8079262Z",
  "Failed": 0,
  "HashRate_Live": 0.0,
  "HashRate_Average": 0.0,
  "BlockRate_Live": 0.0,
  "BlockRate_Average": 0.0,
  "Actual24h_Week": 0.0,
  "Estimate24h_Week": 0.0000454432012266871,
  "ErrorRatio": 0.984679034673057
}
