{
  "Live": 0.00000000000004677727,
  "Minute": 0.00000000000004677727,
  "Minute_Fluctuation": 0.0,
  "Minute_5": 0.0000000000000458920883777422,
  "Minute_5_Fluctuation": 0.05121112090092309,
  "Minute_10": 0.0000000000000448423502313054,
  "Minute_10_Fluctuation": 0.0617621337853469,
  "Hour": 0.0000000000000454377557271428,
  "Hour_Fluctuation": 0.042938124288563584,
  "Day": 0.0000000000000454487433374747,
  "Day_Fluctuation": 0.04273459509877146,
  "ThreeDay": 0.0000000000000454487433374747,
  "ThreeDay_Fluctuation": 0.04273459509877146,
  "Week": 0.0000000000000454487433374747,
  "Week_Fluctuation": 0.04273459509877146,
  "Duration": "01:17:30.9429092",
  "Updated": "2021-01-27T12:38:13.2934113Z",
  "Failed": 0,
  "HashRate_Live": 0.0,
  "HashRate_Average": 0.0,
  "BlockRate_Live": 0.0,
  "BlockRate_Average": 0.0,
  "Actual24h_Week": 0.0,
  "Estimate24h_Week": 0.0000609473712533636,
  "ErrorRatio": 0.984679034673057
}
