{
  "Live": 0.00000000092,
  "Minute": 0.00000000092,
  "Minute_Fluctuation": 0.0,
  "Minute_5": 0.000000000921265798796412,
  "Minute_5_Fluctuation": 0.00549858260165763,
  "Minute_10": 0.000000000930202409477324,
  "Minute_10_Fluctuation": 0.02459726272641483,
  "Hour": 0.00000000106053802782498,
  "Hour_Fluctuation": 0.09175619329133965,
  "Day": 0.00000000121931534337888,
  "Day_Fluctuation": 0.008550450685992167,
  "ThreeDay": 0.0000000012196402907211,
  "ThreeDay_Fluctuation": 0.008293883465956699,
  "Week": 0.0000000012196402907211,
  "Week_Fluctuation": 0.008293883465956699,
  "Duration": "1.01:16:25.6193212",
  "Updated": "2021-01-27T12:39:16.5627464Z",
  "Failed": 0,
  "HashRate_Live": 45634.0,
  "HashRate_Average": 88954.00381074515,
  "BlockRate_Live": 20.0,
  "BlockRate_Average": 20.0,
  "Actual24h_Week": 0.0000000534697485684808,
  "Estimate24h_Week": 0.0000000496439490330277,
  "ErrorRatio": 1.02144299665525
}
