{
  "Live": 0.00000000000000005088,
  "Minute": 0.00000000000000005088,
  "Minute_Fluctuation": 0.0,
  "Minute_5": 0.0000000000000000513097094228,
  "Minute_5_Fluctuation": 0.03360515148403943,
  "Minute_10": 0.0000000000000000522442243899,
  "Minute_10_Fluctuation": 0.05285954308997437,
  "Hour": 0.000000000000000044633890976,
  "Hour_Fluctuation": 0.2003646515541924,
  "Day": 0.0000000000000000440801676616,
  "Day_Fluctuation": 0.20136366932071356,
  "ThreeDay": 0.0000000000000000440801676616,
  "ThreeDay_Fluctuation": 0.2013636693207136,
  "Week": 0.0000000000000000440801676616,
  "Week_Fluctuation": 0.20136366932071356,
  "Duration": "01:24:52.1883102",
  "Updated": "2021-01-27T12:38:12.4131714Z",
  "Failed": 0,
  "HashRate_Live": 0.0,
  "HashRate_Average": 0.0,
  "BlockRate_Live": 80.0,
  "BlockRate_Average": 81.32329431304714,
  "Actual24h_Week": 0.0,
  "Estimate24h_Week": 0.000000039997135206749,
  "ErrorRatio": 0.983231643002826
}
