{
  "Live": 0.00000000000014555,
  "Minute": 0.00000000000014555,
  "Minute_Fluctuation": 0.0,
  "Minute_5": 0.000000000000146086449449955,
  "Minute_5_Fluctuation": 0.004041810797220637,
  "Minute_10": 0.000000000000145616482065087,
  "Minute_10_Fluctuation": 0.011472507217689925,
  "Hour": 0.000000000000140613729776197,
  "Hour_Fluctuation": 0.020195481936456754,
  "Day": 0.000000000000140233250951235,
  "Day_Fluctuation": 0.018722322971515926,
  "ThreeDay": 0.000000000000140233250951235,
  "ThreeDay_Fluctuation": 0.018722322971515926,
  "Week": 0.000000000000140233250951235,
  "Week_Fluctuation": 0.018722322971515926,
  "Duration": "01:24:52.1883102",
  "Updated": "2021-01-27T12:38:12.5016877Z",
  "Failed": 0,
  "HashRate_Live": 61962062.0,
  "HashRate_Average": 185710543.93027154,
  "BlockRate_Live": 2.0,
  "BlockRate_Average": 2.0,
  "Actual24h_Week": 0.0000000799942704134979,
  "Estimate24h_Week": 0.000000159988540826996,
  "ErrorRatio": 0.991615821501413
}
