{
  "Live": 0.00000000001216,
  "Minute": 0.00000000001216,
  "Minute_Fluctuation": 0.0049586776859504925,
  "Minute_5": 0.0000000000123201068123676,
  "Minute_5_Fluctuation": 0.02784056000407212,
  "Minute_10": 0.0000000000122058520878977,
  "Minute_10_Fluctuation": 0.048231868631472205,
  "Hour": 0.0000000000140106979638596,
  "Hour_Fluctuation": 0.16722932530573384,
  "Day": 0.0000000000174290844936765,
  "Day_Fluctuation": 0.01695382601132179,
  "ThreeDay": 0.0000000000174374701790583,
  "ThreeDay_Fluctuation": 0.01644279475687666,
  "Week": 0.0000000000174374701790583,
  "Week_Fluctuation": 0.01644279475687666,
  "Duration": "1.01:27:41.9766011",
  "Updated": "2021-01-27T12:39:13.234717Z",
  "Failed": 0,
  "HashRate_Live": 10531170.0,
  "HashRate_Average": 13232253.873165658,
  "BlockRate_Live": 71.0,
  "BlockRate_Average": 71.17421101478622,
  "Actual24h_Week": 0.000000823847434492222,
  "Estimate24h_Week": 0.000000759215950089503,
  "ErrorRatio": 1.02384856147713
}
