{
  "Live": 0.00000000000000017668,
  "Minute": 0.00000000000000017668,
  "Minute_Fluctuation": 0.0,
  "Minute_5": 0.0000000000000001699052746188,
  "Minute_5_Fluctuation": 0.058257410081492156,
  "Minute_10": 0.0000000000000001683939158869,
  "Minute_10_Fluctuation": 0.09002227505142048,
  "Hour": 0.0000000000000001832061576494,
  "Hour_Fluctuation": 0.23611654866905732,
  "Day": 0.000000000000000184501548805,
  "Day_Fluctuation": 0.24517128818381115,
  "ThreeDay": 0.000000000000000184501548805,
  "ThreeDay_Fluctuation": 0.2451712881838111,
  "Week": 0.000000000000000184501548805,
  "Week_Fluctuation": 0.2451712881838111,
  "Duration": "01:24:52.1883102",
  "Updated": "2021-01-27T12:38:12.2273577Z",
  "Failed": 0,
  "HashRate_Live": 0.0,
  "HashRate_Average": 0.0,
  "BlockRate_Live": 0.0,
  "BlockRate_Average": 0.0,
  "Actual24h_Week": 0.0,
  "Estimate24h_Week": 0.000000177392791167167,
  "ErrorRatio": 0.983231643002826
}
