{
  "Live": 0.0000000000059,
  "Minute": 0.0000000000059,
  "Minute_Fluctuation": 0.024305555555555663,
  "Minute_5": 0.00000000000592123323164053,
  "Minute_5_Fluctuation": 0.02688454934426699,
  "Minute_10": 0.00000000000600558378969616,
  "Minute_10_Fluctuation": 0.03121525857380565,
  "Hour": 0.00000000000614951022993719,
  "Hour_Fluctuation": 0.030894038815019356,
  "Day": 0.00000000000645669713637342,
  "Day_Fluctuation": 0.0036146202599964673,
  "ThreeDay": 0.00000000000645729673715547,
  "ThreeDay_Fluctuation": 0.0035255183090076737,
  "Week": 0.00000000000645729673715547,
  "Week_Fluctuation": 0.0035255183090076737,
  "Duration": "1.01:16:25.6193212",
  "Updated": "2021-01-27T12:39:17.6628822Z",
  "Failed": 0,
  "HashRate_Live": 13196459.0,
  "HashRate_Average": 19215605.19243415,
  "BlockRate_Live": 136.0,
  "BlockRate_Average": 139.20031795241422,
  "Actual24h_Week": 0.000000321105710801065,
  "Estimate24h_Week": 0.000000325096920583829,
  "ErrorRatio": 0.996583973048421
}
