{
  "Live": 0.00000000000235867,
  "Minute": 0.00000000000235867,
  "Minute_Fluctuation": 0.0,
  "Minute_5": 0.00000000000228816450931966,
  "Minute_5_Fluctuation": 0.0810808297299154,
  "Minute_10": 0.00000000000230303069864015,
  "Minute_10_Fluctuation": 0.06193362183234341,
  "Hour": 0.00000000000229903334878633,
  "Hour_Fluctuation": 0.041217810324244354,
  "Day": 0.00000000000229900407994308,
  "Day_Fluctuation": 0.039627271183466026,
  "ThreeDay": 0.00000000000229900407994308,
  "ThreeDay_Fluctuation": 0.039627271183466026,
  "Week": 0.00000000000229900407994308,
  "Week_Fluctuation": 0.03962727118346601,
  "Duration": "01:24:52.1883102",
  "Updated": "2021-01-27T12:38:12.1860782Z",
  "Failed": 0,
  "HashRate_Live": 159452020.0,
  "HashRate_Average": 186020587.473544,
  "BlockRate_Live": 0.0,
  "BlockRate_Average": 0.0,
  "Actual24h_Week": 0.0,
  "Estimate24h_Week": 0.00000233243992531591,
  "ErrorRatio": 0.983231643002826
}
