{
  "Live": 0.00000000000000000660598648,
  "Minute": 0.00000000000000000660598648,
  "Minute_Fluctuation": 0.0,
  "Minute_5": 0.0000000000000000068131430808,
  "Minute_5_Fluctuation": 0.02245291699386703,
  "Minute_10": 0.0000000000000000068774464029,
  "Minute_10_Fluctuation": 0.02211540510386233,
  "Hour": 0.000000000000000006760208892,
  "Hour_Fluctuation": 0.028335450906885284,
  "Day": 0.000000000000000006756756877,
  "Day_Fluctuation": 0.02842731757099533,
  "ThreeDay": 0.000000000000000006756756877,
  "ThreeDay_Fluctuation": 0.02842731757099533,
  "Week": 0.000000000000000006756756877,
  "Week_Fluctuation": 0.02842731757099533,
  "Duration": "01:17:30.9429092",
  "Updated": "2021-01-27T12:38:13.2849538Z",
  "Failed": 0,
  "HashRate_Live": 0.0,
  "HashRate_Average": 140150815456675.16,
  "BlockRate_Live": 51.0,
  "BlockRate_Average": 50.60637877635465,
  "Actual24h_Week": 0.00462706085048056,
  "Estimate24h_Week": 0.00694799573820295,
  "ErrorRatio": 0.994882126546888
}
