{
  "Live": 0.00000000000000000557600297,
  "Minute": 0.00000000000000000557600297,
  "Minute_Fluctuation": 0.0,
  "Minute_5": 0.0000000000000000052148246079,
  "Minute_5_Fluctuation": 0.10706406605472163,
  "Minute_10": 0.0000000000000000050339301852,
  "Minute_10_Fluctuation": 0.15109659415028123,
  "Hour": 0.0000000000000000060024573289,
  "Hour_Fluctuation": 0.22265377080766136,
  "Day": 0.0000000000000000060822067358,
  "Day_Fluctuation": 0.22486174321195293,
  "ThreeDay": 0.0000000000000000060822067358,
  "ThreeDay_Fluctuation": 0.22486174321195293,
  "Week": 0.0000000000000000060822067358,
  "Week_Fluctuation": 0.22486174321195293,
  "Duration": "01:24:52.1883102",
  "Updated": "2021-01-27T12:38:12.3210216Z",
  "Failed": 0,
  "HashRate_Live": 14528155001060.0,
  "HashRate_Average": 57425184765072.516,
  "BlockRate_Live": 49.0,
  "BlockRate_Average": 47.75362957093973,
  "Actual24h_Week": 0.00683891831333568,
  "Estimate24h_Week": 0.00635431786973049,
  "ErrorRatio": 1.0
}
