{
  "Live": 0.00000000000006455398,
  "Minute": 0.00000000000006455398,
  "Minute_Fluctuation": 0.0,
  "Minute_5": 0.000000000000074661369542843,
  "Minute_5_Fluctuation": 0.1213227745168477,
  "Minute_10": 0.0000000000000828369265149859,
  "Minute_10_Fluctuation": 0.1522658645575741,
  "Hour": 0.0000000000000931067845112379,
  "Hour_Fluctuation": 0.13150577228588914,
  "Day": 0.0000000000000939244899543634,
  "Day_Fluctuation": 0.1291328685536942,
  "ThreeDay": 0.0000000000000939244899543634,
  "ThreeDay_Fluctuation": 0.1291328685536942,
  "Week": 0.0000000000000939244899543634,
  "Week_Fluctuation": 0.1291328685536942,
  "Duration": "01:24:52.1883102",
  "Updated": "2021-01-27T12:38:12.3924864Z",
  "Failed": 0,
  "HashRate_Live": 763081023.0,
  "HashRate_Average": 1066195014.9365895,
  "BlockRate_Live": 319.0,
  "BlockRate_Average": 319.2106868881107,
  "Actual24h_Week": 0.0000663883239557858,
  "Estimate24h_Week": 0.000091403043298387,
  "ErrorRatio": 0.995410921464053
}
