{
  "Live": 0.00000000305009,
  "Minute": 0.00000000305009,
  "Minute_Fluctuation": 0.0,
  "Minute_5": 0.00000000358374034317517,
  "Minute_5_Fluctuation": 0.12540593691035135,
  "Minute_10": 0.00000000420862840337126,
  "Minute_10_Fluctuation": 0.26401169428859095,
  "Hour": 0.00000000562912234935803,
  "Hour_Fluctuation": 0.4398801538989191,
  "Day": 0.00000000575027839695155,
  "Day_Fluctuation": 0.44700500026814494,
  "ThreeDay": 0.00000000575027839695155,
  "ThreeDay_Fluctuation": 0.4470050002681448,
  "Week": 0.00000000575027839695155,
  "Week_Fluctuation": 0.44700500026814494,
  "Duration": "01:24:52.1883102",
  "Updated": "2021-01-27T12:38:12.4780598Z",
  "Failed": 0,
  "HashRate_Live": 177985.0,
  "HashRate_Average": 162146.73735443153,
  "BlockRate_Live": 87.0,
  "BlockRate_Average": 84.82141215107636,
  "Actual24h_Week": 0.00000712793295405481,
  "Estimate24h_Week": 0.00000654289349946736,
  "ErrorRatio": 1.0
}
