{
  "Live": 0.00000000000000620975,
  "Minute": 0.00000000000000620975,
  "Minute_Fluctuation": 0.0,
  "Minute_5": 0.0000000000000062114679123912,
  "Minute_5_Fluctuation": 0.0002629609700069084,
  "Minute_10": 0.0000000000000062134917595034,
  "Minute_10_Fluctuation": 0.000766057235566363,
  "Hour": 0.0000000000000062283114782418,
  "Hour_Fluctuation": 0.002234654598250854,
  "Day": 0.0000000000000062294074357198,
  "Day_Fluctuation": 0.0022008669825641244,
  "ThreeDay": 0.0000000000000062294074357198,
  "ThreeDay_Fluctuation": 0.002200866982564125,
  "Week": 0.0000000000000062294074357198,
  "Week_Fluctuation": 0.0022008669825641244,
  "Duration": "01:24:52.1883102",
  "Updated": "2021-01-27T12:38:12.6968864Z",
  "Failed": 0,
  "HashRate_Live": 17867064.0,
  "HashRate_Average": 13054770.588397896,
  "BlockRate_Live": 1.0,
  "BlockRate_Average": 1.0,
  "Actual24h_Week": 0.000622797767309722,
  "Estimate24h_Week": 0.00000617955738944271,
  "ErrorRatio": 1.0
}
