{
  "Live": 0.00000000000000873514,
  "Minute": 0.00000000000000873514,
  "Minute_Fluctuation": 0.0,
  "Minute_5": 0.0000000000000085725845917943,
  "Minute_5_Fluctuation": 0.03517055878417685,
  "Minute_10": 0.0000000000000082814920007635,
  "Minute_10_Fluctuation": 0.073428526119634,
  "Hour": 0.0000000000000072312567610387,
  "Hour_Fluctuation": 0.14820806406088577,
  "Day": 0.000000000000007153533219293,
  "Day_Fluctuation": 0.14652064320958666,
  "ThreeDay": 0.000000000000007153533219293,
  "ThreeDay_Fluctuation": 0.14652064320958666,
  "Week": 0.000000000000007153533219293,
  "Week_Fluctuation": 0.14652064320958666,
  "Duration": "01:24:52.1883102",
  "Updated": "2021-01-27T12:38:12.5409079Z",
  "Failed": 0,
  "HashRate_Live": 10760553797.0,
  "HashRate_Average": 11157421300.190676,
  "BlockRate_Live": 84.0,
  "BlockRate_Average": 82.81878777219174,
  "Actual24h_Week": 0.0000116861102577401,
  "Estimate24h_Week": 0.00000848674877294491,
  "ErrorRatio": 1.0
}
