{
  "Live": 0.00000000000004227,
  "Minute": 0.00000000000004227,
  "Minute_Fluctuation": 0.0028308563340409825,
  "Minute_5": 0.0000000000000423662003572831,
  "Minute_5_Fluctuation": 0.0007943083237571926,
  "Minute_10": 0.0000000000000424315267023238,
  "Minute_10_Fluctuation": 0.005961759717962946,
  "Hour": 0.0000000000000404919675252585,
  "Hour_Fluctuation": 0.09230437808831995,
  "Day": 0.000000000000033668559937778,
  "Day_Fluctuation": 0.01569681399075572,
  "ThreeDay": 0.0000000000000336518524147846,
  "ThreeDay_Fluctuation": 0.015227796706636976,
  "Week": 0.0000000000000336518524147846,
  "Week_Fluctuation": 0.015227796706636976,
  "Duration": "1.01:27:41.9766011",
  "Updated": "2021-01-27T12:39:13.461861Z",
  "Failed": 0,
  "HashRate_Live": 6667438511.0,
  "HashRate_Average": 3841776124.321912,
  "BlockRate_Live": 11.0,
  "BlockRate_Average": 9.058038241548212,
  "Actual24h_Week": 0.00000218857333447993,
  "Estimate24h_Week": 0.00000105203287532634,
  "ErrorRatio": 1.06090250695718
}
