{
  "Live": 0.00000000000006815201,
  "Minute": 0.00000000000006815201,
  "Minute_Fluctuation": 0.0,
  "Minute_5": 0.0000000000000832016442881711,
  "Minute_5_Fluctuation": 0.2760073040973579,
  "Minute_10": 0.0000000000000827193132211971,
  "Minute_10_Fluctuation": 0.24798326670134818,
  "Hour": 0.0000000000000916451982836457,
  "Hour_Fluctuation": 0.26471244231879937,
  "Day": 0.00000000000009194797972507,
  "Day_Fluctuation": 0.2655898970529802,
  "ThreeDay": 0.00000000000009194797972507,
  "ThreeDay_Fluctuation": 0.2655898970529802,
  "Week": 0.00000000000009194797972507,
  "Week_Fluctuation": 0.2655898970529802,
  "Duration": "01:17:30.9429092",
  "Updated": "2021-01-27T12:38:13.5342555Z",
  "Failed": 0,
  "HashRate_Live": 0.0,
  "HashRate_Average": 3877236.8566099564,
  "BlockRate_Live": 2.0,
  "BlockRate_Average": 2.0,
  "Actual24h_Week": 0.0000587655484562875,
  "Estimate24h_Week": 0.0000848202234441733,
  "ErrorRatio": 0.995293778348074
}
