{
  "Live": 0.00000000000000436,
  "Minute": 0.00000000000000436,
  "Minute_Fluctuation": 0.40599455040871935,
  "Minute_5": 0.0000000000000064041401166397,
  "Minute_5_Fluctuation": 0.14895079012814486,
  "Minute_10": 0.0000000000000066936478568125,
  "Minute_10_Fluctuation": 0.15214141945319942,
  "Hour": 0.0000000000000060791194696335,
  "Hour_Fluctuation": 0.25670634655903446,
  "Day": 0.0000000000000040785482639283,
  "Day_Fluctuation": 0.03836634750457666,
  "ThreeDay": 0.0000000000000040735857451102,
  "ThreeDay_Fluctuation": 0.03717823309696916,
  "Week": 0.0000000000000040735857451102,
  "Week_Fluctuation": 0.03717823309696916,
  "Duration": "1.01:27:41.9766011",
  "Updated": "2021-01-27T12:39:13.2750006Z",
  "Failed": 0,
  "HashRate_Live": 99448627709.0,
  "HashRate_Average": 103499717381.60098,
  "BlockRate_Live": 0.0,
  "BlockRate_Average": 0.0,
  "Actual24h_Week": 0.0,
  "Estimate24h_Week": 0.000000405087282002508,
  "ErrorRatio": 0.719854674119746
}
