{
  "Live": 0.00000000000006815201,
  "Minute": 0.00000000000006815201,
  "Minute_Fluctuation": 0.0,
  "Minute_5": 0.0000000000000831144888098832,
  "Minute_5_Fluctuation": 0.27376068619889155,
  "Minute_10": 0.0000000000000820291539171673,
  "Minute_10_Fluctuation": 0.23637695460226266,
  "Hour": 0.0000000000000894723316385454,
  "Hour_Fluctuation": 0.24457632285385694,
  "Day": 0.0000000000000900589055399674,
  "Day_Fluctuation": 0.24524354109473787,
  "ThreeDay": 0.0000000000000900589055399674,
  "ThreeDay_Fluctuation": 0.24524354109473787,
  "Week": 0.0000000000000900589055399674,
  "Week_Fluctuation": 0.2452435410947377,
  "Duration": "01:24:52.1883102",
  "Updated": "2021-01-27T12:38:12.3850475Z",
  "Failed": 0,
  "HashRate_Live": 86437559.0,
  "HashRate_Average": 139587492.52147812,
  "BlockRate_Live": 48.0,
  "BlockRate_Average": 46.05677880666246,
  "Actual24h_Week": 0.0000590654424458848,
  "Estimate24h_Week": 0.0000847682232909854,
  "ErrorRatio": 0.994915625357024
}
