{
  "Live": 0.00000119485,
  "Minute": 0.00000119485,
  "Minute_Fluctuation": 0.019400909470953957,
  "Minute_5": 0.0000011791355918553,
  "Minute_5_Fluctuation": 0.007433826539211192,
  "Minute_10": 0.00000117915229281982,
  "Minute_10_Fluctuation": 0.009861015163597428,
  "Hour": 0.000001145048960812,
  "Hour_Fluctuation": 0.0240361743183638,
  "Day": 0.000001105097067854,
  "Day_Fluctuation": 0.0023513331617508394,
  "ThreeDay": 0.00000110499669421467,
  "ThreeDay_Fluctuation": 0.002263701570322881,
  "Week": 0.00000110499669421467,
  "Week_Fluctuation": 0.0022637015703228813,
  "Duration": "1.01:27:41.9766011",
  "Updated": "2021-01-27T12:39:12.8770651Z",
  "Failed": 0,
  "HashRate_Live": 8117.0,
  "HashRate_Average": 6226.978226161084,
  "BlockRate_Live": 86.0,
  "BlockRate_Average": 81.33076342020728,
  "Actual24h_Week": 0.0000579263535219802,
  "Estimate24h_Week": 0.0000612796002775446,
  "ErrorRatio": 0.984670324205122
}
