{
  "Live": 0.00000000000023499,
  "Minute": 0.00000000000023499,
  "Minute_Fluctuation": 0.0,
  "Minute_5": 0.000000000000270016249650629,
  "Minute_5_Fluctuation": 0.1318525789144911,
  "Minute_10": 0.000000000000295322982973611,
  "Minute_10_Fluctuation": 0.18636684669962864,
  "Hour": 0.000000000000420349722165916,
  "Hour_Fluctuation": 0.28903510686776723,
  "Day": 0.000000000000425633792062325,
  "Day_Fluctuation": 0.28635287118060193,
  "ThreeDay": 0.000000000000425633792062325,
  "ThreeDay_Fluctuation": 0.28635287118060193,
  "Week": 0.000000000000425633792062325,
  "Week_Fluctuation": 0.28635287118060193,
  "Duration": "01:17:30.9429092",
  "Updated": "2021-01-27T12:38:13.4918869Z",
  "Failed": 0,
  "HashRate_Live": 0.0,
  "HashRate_Average": 0.0,
  "BlockRate_Live": 0.0,
  "BlockRate_Average": 0.0,
  "Actual24h_Week": 0.000000236621154431892,
  "Estimate24h_Week": 0.000000235171171724437,
  "ErrorRatio": 1.0
}
