{
  "Live": 0.00000000000023,
  "Minute": 0.00000000000023,
  "Minute_Fluctuation": 0.0,
  "Minute_5": 0.000000000000228758856214863,
  "Minute_5_Fluctuation": 0.024648165000238725,
  "Minute_10": 0.000000000000231802818442973,
  "Minute_10_Fluctuation": 0.03160720871655279,
  "Hour": 0.000000000000247009981277119,
  "Hour_Fluctuation": 0.04387867233886281,
  "Day": 0.000000000000259254257663986,
  "Day_Fluctuation": 0.003979419253614727,
  "ThreeDay": 0.00000000000025928590794746,
  "ThreeDay_Fluctuation": 0.0038512507193795577,
  "Week": 0.00000000000025928590794746,
  "Week_Fluctuation": 0.0038512507193795577,
  "Duration": "1.01:27:41.9766011",
  "Updated": "2021-01-27T12:39:13.6719459Z",
  "Failed": 0,
  "HashRate_Live": 3533051551.0,
  "HashRate_Average": 3306821824.9037266,
  "BlockRate_Live": 1179.0,
  "BlockRate_Average": 1176.1817640710592,
  "Actual24h_Week": 0.0000000132066917055218,
  "Estimate24h_Week": 0.0000000141862781818809,
  "ErrorRatio": 0.980655491938823
}
