{
  "Live": 0.00000106850514,
  "Minute": 0.00000106850514,
  "Minute_Fluctuation": 0.0,
  "Minute_5": 0.000001084916355276,
  "Minute_5_Fluctuation": 0.02027512440752733,
  "Minute_10": 0.00000110178571131839,
  "Minute_10_Fluctuation": 0.023654462902665346,
  "Hour": 0.00000113320936566844,
  "Hour_Fluctuation": 0.017086669097895513,
  "Day": 0.00000113466997305173,
  "Day_Fluctuation": 0.016299994486571854,
  "ThreeDay": 0.00000113466997305173,
  "ThreeDay_Fluctuation": 0.016299994486571854,
  "Week": 0.00000113466997305173,
  "Week_Fluctuation": 0.016299994486571854,
  "Duration": "01:17:30.9429092",
  "Updated": "2021-01-27T12:38:13.0452243Z",
  "Failed": 0,
  "HashRate_Live": 47.0,
  "HashRate_Average": 81.69878464930474,
  "BlockRate_Live": 202.0,
  "BlockRate_Average": 201.81045865939885,
  "Actual24h_Week": 0.000646992571764342,
  "Estimate24h_Week": 0.000898208864745361,
  "ErrorRatio": 0.995714943076835
}
