{
  "Live": 0.00000000001191416,
  "Minute": 0.00000000001191416,
  "Minute_Fluctuation": 0.0,
  "Minute_5": 0.00000000001229871997012,
  "Minute_5_Fluctuation": 0.046030666121959794,
  "Minute_10": 0.0000000000120709224006528,
  "Minute_10_Fluctuation": 0.06246920549356909,
  "Hour": 0.0000000000120554616494506,
  "Hour_Fluctuation": 0.08196392501307909,
  "Day": 0.0000000000120483558821979,
  "Day_Fluctuation": 0.08442404014455819,
  "ThreeDay": 0.0000000000120483558821979,
  "ThreeDay_Fluctuation": 0.08442404014455819,
  "Week": 0.0000000000120483558821979,
  "Week_Fluctuation": 0.08442404014455819,
  "Duration": "01:24:52.1883102",
  "Updated": "2021-01-27T12:38:12.6385596Z",
  "Failed": 0,
  "HashRate_Live": 1373316.0,
  "HashRate_Average": 1127672.6269474037,
  "BlockRate_Live": 58.0,
  "BlockRate_Average": 56.638124766133465,
  "Actual24h_Week": 0.00000913459216421246,
  "Estimate24h_Week": 0.0000108149538721033,
  "ErrorRatio": 0.997394634749671
}
