{
  "Live": 0.000000000005712,
  "Minute": 0.000000000005712,
  "Minute_Fluctuation": 0.0,
  "Minute_5": 0.00000000000582853354290157,
  "Minute_5_Fluctuation": 0.020218099101483984,
  "Minute_10": 0.00000000000589633447420631,
  "Minute_10_Fluctuation": 0.03203007109679673,
  "Hour": 0.00000000000590111926000637,
  "Hour_Fluctuation": 0.04948638160694591,
  "Day": 0.00000000000590290290483106,
  "Day_Fluctuation": 0.05066133502105843,
  "ThreeDay": 0.00000000000590290290483106,
  "ThreeDay_Fluctuation": 0.05066133502105843,
  "Week": 0.00000000000590290290483106,
  "Week_Fluctuation": 0.05066133502105843,
  "Duration": "01:17:30.9429092",
  "Updated": "2021-01-27T12:38:13.4154215Z",
  "Failed": 0,
  "HashRate_Live": 5692195.0,
  "HashRate_Average": 8148041.364149661,
  "BlockRate_Live": 136.0,
  "BlockRate_Average": 138.76323949018047,
  "Actual24h_Week": 0.00000498683178662642,
  "Estimate24h_Week": 0.00000567920161943709,
  "ErrorRatio": 0.998132171577496
}
