{
  "Live": 0.00000001135322,
  "Minute": 0.00000001135322,
  "Minute_Fluctuation": 0.0,
  "Minute_5": 0.000000011342847886163,
  "Minute_5_Fluctuation": 0.038865318200139366,
  "Minute_10": 0.0000000109346229493388,
  "Minute_10_Fluctuation": 0.09508921930256439,
  "Hour": 0.0000000108267166503992,
  "Hour_Fluctuation": 0.07922238421680729,
  "Day": 0.0000000108080634526431,
  "Day_Fluctuation": 0.07909123286226329,
  "ThreeDay": 0.0000000108080634526431,
  "ThreeDay_Fluctuation": 0.07909123286226329,
  "Week": 0.0000000108080634526431,
  "Week_Fluctuation": 0.07909123286226329,
  "Duration": "01:17:30.9429092",
  "Updated": "2021-01-27T12:38:13.6815303Z",
  "Failed": 0,
  "HashRate_Live": 19702.0,
  "HashRate_Average": 21916.603546869686,
  "BlockRate_Live": 26.0,
  "BlockRate_Average": 25.9971305970843,
  "Actual24h_Week": 0.0000130760439460186,
  "Estimate24h_Week": 0.0000117065429458037,
  "ErrorRatio": 1.0
}
