{
  "Live": 0.00000000000011149431,
  "Minute": 0.00000000000011149431,
  "Minute_Fluctuation": 0.0,
  "Minute_5": 0.000000000000110763854193253,
  "Minute_5_Fluctuation": 0.018335961989451983,
  "Minute_10": 0.000000000000109783221555728,
  "Minute_10_Fluctuation": 0.022691556855641754,
  "Hour": 0.00000000000011003734274196,
  "Hour_Fluctuation": 0.017253329994773928,
  "Day": 0.000000000000110035571941591,
  "Day_Fluctuation": 0.017191094579687906,
  "ThreeDay": 0.000000000000110035571941591,
  "ThreeDay_Fluctuation": 0.017191094579687906,
  "Week": 0.000000000000110035571941591,
  "Week_Fluctuation": 0.017191094579687906,
  "Duration": "01:17:30.9429092",
  "Updated": "2021-01-27T12:38:13.4796082Z",
  "Failed": 0,
  "HashRate_Live": 1051588741.0,
  "HashRate_Average": 1303406690.5843852,
  "BlockRate_Live": 0.0,
  "BlockRate_Average": 0.0,
  "Actual24h_Week": 0.0,
  "Estimate24h_Week": 0.000111295706734367,
  "ErrorRatio": 0.984679034673057
}
