{
  "Live": 0.0000000000001072287,
  "Minute": 0.0000000000001072287,
  "Minute_Fluctuation": 0.0,
  "Minute_5": 0.000000000000103460534437034,
  "Minute_5_Fluctuation": 0.06407772614312285,
  "Minute_10": 0.000000000000101060104965993,
  "Minute_10_Fluctuation": 0.07201815861828213,
  "Hour": 0.00000000000010100355187299,
  "Hour_Fluctuation": 0.0610666204838243,
  "Day": 0.000000000000101124319869194,
  "Day_Fluctuation": 0.060901139029349904,
  "ThreeDay": 0.000000000000101124319869194,
  "ThreeDay_Fluctuation": 0.060901139029349904,
  "Week": 0.000000000000101124319869194,
  "Week_Fluctuation": 0.060901139029349904,
  "Duration": "01:24:52.1883102",
  "Updated": "2021-01-27T12:38:12.2166383Z",
  "Failed": 0,
  "HashRate_Live": 5360469493.0,
  "HashRate_Average": 3562526482.883077,
  "BlockRate_Live": 220.0,
  "BlockRate_Average": 221.82352395651125,
  "Actual24h_Week": 0.0000788210837230052,
  "Estimate24h_Week": 0.000102217348802645,
  "ErrorRatio": 0.99616193405668
}
