{
  "Live": 0.00000000127333,
  "Minute": 0.00000000127333,
  "Minute_Fluctuation": 0.0,
  "Minute_5": 0.00000000127169061569238,
  "Minute_5_Fluctuation": 0.005754488464567738,
  "Minute_10": 0.00000000126705653823933,
  "Minute_10_Fluctuation": 0.011291343145635704,
  "Hour": 0.00000000129537269778572,
  "Hour_Fluctuation": 0.03453056585599626,
  "Day": 0.00000000129623597657296,
  "Day_Fluctuation": 0.03506642439347178,
  "ThreeDay": 0.00000000129623597657296,
  "ThreeDay_Fluctuation": 0.03506642439347178,
  "Week": 0.00000000129623597657296,
  "Week_Fluctuation": 0.03506642439347178,
  "Duration": "01:17:30.9429092",
  "Updated": "2021-01-27T12:38:14.0161491Z",
  "Failed": 0,
  "HashRate_Live": 0.0,
  "HashRate_Average": 329101.85580905003,
  "BlockRate_Live": 0.0,
  "BlockRate_Average": 0.0,
  "Actual24h_Week": 0.00000138854568430664,
  "Estimate24h_Week": 0.00000124917235569601,
  "ErrorRatio": 1.0
}
