{
  "Live": 0.00000000000000279371,
  "Minute": 0.00000000000000279371,
  "Minute_Fluctuation": 0.0,
  "Minute_5": 0.000000000000003153333843221,
  "Minute_5_Fluctuation": 0.1878533004492411,
  "Minute_10": 0.0000000000000035521948519128,
  "Minute_10_Fluctuation": 0.2099391369693995,
  "Hour": 0.0000000000000033592184278115,
  "Hour_Fluctuation": 0.204233186126675,
  "Day": 0.0000000000000033388875776625,
  "Day_Fluctuation": 0.20119666301666972,
  "ThreeDay": 0.0000000000000033388875776625,
  "ThreeDay_Fluctuation": 0.2011966630166697,
  "Week": 0.0000000000000033388875776625,
  "Week_Fluctuation": 0.20119666301666972,
  "Duration": "01:24:52.1883102",
  "Updated": "2021-01-27T12:38:12.7994437Z",
  "Failed": 0,
  "HashRate_Live": 46588254720.0,
  "HashRate_Average": 159901496743.37894,
  "BlockRate_Live": 34.0,
  "BlockRate_Average": 33.77532626058386,
  "Actual24h_Week": 0.00000175462195409554,
  "Estimate24h_Week": 0.00000270259032150771,
  "ErrorRatio": 0.994118282789554
}
