{
  "Live": 0.00000000000000277,
  "Minute": 0.00000000000000277,
  "Minute_Fluctuation": 0.003597122302158332,
  "Minute_5": 0.0000000000000030792444239879,
  "Minute_5_Fluctuation": 0.18205781742422997,
  "Minute_10": 0.0000000000000034882806557932,
  "Minute_10_Fluctuation": 0.219421666419201,
  "Hour": 0.0000000000000032006343177665,
  "Hour_Fluctuation": 0.23259451972674447,
  "Day": 0.000000000000002276028676734,
  "Day_Fluctuation": 0.02878058359595039,
  "ThreeDay": 0.0000000000000022737179908107,
  "ThreeDay_Fluctuation": 0.027808537734098585,
  "Week": 0.0000000000000022737179908107,
  "Week_Fluctuation": 0.027808537734098585,
  "Duration": "1.01:27:41.9766011",
  "Updated": "2021-01-27T12:39:13.0824821Z",
  "Failed": 0,
  "HashRate_Live": 45272276741.0,
  "HashRate_Average": 320291595190.2913,
  "BlockRate_Live": 34.0,
  "BlockRate_Average": 34.09092627589988,
  "Actual24h_Week": 0.000000176845253448729,
  "Estimate24h_Week": 0.000000202797929672431,
  "ErrorRatio": 0.964148939045396
}
