{
  "Live": 0.00000000854777,
  "Minute": 0.00000000854777,
  "Minute_Fluctuation": 0.0,
  "Minute_5": 0.00000000853982689038069,
  "Minute_5_Fluctuation": 0.004611171090726508,
  "Minute_10": 0.00000000848475507961609,
  "Minute_10_Fluctuation": 0.018973423308814012,
  "Hour": 0.00000000783225226005984,
  "Hour_Fluctuation": 0.0789556569705858,
  "Day": 0.00000000780712042436713,
  "Day_Fluctuation": 0.07839552971738269,
  "ThreeDay": 0.00000000780712042436713,
  "ThreeDay_Fluctuation": 0.07839552971738269,
  "Week": 0.00000000780712042436713,
  "Week_Fluctuation": 0.07839552971738269,
  "Duration": "01:17:30.9429092",
  "Updated": "2021-01-27T12:38:13.2764811Z",
  "Failed": 0,
  "HashRate_Live": 6111.0,
  "HashRate_Average": 5958.99443690001,
  "BlockRate_Live": 7.0,
  "BlockRate_Average": 7.0,
  "Actual24h_Week": 0.00000789184626720128,
  "Estimate24h_Week": 0.000008997411894451,
  "ErrorRatio": 0.99811742167187
}
