{
  "Live": 0.00000000000637,
  "Minute": 0.00000000000637,
  "Minute_Fluctuation": 0.0,
  "Minute_5": 0.00000000000627870031415617,
  "Minute_5_Fluctuation": 0.04216665942311426,
  "Minute_10": 0.0000000000060100926357831,
  "Minute_10_Fluctuation": 0.09561430932327343,
  "Hour": 0.0000000000047066540728037,
  "Hour_Fluctuation": 0.16410367263083822,
  "Day": 0.00000000000377621913565855,
  "Day_Fluctuation": 0.01477238732344176,
  "ThreeDay": 0.0000000000037738532690963,
  "ThreeDay_Fluctuation": 0.014162556992035832,
  "Week": 0.0000000000037738532690963,
  "Week_Fluctuation": 0.014162556992035832,
  "Duration": "1.01:27:41.9766011",
  "Updated": "2021-01-27T12:39:13.5522074Z",
  "Failed": 0,
  "HashRate_Live": 56475929.0,
  "HashRate_Average": 8126147.387223953,
  "BlockRate_Live": 557.0,
  "BlockRate_Average": 523.0060895206958,
  "Actual24h_Week": 0.000000284249731752618,
  "Estimate24h_Week": 0.000000267495126624193,
  "ErrorRatio": 1.01754695262277
}
