{
  "Live": 0.00000000000000039699,
  "Minute": 0.00000000000000039699,
  "Minute_Fluctuation": 0.0,
  "Minute_5": 0.0000000000000003971530378466,
  "Minute_5_Fluctuation": 0.003331897765490019,
  "Minute_10": 0.0000000000000004086343510018,
  "Minute_10_Fluctuation": 0.096690480748096,
  "Hour": 0.0000000000000005186716707698,
  "Hour_Fluctuation": 0.4944452418486967,
  "Day": 0.0000000000000005229294350285,
  "Day_Fluctuation": 0.5033291260147823,
  "ThreeDay": 0.0000000000000005229294350285,
  "ThreeDay_Fluctuation": 0.5033291260147823,
  "Week": 0.0000000000000005229294350285,
  "Week_Fluctuation": 0.5033291260147824,
  "Duration": "01:17:30.9429092",
  "Updated": "2021-01-27T12:38:13.6902906Z",
  "Failed": 0,
  "HashRate_Live": 14542873797.0,
  "HashRate_Average": 13278013046.517784,
  "BlockRate_Live": 0.0,
  "BlockRate_Average": 0.0,
  "Actual24h_Week": 0.000000435164689890539,
  "Estimate24h_Week": 0.000000487233930606827,
  "ErrorRatio": 0.998362694013077
}
