{
  "Live": 0.00000000000000072072,
  "Minute": 0.00000000000000072072,
  "Minute_Fluctuation": 0.0,
  "Minute_5": 0.00000000000000072072,
  "Minute_5_Fluctuation": 0.0,
  "Minute_10": 0.00000000000000072072,
  "Minute_10_Fluctuation": 0.0,
  "Hour": 0.00000000000000072072,
  "Hour_Fluctuation": 0.0,
  "Day": 0.00000000000000072072,
  "Day_Fluctuation": 0.0,
  "ThreeDay": 0.00000000000000072072,
  "ThreeDay_Fluctuation": 0.0,
  "Week": 0.00000000000000072072,
  "Week_Fluctuation": 0.0,
  "Duration": "1.01:27:41.9766011",
  "Updated": "2021-01-27T12:39:13.0445155Z",
  "Failed": 0,
  "HashRate_Live": 260946521958.0,
  "HashRate_Average": 325355667712.848,
  "BlockRate_Live": 4.0,
  "BlockRate_Average": 3.4983452171751037,
  "Actual24h_Week": 0.0000491431134269207,
  "Estimate24h_Week": 0.0000421952830053335,
  "ErrorRatio": 1.0461284314024
}
