{
  "Live": 0.00000000001105004,
  "Minute": 0.00000000001105004,
  "Minute_Fluctuation": 0.0,
  "Minute_5": 0.0000000000112418251788721,
  "Minute_5_Fluctuation": 0.040739714543529454,
  "Minute_10": 0.0000000000113242762712357,
  "Minute_10_Fluctuation": 0.05693375675322113,
  "Hour": 0.0000000000115232812016657,
  "Hour_Fluctuation": 0.09648458223620084,
  "Day": 0.0000000000115268195853883,
  "Day_Fluctuation": 0.09816549086919098,
  "ThreeDay": 0.0000000000115268195853883,
  "ThreeDay_Fluctuation": 0.09816549086919098,
  "Week": 0.0000000000115268195853883,
  "Week_Fluctuation": 0.09816549086919098,
  "Duration": "01:17:30.9429092",
  "Updated": "2021-01-27T12:38:13.3937779Z",
  "Failed": 0,
  "HashRate_Live": 2221751.0,
  "HashRate_Average": 1234093.8208204363,
  "BlockRate_Live": 63.0,
  "BlockRate_Average": 58.915899314502624,
  "Actual24h_Week": 0.00000847200874892988,
  "Estimate24h_Week": 0.0000094038755543822,
  "ErrorRatio": 0.998481785628372
}
