{
  "Live": 0.00000000000000052022,
  "Minute": 0.00000000000000052022,
  "Minute_Fluctuation": 0.0,
  "Minute_5": 0.0000000000000005209754100717,
  "Minute_5_Fluctuation": 0.007640564876275536,
  "Minute_10": 0.0000000000000005299476181159,
  "Minute_10_Fluctuation": 0.0426133207886953,
  "Hour": 0.000000000000000582458592933,
  "Hour_Fluctuation": 0.04487456637565069,
  "Day": 0.0000000000000005846364430756,
  "Day_Fluctuation": 0.04259390259528049,
  "ThreeDay": 0.0000000000000005846364430756,
  "ThreeDay_Fluctuation": 0.042593902595280494,
  "Week": 0.0000000000000005846364430756,
  "Week_Fluctuation": 0.04259390259528049,
  "Duration": "01:17:30.9429092",
  "Updated": "2021-01-27T12:38:13.0175953Z",
  "Failed": 0,
  "HashRate_Live": 151412309042.0,
  "HashRate_Average": 172771259769.42142,
  "BlockRate_Live": 12.0,
  "BlockRate_Average": 11.419171850170963,
  "Actual24h_Week": 0.000000631406473490292,
  "Estimate24h_Week": 0.00000057,
  "ErrorRatio": 1.0
}
