{
  "Live": 0.00000000000000213628,
  "Minute": 0.00000000000000213628,
  "Minute_Fluctuation": 0.002991566675534043,
  "Minute_5": 0.0000000000000021735186376879,
  "Minute_5_Fluctuation": 0.03297363081408404,
  "Minute_10": 0.0000000000000022009518672312,
  "Minute_10_Fluctuation": 0.06254512778168352,
  "Hour": 0.0000000000000020527857899422,
  "Hour_Fluctuation": 0.13945768303788836,
  "Day": 0.0000000000000018171651488039,
  "Day_Fluctuation": 0.012574343925371422,
  "ThreeDay": 0.000000000000001816591680594,
  "ThreeDay_Fluctuation": 0.012145963893234628,
  "Week": 0.000000000000001816591680594,
  "Week_Fluctuation": 0.012145963893234626,
  "Duration": "1.01:23:46.6050630",
  "Updated": "2021-01-27T12:39:13.0632089Z",
  "Failed": 0,
  "HashRate_Live": 46326891644.0,
  "HashRate_Average": 46000784280.22006,
  "BlockRate_Live": 0.0,
  "BlockRate_Average": 0.0,
  "Actual24h_Week": 0.0,
  "Estimate24h_Week": 0.000143958624471736,
  "ErrorRatio": 0.72051520658022
}
