{
  "Live": 0.00000000000017046501,
  "Minute": 0.00000000000017046501,
  "Minute_Fluctuation": 0.0,
  "Minute_5": 0.000000000000174864818646936,
  "Minute_5_Fluctuation": 0.053612911128497684,
  "Minute_10": 0.000000000000183842731194464,
  "Minute_10_Fluctuation": 0.07904092637742913,
  "Hour": 0.000000000000220039526192247,
  "Hour_Fluctuation": 0.11607493935452871,
  "Day": 0.000000000000222592180151482,
  "Day_Fluctuation": 0.11144185478620643,
  "ThreeDay": 0.000000000000222592180151482,
  "ThreeDay_Fluctuation": 0.11144185478620643,
  "Week": 0.000000000000222592180151482,
  "Week_Fluctuation": 0.11144185478620643,
  "Duration": "01:24:52.1883102",
  "Updated": "2021-01-27T12:38:12.7867255Z",
  "Failed": 0,
  "HashRate_Live": 330705033.0,
  "HashRate_Average": 225069139.2028143,
  "BlockRate_Live": 84.0,
  "BlockRate_Average": 80.41918015938874,
  "Actual24h_Week": 0.000274010361041779,
  "Estimate24h_Week": 0.000235679463326221,
  "ErrorRatio": 1.0
}
