{
  "Live": 0.00000000000000000024256168,
  "Minute": 0.00000000000000000024256168,
  "Minute_Fluctuation": 0.0,
  "Minute_5": 0.0000000000000000002436701459,
  "Minute_5_Fluctuation": 0.00691650957270752,
  "Minute_10": 0.0000000000000000002449279963,
  "Minute_10_Fluctuation": 0.00846659584896593,
  "Hour": 0.0000000000000000002468625585,
  "Hour_Fluctuation": 0.006063484200628928,
  "Day": 0.0000000000000000002469586764,
  "Day_Fluctuation": 0.005852703330381428,
  "ThreeDay": 0.0000000000000000002469586764,
  "ThreeDay_Fluctuation": 0.005852703330381428,
  "Week": 0.0000000000000000002469586764,
  "Week_Fluctuation": 0.005852703330381428,
  "Duration": "01:17:30.9429092",
  "Updated": "2021-01-27T12:38:13.470366Z",
  "Failed": 0,
  "HashRate_Live": 0.0,
  "HashRate_Average": 0.0,
  "BlockRate_Live": 67.0,
  "BlockRate_Average": 67.0,
  "Actual24h_Week": 0.0002976,
  "Estimate24h_Week": 0.00445067913917485,
  "ErrorRatio": 0.98570348939979
}
