{
  "Live": 0.0000000020832,
  "Minute": 0.0000000020832,
  "Minute_Fluctuation": 0.0,
  "Minute_5": 0.00000000208798028561482,
  "Minute_5_Fluctuation": 0.001836492047437415,
  "Minute_10": 0.00000000209040836386752,
  "Minute_10_Fluctuation": 0.002430464856961572,
  "Hour": 0.00000000210436437022387,
  "Hour_Fluctuation": 0.00562454052715403,
  "Day": 0.00000000210535668216512,
  "Day_Fluctuation": 0.005505598193079869,
  "ThreeDay": 0.00000000210535668216512,
  "ThreeDay_Fluctuation": 0.00550559819307987,
  "Week": 0.00000000210535668216512,
  "Week_Fluctuation": 0.00550559819307987,
  "Duration": "01:24:52.1883102",
  "Updated": "2021-01-27T12:38:12.7250091Z",
  "Failed": 0,
  "HashRate_Live": 86864.0,
  "HashRate_Average": 86135.05326766883,
  "BlockRate_Live": 0.0,
  "BlockRate_Average": 0.0,
  "Actual24h_Week": 0.0,
  "Estimate24h_Week": 0.00000206435914086929,
  "ErrorRatio": 0.983231643002826
}
