{
  "Live": 0.00000000000016476,
  "Minute": 0.00000000000016476,
  "Minute_Fluctuation": 0.0285950120865515,
  "Minute_5": 0.000000000000172323990217916,
  "Minute_5_Fluctuation": 0.08007376562862775,
  "Minute_10": 0.000000000000201703193661989,
  "Minute_10_Fluctuation": 0.31718058650456094,
  "Hour": 0.000000000000297190321222669,
  "Hour_Fluctuation": 0.4458061865617004,
  "Day": 0.000000000000276617842464144,
  "Day_Fluctuation": 0.029159025786964027,
  "ThreeDay": 0.000000000000276562654156809,
  "ThreeDay_Fluctuation": 0.02813054954912188,
  "Week": 0.000000000000276562654156809,
  "Week_Fluctuation": 0.02813054954912188,
  "Duration": "1.01:27:41.9766011",
  "Updated": "2021-01-27T12:39:13.7289478Z",
  "Failed": 0,
  "HashRate_Live": 330397174.0,
  "HashRate_Average": 319506287.58977556,
  "BlockRate_Live": 84.0,
  "BlockRate_Average": 80.4290984292658,
  "Actual24h_Week": 0.0000204650176184237,
  "Estimate24h_Week": 0.0000159981578030115,
  "ErrorRatio": 1.06090250695718
}
