{
  "Live": 0.00000000000023,
  "Minute": 0.00000000000023,
  "Minute_Fluctuation": 0.0,
  "Minute_5": 0.000000000000260290555938466,
  "Minute_5_Fluctuation": 0.13815566592593975,
  "Minute_10": 0.000000000000288771398429682,
  "Minute_10_Fluctuation": 0.19392038532153177,
  "Hour": 0.000000000000376910778020714,
  "Hour_Fluctuation": 0.22805978257947096,
  "Day": 0.000000000000334228006063813,
  "Day_Fluctuation": 0.01852007892881283,
  "ThreeDay": 0.00000000000033415005838408,
  "ThreeDay_Fluctuation": 0.01805891997225203,
  "Week": 0.00000000000033415005838408,
  "Week_Fluctuation": 0.018058919972252025,
  "Duration": "1.01:16:25.6193212",
  "Updated": "2021-01-27T12:37:12.9099429Z",
  "Failed": 0,
  "HashRate_Live": 0.0,
  "HashRate_Average": 0.0,
  "BlockRate_Live": 0.0,
  "BlockRate_Average": 0.0,
  "Actual24h_Week": 0.0000000122348459521212,
  "Estimate24h_Week": 0.0000000121634145726987,
  "ErrorRatio": 1.00163404162897
}
