{
  "Live": 0.000000000000002688,
  "Minute": 0.000000000000002688,
  "Minute_Fluctuation": 0.0,
  "Minute_5": 0.0000000000000026508783545967,
  "Minute_5_Fluctuation": 0.108216283649866,
  "Minute_10": 0.0000000000000024078385156382,
  "Minute_10_Fluctuation": 0.27634021183637525,
  "Hour": 0.0000000000000019556283221372,
  "Hour_Fluctuation": 0.3254538387911921,
  "Day": 0.0000000000000019192812346442,
  "Day_Fluctuation": 0.3216139174549296,
  "ThreeDay": 0.0000000000000019192812346442,
  "ThreeDay_Fluctuation": 0.32161391745492945,
  "Week": 0.0000000000000019192812346442,
  "Week_Fluctuation": 0.3216139174549296,
  "Duration": "01:24:52.1883102",
  "Updated": "2021-01-27T12:38:12.5275002Z",
  "Failed": 0,
  "HashRate_Live": 140187733.0,
  "HashRate_Average": 265101471.00511777,
  "BlockRate_Live": 16.0,
  "BlockRate_Average": 15.930739770594165,
  "Actual24h_Week": 0.000000579110415917714,
  "Estimate24h_Week": 0.00000212005340526485,
  "ErrorRatio": 0.987812060727576
}
