{
  "Live": 0.00000000092,
  "Minute": 0.00000000092,
  "Minute_Fluctuation": 0.0,
  "Minute_5": 0.000000000921265800026099,
  "Minute_5_Fluctuation": 0.005498607556982669,
  "Minute_10": 0.000000000930229161167064,
  "Minute_10_Fluctuation": 0.024818801660967255,
  "Hour": 0.00000000110083460047901,
  "Hour_Fluctuation": 0.13181993557432214,
  "Day": 0.00000000137045836582685,
  "Day_Fluctuation": 0.013824961275726792,
  "ThreeDay": 0.00000000137112456538438,
  "ThreeDay_Fluctuation": 0.01336057104223571,
  "Week": 0.00000000137112456538438,
  "Week_Fluctuation": 0.01336057104223571,
  "Duration": "1.01:27:41.9766011",
  "Updated": "2021-01-27T12:39:12.6859035Z",
  "Failed": 0,
  "HashRate_Live": 536424.0,
  "HashRate_Average": 882176.2866181622,
  "BlockRate_Live": 51.0,
  "BlockRate_Average": 49.573736336537976,
  "Actual24h_Week": 0.0000000610173273455218,
  "Estimate24h_Week": 0.0000000567176317385049,
  "ErrorRatio": 1.02123748101062
}
