{
  "Live": 0.00000000000014555,
  "Minute": 0.00000000000014555,
  "Minute_Fluctuation": 0.0,
  "Minute_5": 0.000000000000146087359277522,
  "Minute_5_Fluctuation": 0.0040223493091047745,
  "Minute_10": 0.000000000000145629343426174,
  "Minute_10_Fluctuation": 0.01132060163301408,
  "Hour": 0.000000000000140708019732855,
  "Hour_Fluctuation": 0.020933614863739076,
  "Day": 0.000000000000140513357226453,
  "Day_Fluctuation": 0.020237622979947134,
  "ThreeDay": 0.000000000000140513357226453,
  "ThreeDay_Fluctuation": 0.020237622979947134,
  "Week": 0.000000000000140513357226453,
  "Week_Fluctuation": 0.020237622979947134,
  "Duration": "01:17:30.9429092",
  "Updated": "2021-01-27T12:38:13.6720959Z",
  "Failed": 0,
  "HashRate_Live": 0.0,
  "HashRate_Average": 0.0,
  "BlockRate_Live": 0.0,
  "BlockRate_Average": 0.0,
  "Actual24h_Week": 0.00000008,
  "Estimate24h_Week": 0.00000016,
  "ErrorRatio": 0.992339517336529
}
