{
  "Live": 0.00000000000974513,
  "Minute": 0.00000000000974513,
  "Minute_Fluctuation": 0.0,
  "Minute_5": 0.00000000000962369643277418,
  "Minute_5_Fluctuation": 0.040048115417694194,
  "Minute_10": 0.00000000000937875184477806,
  "Minute_10_Fluctuation": 0.08214565891041171,
  "Hour": 0.00000000000930986235293287,
  "Hour_Fluctuation": 0.2786142102435734,
  "Day": 0.00000000000930938984715935,
  "Day_Fluctuation": 0.2926808691675773,
  "ThreeDay": 0.00000000000930938984715935,
  "ThreeDay_Fluctuation": 0.29268086916757724,
  "Week": 0.00000000000930938984715935,
  "Week_Fluctuation": 0.29268086916757724,
  "Duration": "01:24:52.1883102",
  "Updated": "2021-01-27T12:34:04.0652501Z",
  "Failed": 0,
  "HashRate_Live": 0.0,
  "HashRate_Average": 606842.1775265047,
  "BlockRate_Live": 12.0,
  "BlockRate_Average": 11.466375141671504,
  "Actual24h_Week": 0.00000572843701045494,
  "Estimate24h_Week": 0.00000830631673296856,
  "ErrorRatio": 0.994795911488505
}
