{
  "Live": 0.00000000000000000001606488,
  "Minute": 0.00000000000000000001606488,
  "Minute_Fluctuation": 0.0,
  "Minute_5": 0.0000000000000000000168380717,
  "Minute_5_Fluctuation": 0.0712456599441481,
  "Minute_10": 0.0000000000000000000178772727,
  "Minute_10_Fluctuation": 0.08819606560521642,
  "Hour": 0.0000000000000000000202874918,
  "Hour_Fluctuation": 0.05894828020461254,
  "Day": 0.0000000000000000000204614175,
  "Day_Fluctuation": 0.053470576603805386,
  "ThreeDay": 0.0000000000000000000204614175,
  "ThreeDay_Fluctuation": 0.053470576603805386,
  "Week": 0.0000000000000000000204614175,
  "Week_Fluctuation": 0.053470576603805386,
  "Duration": "01:24:52.1883102",
  "Updated": "2021-01-27T12:38:12.6122969Z",
  "Failed": 0,
  "HashRate_Live": 0.0,
  "HashRate_Average": 0.0,
  "BlockRate_Live": 25.0,
  "BlockRate_Average": 24.33128261847006,
  "Actual24h_Week": 0.0,
  "Estimate24h_Week": 0.0000157775827058589,
  "ErrorRatio": 0.983231643002826
}
