{
  "Live": 0.00000000000581469,
  "Minute": 0.00000000000581469,
  "Minute_Fluctuation": 0.0,
  "Minute_5": 0.00000000000597550802778436,
  "Minute_5_Fluctuation": 0.027385359573668444,
  "Minute_10": 0.00000000000606134441397674,
  "Minute_10_Fluctuation": 0.027370028029072773,
  "Hour": 0.00000000000605806251423845,
  "Hour_Fluctuation": 0.04024049068082175,
  "Day": 0.00000000000605899067525374,
  "Day_Fluctuation": 0.04079613350641433,
  "ThreeDay": 0.00000000000605899067525374,
  "ThreeDay_Fluctuation": 0.04079613350641433,
  "Week": 0.00000000000605899067525374,
  "Week_Fluctuation": 0.04079613350641433,
  "Duration": "01:17:30.9429092",
  "Updated": "2021-01-27T12:38:13.715907Z",
  "Failed": 0,
  "HashRate_Live": 1295676.0,
  "HashRate_Average": 3267123.9983018944,
  "BlockRate_Live": 15.0,
  "BlockRate_Average": 14.985975593679672,
  "Actual24h_Week": 0.0000067400290010625,
  "Estimate24h_Week": 0.0000059241536536369,
  "ErrorRatio": 1.0
}
