{
  "Live": 0.00000000012152236,
  "Minute": 0.00000000012152236,
  "Minute_Fluctuation": 0.0,
  "Minute_5": 0.000000000121930755024449,
  "Minute_5_Fluctuation": 0.022387755693452485,
  "Minute_10": 0.000000000119738887003009,
  "Minute_10_Fluctuation": 0.04081180150089967,
  "Hour": 0.000000000105514584063615,
  "Hour_Fluctuation": 0.1239817615501311,
  "Day": 0.00000000010496540334318,
  "Day_Fluctuation": 0.12284167360933478,
  "ThreeDay": 0.00000000010496540334318,
  "ThreeDay_Fluctuation": 0.12284167360933478,
  "Week": 0.00000000010496540334318,
  "Week_Fluctuation": 0.12284167360933478,
  "Duration": "01:17:30.9429092",
  "Updated": "2021-01-27T12:38:13.3794672Z",
  "Failed": 0,
  "HashRate_Live": 0.0,
  "HashRate_Average": 0.0,
  "BlockRate_Live": 0.0,
  "BlockRate_Average": 0.0,
  "Actual24h_Week": 0.0,
  "Estimate24h_Week": 0.0000885478040245176,
  "ErrorRatio": 0.984679034673057
}
