{
  "Live": 0.00000117799606,
  "Minute": 0.00000117799606,
  "Minute_Fluctuation": 0.0,
  "Minute_5": 0.00000117883770270071,
  "Minute_5_Fluctuation": 0.003933371795674076,
  "Minute_10": 0.00000118128072188801,
  "Minute_10_Fluctuation": 0.008863061391630558,
  "Hour": 0.00000115688528515415,
  "Hour_Fluctuation": 0.020611495374803508,
  "Day": 0.00000115612617433499,
  "Day_Fluctuation": 0.020661452956335504,
  "ThreeDay": 0.00000115612617433499,
  "ThreeDay_Fluctuation": 0.020661452956335504,
  "Week": 0.00000115612617433499,
  "Week_Fluctuation": 0.020661452956335504,
  "Duration": "01:17:30.9429092",
  "Updated": "2021-01-27T12:38:14.0115366Z",
  "Failed": 0,
  "HashRate_Live": 22.0,
  "HashRate_Average": 83.59905299382736,
  "BlockRate_Live": 1.0,
  "BlockRate_Average": 1.0,
  "Actual24h_Week": 0.00098113113676376,
  "Estimate24h_Week": 0.00103748200247786,
  "ErrorRatio": 0.999167841314175
}
