{
  "Live": 0.00000000000000000597729985,
  "Minute": 0.00000000000000000597729985,
  "Minute_Fluctuation": 0.0,
  "Minute_5": 0.0000000000000000059770100659,
  "Minute_5_Fluctuation": 0.00027004871964917516,
  "Minute_10": 0.0000000000000000059742738321,
  "Minute_10_Fluctuation": 0.0016012498498139851,
  "Hour": 0.0000000000000000059890635575,
  "Hour_Fluctuation": 0.004283594251133377,
  "Day": 0.0000000000000000059894751814,
  "Day_Fluctuation": 0.004362435475852029,
  "ThreeDay": 0.0000000000000000059894751814,
  "ThreeDay_Fluctuation": 0.004362435475852029,
  "Week": 0.0000000000000000059894751814,
  "Week_Fluctuation": 0.004362435475852029,
  "Duration": "01:17:30.9429092",
  "Updated": "2021-01-27T12:38:13.6208844Z",
  "Failed": 0,
  "HashRate_Live": 77073859286943.0,
  "HashRate_Average": 69992299012964.25,
  "BlockRate_Live": 0.0,
  "BlockRate_Average": 0.0,
  "Actual24h_Week": 0.0105979900450985,
  "Estimate24h_Week": 0.00616144873719402,
  "ErrorRatio": 1.0
}
