{
  "Live": 0.00000000000000931963,
  "Minute": 0.00000000000000931963,
  "Minute_Fluctuation": 0.0,
  "Minute_5": 0.0000000000000091758821846414,
  "Minute_5_Fluctuation": 0.009249741814662808,
  "Minute_10": 0.0000000000000091679404568909,
  "Minute_10_Fluctuation": 0.015233757503077214,
  "Hour": 0.0000000000000095914007500748,
  "Hour_Fluctuation": 0.03537501927978657,
  "Day": 0.0000000000000096070719389106,
  "Day_Fluctuation": 0.034946712392709176,
  "ThreeDay": 0.0000000000000096070719389106,
  "ThreeDay_Fluctuation": 0.034946712392709176,
  "Week": 0.0000000000000096070719389106,
  "Week_Fluctuation": 0.034946712392709176,
  "Duration": "01:17:30.9429092",
  "Updated": "2021-01-27T12:38:13.5945428Z",
  "Failed": 0,
  "HashRate_Live": 3928921550.0,
  "HashRate_Average": 4866074295.161065,
  "BlockRate_Live": 13.0,
  "BlockRate_Average": 14.77064655250526,
  "Actual24h_Week": 0.00000967832150758427,
  "Estimate24h_Week": 0.00000989142824862425,
  "ErrorRatio": 0.999669916122491
}
