{
  "Live": 0.00000000000099845,
  "Minute": 0.00000000000099845,
  "Minute_Fluctuation": 0.0,
  "Minute_5": 0.00000000000099845,
  "Minute_5_Fluctuation": 0.0,
  "Minute_10": 0.00000000000099845,
  "Minute_10_Fluctuation": 0.0,
  "Hour": 0.00000000000099845,
  "Hour_Fluctuation": 0.0,
  "Day": 0.00000000000099845,
  "Day_Fluctuation": 0.0,
  "ThreeDay": 0.00000000000099845,
  "ThreeDay_Fluctuation": 0.0,
  "Week": 0.00000000000099845,
  "Week_Fluctuation": 0.0,
  "Duration": "01:17:30.9429092",
  "Updated": "2021-01-27T11:22:52.93594Z",
  "Failed": 0,
  "HashRate_Live": 0.0,
  "HashRate_Average": 0.0,
  "BlockRate_Live": 0.0,
  "BlockRate_Average": 0.0,
  "Actual24h_Week": 0.00000047,
  "Estimate24h_Week": 0.000000716765316008587,
  "ErrorRatio": 0.994725354636978
}
