{
  "Live": 0.00000000000010734265,
  "Minute": 0.00000000000010734265,
  "Minute_Fluctuation": 0.0,
  "Minute_5": 0.0000000000000961889944253506,
  "Minute_5_Fluctuation": 0.17054232370169498,
  "Minute_10": 0.000000000000087398654580373,
  "Minute_10_Fluctuation": 0.153163543107298,
  "Hour": 0.0000000000000733667733072081,
  "Hour_Fluctuation": 0.10083374119214211,
  "Day": 0.0000000000000727579965460102,
  "Day_Fluctuation": 0.0950684200802471,
  "ThreeDay": 0.0000000000000727579965460102,
  "ThreeDay_Fluctuation": 0.0950684200802471,
  "Week": 0.0000000000000727579965460102,
  "Week_Fluctuation": 0.0950684200802471,
  "Duration": "01:17:30.9429092",
  "Updated": "2021-01-27T12:38:13.4194624Z",
  "Failed": 0,
  "HashRate_Live": 132084114.0,
  "HashRate_Average": 27397266.464911003,
  "BlockRate_Live": 5.0,
  "BlockRate_Average": 5.0,
  "Actual24h_Week": 0.0000412345146619022,
  "Estimate24h_Week": 0.0000881650358309686,
  "ErrorRatio": 0.99184460278579
}
