{
  "Live": 0.00000000000004780381,
  "Minute": 0.00000000000004780381,
  "Minute_Fluctuation": 0.0,
  "Minute_5": 0.0000000000000475645708937673,
  "Minute_5_Fluctuation": 0.026663768861018306,
  "Minute_10": 0.0000000000000487257161782643,
  "Minute_10_Fluctuation": 0.05988862556769921,
  "Hour": 0.0000000000000505554545168463,
  "Hour_Fluctuation": 0.051754023536426594,
  "Day": 0.000000000000050709418435971,
  "Day_Fluctuation": 0.05012335492769722,
  "ThreeDay": 0.000000000000050709418435971,
  "ThreeDay_Fluctuation": 0.05012335492769722,
  "Week": 0.000000000000050709418435971,
  "Week_Fluctuation": 0.05012335492769722,
  "Duration": "01:24:52.1883102",
  "Updated": "2021-01-27T12:38:11.9141883Z",
  "Failed": 0,
  "HashRate_Live": 2389719803.0,
  "HashRate_Average": 2595129448.5094385,
  "BlockRate_Live": 6.0,
  "BlockRate_Average": 5.099263463350216,
  "Actual24h_Week": 0.0000134466528176223,
  "Estimate24h_Week": 0.000046447905101842,
  "ErrorRatio": 0.988086076682204
}
