{
  "Live": 0.00000000000015886,
  "Minute": 0.00000000000015886,
  "Minute_Fluctuation": 0.0,
  "Minute_5": 0.000000000000165574181734921,
  "Minute_5_Fluctuation": 0.04538622827840851,
  "Minute_10": 0.000000000000168615977415121,
  "Minute_10_Fluctuation": 0.04534017889472754,
  "Hour": 0.000000000000160315761502584,
  "Hour_Fluctuation": 0.0958730664415379,
  "Day": 0.000000000000159696577297226,
  "Day_Fluctuation": 0.09740720332176746,
  "ThreeDay": 0.000000000000159696577297226,
  "ThreeDay_Fluctuation": 0.09740720332176746,
  "Week": 0.000000000000159696577297226,
  "Week_Fluctuation": 0.09740720332176746,
  "Duration": "01:24:52.1883102",
  "Updated": "2021-01-27T12:38:12.7204527Z",
  "Failed": 0,
  "HashRate_Live": 190696548.0,
  "HashRate_Average": 165752272.38119432,
  "BlockRate_Live": 1176.0,
  "BlockRate_Average": 1169.2084222409221,
  "Actual24h_Week": 0.0000000999928380168723,
  "Estimate24h_Week": 0.000000170235321214074,
  "ErrorRatio": 0.993081042017494
}
