{
  "Live": 0.0000000018228,
  "Minute": 0.0000000018228,
  "Minute_Fluctuation": 0.0,
  "Minute_5": 0.00000000179972400075922,
  "Minute_5_Fluctuation": 0.011399071653547137,
  "Minute_10": 0.00000000178983294094459,
  "Minute_10_Fluctuation": 0.00879259051771529,
  "Hour": 0.00000000177307102157572,
  "Hour_Fluctuation": 0.010043019166189672,
  "Day": 0.00000000177241593049598,
  "Day_Fluctuation": 0.00998162624688389,
  "ThreeDay": 0.00000000177241593049598,
  "ThreeDay_Fluctuation": 0.00998162624688389,
  "Week": 0.00000000177241593049598,
  "Week_Fluctuation": 0.00998162624688389,
  "Duration": "01:17:30.9429092",
  "Updated": "2021-01-27T12:38:13.8848796Z",
  "Failed": 0,
  "HashRate_Live": 0.0,
  "HashRate_Average": 0.0,
  "BlockRate_Live": 0.0,
  "BlockRate_Average": 0.0,
  "Actual24h_Week": 0.00000284000328486261,
  "Estimate24h_Week": 0.00000171223802418544,
  "ErrorRatio": 1.0
}
