{
  "Live": 0.00000000008929,
  "Minute": 0.00000000008929,
  "Minute_Fluctuation": 0.0,
  "Minute_5": 0.0000000000878530873293881,
  "Minute_5_Fluctuation": 0.024668272861068583,
  "Minute_10": 0.0000000000864612927621322,
  "Minute_10_Fluctuation": 0.0343402670662712,
  "Hour": 0.0000000000997853419770356,
  "Hour_Fluctuation": 0.11830470857595055,
  "Day": 0.00000000011860869476894,
  "Day_Fluctuation": 0.010207366944990165,
  "ThreeDay": 0.000000000118648442937153,
  "ThreeDay_Fluctuation": 0.009883086989487883,
  "Week": 0.000000000118648442937153,
  "Week_Fluctuation": 0.009883086989487882,
  "Duration": "1.01:16:25.6193212",
  "Updated": "2021-01-27T12:35:08.2726035Z",
  "Failed": 0,
  "HashRate_Live": 0.0,
  "HashRate_Average": 0.0,
  "BlockRate_Live": 2.0,
  "BlockRate_Average": 2.0,
  "Actual24h_Week": 0.0000125313593763896,
  "Estimate24h_Week": 0.0000079421667481165,
  "ErrorRatio": 1.05307429769907
}
