{
  "Live": 0.00000000000000114,
  "Minute": 0.00000000000000114,
  "Minute_Fluctuation": 0.0,
  "Minute_5": 0.0000000000000012876078047017,
  "Minute_5_Fluctuation": 0.12947550252089204,
  "Minute_10": 0.0000000000000014460114782841,
  "Minute_10_Fluctuation": 0.19805189743633886,
  "Hour": 0.0000000000000020352753115601,
  "Hour_Fluctuation": 0.24433690635753016,
  "Day": 0.0000000000000021101565727523,
  "Day_Fluctuation": 0.018112869795612913,
  "ThreeDay": 0.0000000000000021103287748698,
  "ThreeDay_Fluctuation": 0.017705244203100778,
  "Week": 0.0000000000000021103287748698,
  "Week_Fluctuation": 0.017705244203100778,
  "Duration": "1.01:16:25.6193212",
  "Updated": "2021-01-27T12:39:17.2432858Z",
  "Failed": 0,
  "HashRate_Live": 244590026638.0,
  "HashRate_Average": 250598529454.6035,
  "BlockRate_Live": 2.0,
  "BlockRate_Average": 2.0,
  "Actual24h_Week": 0.000000174018217441257,
  "Estimate24h_Week": 0.000000106493408944604,
  "ErrorRatio": 1.05307429769907
}
