{
  "Live": 0.00000000000164,
  "Minute": 0.00000000000164,
  "Minute_Fluctuation": 0.012345679012345626,
  "Minute_5": 0.00000000000164348470230582,
  "Minute_5_Fluctuation": 0.01824979943729036,
  "Minute_10": 0.0000000000016683956825798,
  "Minute_10_Fluctuation": 0.02554066641615572,
  "Hour": 0.00000000000176883552901475,
  "Hour_Fluctuation": 0.031104091999372863,
  "Day": 0.00000000000183617094937835,
  "Day_Fluctuation": 0.0022961210375506457,
  "ThreeDay": 0.00000000000183631864394546,
  "ThreeDay_Fluctuation": 0.0022166074771417183,
  "Week": 0.00000000000183631864394546,
  "Week_Fluctuation": 0.0022166074771417183,
  "Duration": "1.01:16:25.6193212",
  "Updated": "2021-01-27T12:39:16.9155534Z",
  "Failed": 0,
  "HashRate_Live": 7423761.0,
  "HashRate_Average": 8369095.01852444,
  "BlockRate_Live": 5.0,
  "BlockRate_Average": 5.0,
  "Actual24h_Week": 0.000000154597719542694,
  "Estimate24h_Week": 0.000000110536080568771,
  "ErrorRatio": 1.05307429769907
}
