{
  "Live": 0.00000000000000127,
  "Minute": 0.00000000000000127,
  "Minute_Fluctuation": 0.0,
  "Minute_5": 0.0000000000000012254884175328,
  "Minute_5_Fluctuation": 0.06092223961722239,
  "Minute_10": 0.0000000000000011974563247289,
  "Minute_10_Fluctuation": 0.07951858555768695,
  "Hour": 0.0000000000000010093068806099,
  "Hour_Fluctuation": 0.16313729631479185,
  "Day": 0.0000000000000009042246594322,
  "Day_Fluctuation": 0.012798881403321288,
  "ThreeDay": 0.0000000000000009039623002749,
  "ThreeDay_Fluctuation": 0.01244337402168699,
  "Week": 0.0000000000000009039623002749,
  "Week_Fluctuation": 0.01244337402168699,
  "Duration": "1.01:16:25.6193212",
  "Updated": "2021-01-27T12:39:16.8573042Z",
  "Failed": 0,
  "HashRate_Live": 12372254592.0,
  "HashRate_Average": 10411069314.521688,
  "BlockRate_Live": 0.0,
  "BlockRate_Average": 0.0,
  "Actual24h_Week": 0.0000000382672107129589,
  "Estimate24h_Week": 0.0000000503905771858562,
  "ErrorRatio": 0.933057259206806
}
