{
  "Live": 0.00000000000157,
  "Minute": 0.00000000000157,
  "Minute_Fluctuation": 0.0,
  "Minute_5": 0.00000000000157,
  "Minute_5_Fluctuation": 0.0,
  "Minute_10": 0.00000000000157,
  "Minute_10_Fluctuation": 0.0,
  "Hour": 0.00000000000157,
  "Hour_Fluctuation": 0.0,
  "Day": 0.00000000000157,
  "Day_Fluctuation": 0.0,
  "ThreeDay": 0.00000000000157,
  "ThreeDay_Fluctuation": 0.0,
  "Week": 0.00000000000157,
  "Week_Fluctuation": 0.0,
  "Duration": "1.01:16:25.6193212",
  "Updated": "2021-01-27T11:22:56.1863209Z",
  "Failed": 0,
  "HashRate_Live": 0.0,
  "HashRate_Average": 0.0,
  "BlockRate_Live": 0.0,
  "BlockRate_Average": 0.0,
  "Actual24h_Week": 0.0000000987263452473685,
  "Estimate24h_Week": 0.0000000811885416477641,
  "ErrorRatio": 1.05307429769907
}
