{
  "Live": 0.00000000000000296,
  "Minute": 0.00000000000000296,
  "Minute_Fluctuation": 0.0033670033670032897,
  "Minute_5": 0.000000000000002967832171649,
  "Minute_5_Fluctuation": 0.0008502442389649659,
  "Minute_10": 0.0000000000000029678412195099,
  "Minute_10_Fluctuation": 0.001136414636577826,
  "Hour": 0.0000000000000029627679453512,
  "Hour_Fluctuation": 0.0008118960125653205,
  "Day": 0.0000000000000029601356648975,
  "Day_Fluctuation": 4.5568573549296627E-05,
  "ThreeDay": 0.0000000000000029601288865625,
  "ThreeDay_Fluctuation": 4.3304193969127074E-05,
  "Week": 0.0000000000000029601288865625,
  "Week_Fluctuation": 4.3304193969127074E-05,
  "Duration": "1.01:27:41.9766011",
  "Updated": "2021-01-27T12:39:12.7045639Z",
  "Failed": 0,
  "HashRate_Live": 0.0,
  "HashRate_Average": 0.0,
  "BlockRate_Live": 0.0,
  "BlockRate_Average": 0.0,
  "Actual24h_Week": 0.0,
  "Estimate24h_Week": 0.000000184008528038748,
  "ErrorRatio": 0.719854674119746
}
