{
  "Live": 0.00000000000000000557600297,
  "Minute": 0.00000000000000000557600297,
  "Minute_Fluctuation": 0.0,
  "Minute_5": 0.0000000000000000052148239584,
  "Minute_5_Fluctuation": 0.10706465173203197,
  "Minute_10": 0.000000000000000005033942909,
  "Minute_10_Fluctuation": 0.1510879395198496,
  "Hour": 0.0000000000000000060744759683,
  "Hour_Fluctuation": 0.23945579320969534,
  "Day": 0.0000000000000000061101773722,
  "Day_Fluctuation": 0.24204571912170786,
  "ThreeDay": 0.0000000000000000061101773722,
  "ThreeDay_Fluctuation": 0.24204571912170786,
  "Week": 0.0000000000000000061101773722,
  "Week_Fluctuation": 0.24204571912170786,
  "Duration": "01:17:30.9429092",
  "Updated": "2021-01-27T12:38:13.4663128Z",
  "Failed": 0,
  "HashRate_Live": 8147557083681.0,
  "HashRate_Average": 105892651513149.47,
  "BlockRate_Live": 57.0,
  "BlockRate_Average": 53.89109709340764,
  "Actual24h_Week": 0.00685374870743843,
  "Estimate24h_Week": 0.00635515602917829,
  "ErrorRatio": 1.0
}
