{
  "Live": 0.00000000096,
  "Minute": 0.00000000096,
  "Minute_Fluctuation": 0.0,
  "Minute_5": 0.000000000949407885220672,
  "Minute_5_Fluctuation": 0.06455403915887209,
  "Minute_10": 0.000000000901352293178887,
  "Minute_10_Fluctuation": 0.10048903694144302,
  "Hour": 0.000000000879547544479271,
  "Hour_Fluctuation": 0.08180241972079604,
  "Day": 0.00000000098199028967772,
  "Day_Fluctuation": 0.008143231999747041,
  "ThreeDay": 0.000000000982189631577434,
  "ThreeDay_Fluctuation": 0.007940073530081776,
  "Week": 0.000000000982189631577434,
  "Week_Fluctuation": 0.007940073530081776,
  "Duration": "1.01:16:25.6193212",
  "Updated": "2021-01-27T12:37:13.476693Z",
  "Failed": 0,
  "HashRate_Live": 0.0,
  "HashRate_Average": 0.0,
  "BlockRate_Live": 0.0,
  "BlockRate_Average": 0.0,
  "Actual24h_Week": 0.0000000447932448445832,
  "Estimate24h_Week": 0.0000000429213309348052,
  "ErrorRatio": 1.01213506983247
}
