{
  "Live": 0.00000124056124,
  "Minute": 0.00000124056124,
  "Minute_Fluctuation": 0.0,
  "Minute_5": 0.00000123834991029503,
  "Minute_5_Fluctuation": 0.0064383357795713605,
  "Minute_10": 0.00000122652266751671,
  "Minute_10_Fluctuation": 0.023561946841644376,
  "Hour": 0.0000011535559728589,
  "Hour_Fluctuation": 0.03832996664326915,
  "Day": 0.000001148090272572,
  "Day_Fluctuation": 0.035878001059489635,
  "ThreeDay": 0.000001148090272572,
  "ThreeDay_Fluctuation": 0.035878001059489635,
  "Week": 0.000001148090272572,
  "Week_Fluctuation": 0.035878001059489635,
  "Duration": "01:24:52.1883102",
  "Updated": "2021-01-27T12:38:12.8375839Z",
  "Failed": 0,
  "HashRate_Live": 2074.0,
  "HashRate_Average": 2038.1475626636418,
  "BlockRate_Live": 219.0,
  "BlockRate_Average": 221.09097767744873,
  "Actual24h_Week": 0.00111359375313242,
  "Estimate24h_Week": 0.00115285185870243,
  "ErrorRatio": 0.999428986539544
}
