{
  "Live": 0.00000000000974513,
  "Minute": 0.00000000000974513,
  "Minute_Fluctuation": 0.0,
  "Minute_5": 0.00000000000962359760585801,
  "Minute_5_Fluctuation": 0.04008364118097727,
  "Minute_10": 0.00000000000937739466422123,
  "Minute_10_Fluctuation": 0.08224405569540685,
  "Hour": 0.00000000000975449954950471,
  "Hour_Fluctuation": 0.25750485911258214,
  "Day": 0.00000000000976031486586093,
  "Day_Fluctuation": 0.2660004809993584,
  "ThreeDay": 0.00000000000976031486586093,
  "ThreeDay_Fluctuation": 0.2660004809993584,
  "Week": 0.00000000000976031486586093,
  "Week_Fluctuation": 0.2660004809993584,
  "Duration": "01:17:30.9429092",
  "Updated": "2021-01-27T12:38:13.7498098Z",
  "Failed": 0,
  "HashRate_Live": 1422261.0,
  "HashRate_Average": 2905156.3769613914,
  "BlockRate_Live": 51.0,
  "BlockRate_Average": 48.34351480221977,
  "Actual24h_Week": 0.00000573408764968648,
  "Estimate24h_Week": 0.00000829968561702239,
  "ErrorRatio": 0.995263984768314
}
