{
  "Live": 0.00000000000004070668,
  "Minute": 0.00000000000004070668,
  "Minute_Fluctuation": 0.0,
  "Minute_5": 0.0000000000000399536624114332,
  "Minute_5_Fluctuation": 0.053436254394810194,
  "Minute_10": 0.0000000000000389901596600088,
  "Minute_10_Fluctuation": 0.06554211244046802,
  "Hour": 0.0000000000000392436237044818,
  "Hour_Fluctuation": 0.05533413536462999,
  "Day": 0.0000000000000392930637988835,
  "Day_Fluctuation": 0.05482233362164788,
  "ThreeDay": 0.0000000000000392930637988835,
  "ThreeDay_Fluctuation": 0.05482233362164788,
  "Week": 0.0000000000000392930637988835,
  "Week_Fluctuation": 0.05482233362164788,
  "Duration": "01:24:52.1883102",
  "Updated": "2021-01-27T12:38:12.1108433Z",
  "Failed": 0,
  "HashRate_Live": 0.0,
  "HashRate_Average": 545009.5967143968,
  "BlockRate_Live": 1.0,
  "BlockRate_Average": 1.770052922190248,
  "Actual24h_Week": 0.0000162404658727483,
  "Estimate24h_Week": 0.0000443763537398361,
  "ErrorRatio": 0.989368378146755
}
