{
  "Live": 0.00000000000004780381,
  "Minute": 0.00000000000004780381,
  "Minute_Fluctuation": 0.0,
  "Minute_5": 0.0000000000000475641315214232,
  "Minute_5_Fluctuation": 0.02665834420467971,
  "Minute_10": 0.0000000000000487217527209965,
  "Minute_10_Fluctuation": 0.059779691576413246,
  "Hour": 0.0000000000000504261809452754,
  "Hour_Fluctuation": 0.0525581052607428,
  "Day": 0.0000000000000505404463566344,
  "Day_Fluctuation": 0.05201686211052695,
  "ThreeDay": 0.0000000000000505404463566344,
  "ThreeDay_Fluctuation": 0.05201686211052695,
  "Week": 0.0000000000000505404463566344,
  "Week_Fluctuation": 0.05201686211052695,
  "Duration": "01:17:30.9429092",
  "Updated": "2021-01-27T12:36:08.8924334Z",
  "Failed": 0,
  "HashRate_Live": 0.0,
  "HashRate_Average": 0.0,
  "BlockRate_Live": 0.0,
  "BlockRate_Average": 0.0,
  "Actual24h_Week": 0.0000134835270009938,
  "Estimate24h_Week": 0.0000464731165410216,
  "ErrorRatio": 0.989124199212104
}
