{
  "Live": 0.00000000318093,
  "Minute": 0.00000000318093,
  "Minute_Fluctuation": 0.0,
  "Minute_5": 0.00000000317264051459314,
  "Minute_5_Fluctuation": 0.004003973267648711,
  "Minute_10": 0.00000000316324144594019,
  "Minute_10_Fluctuation": 0.005037915324855033,
  "Hour": 0.00000000312834758766096,
  "Hour_Fluctuation": 0.008412193489133678,
  "Day": 0.00000000312596212501824,
  "Day_Fluctuation": 0.008147426028603156,
  "ThreeDay": 0.00000000312596212501824,
  "ThreeDay_Fluctuation": 0.008147426028603156,
  "Week": 0.00000000312596212501824,
  "Week_Fluctuation": 0.008147426028603156,
  "Duration": "01:24:52.1883102",
  "Updated": "2021-01-27T12:38:12.2579437Z",
  "Failed": 0,
  "HashRate_Live": 55532.0,
  "HashRate_Average": 58059.40843009341,
  "BlockRate_Live": 175.0,
  "BlockRate_Average": 170.34796125960193,
  "Actual24h_Week": 0.0000029806143704445,
  "Estimate24h_Week": 0.00000274719839010599,
  "ErrorRatio": 1.0
}
