{
  "Live": 0.00000000000030837,
  "Minute": 0.00000000000030837,
  "Minute_Fluctuation": 0.0,
  "Minute_5": 0.000000000000308054762215384,
  "Minute_5_Fluctuation": 0.0012947062760753029,
  "Minute_10": 0.000000000000307884123189913,
  "Minute_10_Fluctuation": 0.0015239810987843364,
  "Hour": 0.000000000000307515021677249,
  "Hour_Fluctuation": 0.0025661923527058824,
  "Day": 0.000000000000307495983406758,
  "Day_Fluctuation": 0.0026400284771552086,
  "ThreeDay": 0.000000000000307495983406758,
  "ThreeDay_Fluctuation": 0.0026400284771552086,
  "Week": 0.000000000000307495983406758,
  "Week_Fluctuation": 0.0026400284771552086,
  "Duration": "01:24:52.1883102",
  "Updated": "2021-01-27T12:38:12.1658343Z",
  "Failed": 0,
  "HashRate_Live": 817276139.0,
  "HashRate_Average": 835994170.5220023,
  "BlockRate_Live": 371.0,
  "BlockRate_Average": 374.29784329429646,
  "Actual24h_Week": 0.000000348971740299201,
  "Estimate24h_Week": 0.000000339975649257366,
  "ErrorRatio": 1.0
}
