{
  "Live": 0.000000000005712,
  "Minute": 0.000000000005712,
  "Minute_Fluctuation": 0.0,
  "Minute_5": 0.00000000000582851135352997,
  "Minute_5_Fluctuation": 0.020215835036442267,
  "Minute_10": 0.00000000000589607415252195,
  "Minute_10_Fluctuation": 0.03201251479821292,
  "Hour": 0.00000000000595732054831278,
  "Hour_Fluctuation": 0.050057336124909965,
  "Day": 0.00000000000596024168879168,
  "Day_Fluctuation": 0.05157289968613171,
  "ThreeDay": 0.00000000000596024168879168,
  "ThreeDay_Fluctuation": 0.05157289968613174,
  "Week": 0.00000000000596024168879168,
  "Week_Fluctuation": 0.05157289968613171,
  "Duration": "01:24:52.1883102",
  "Updated": "2021-01-27T12:38:12.2710914Z",
  "Failed": 0,
  "HashRate_Live": 24521813.0,
  "HashRate_Average": 14222157.26174746,
  "BlockRate_Live": 213.0,
  "BlockRate_Average": 203.65126018148794,
  "Actual24h_Week": 0.00000498311323703779,
  "Estimate24h_Week": 0.00000567849192689858,
  "ErrorRatio": 0.997946574852986
}
