{
  "Live": 0.00000000024676,
  "Minute": 0.00000000024676,
  "Minute_Fluctuation": 0.0,
  "Minute_5": 0.000000000241058160607304,
  "Minute_5_Fluctuation": 0.019559098837323808,
  "Minute_10": 0.000000000237262504290991,
  "Minute_10_Fluctuation": 0.029485390096581358,
  "Hour": 0.000000000235004096042845,
  "Hour_Fluctuation": 0.034403600042133484,
  "Day": 0.000000000234788425971095,
  "Day_Fluctuation": 0.03492513081078725,
  "ThreeDay": 0.000000000234788425971095,
  "ThreeDay_Fluctuation": 0.03492513081078725,
  "Week": 0.000000000234788425971095,
  "Week_Fluctuation": 0.03492513081078725,
  "Duration": "01:24:52.1883102",
  "Updated": "2021-01-27T12:38:12.6466398Z",
  "Failed": 0,
  "HashRate_Live": 2786212.0,
  "HashRate_Average": 2829690.1422024644,
  "BlockRate_Live": 58.0,
  "BlockRate_Average": 57.970531112292385,
  "Actual24h_Week": 0.000000233084765281678,
  "Estimate24h_Week": 0.000000229983527438806,
  "ErrorRatio": 1.0
}
