{
  "Live": 0.0000000000101116,
  "Minute": 0.0000000000101116,
  "Minute_Fluctuation": 0.0,
  "Minute_5": 0.00000000000949037948518249,
  "Minute_5_Fluctuation": 0.06727044948585346,
  "Minute_10": 0.00000000000904957615560911,
  "Minute_10_Fluctuation": 0.0846732861865162,
  "Hour": 0.00000000000881754972780278,
  "Hour_Fluctuation": 0.1077975952875995,
  "Day": 0.00000000000879955208448147,
  "Day_Fluctuation": 0.10915683521410176,
  "ThreeDay": 0.00000000000879955208448147,
  "ThreeDay_Fluctuation": 0.10915683521410176,
  "Week": 0.00000000000879955208448147,
  "Week_Fluctuation": 0.10915683521410176,
  "Duration": "01:17:30.9429092",
  "Updated": "2021-01-27T12:38:13.2719705Z",
  "Failed": 0,
  "HashRate_Live": 214748.0,
  "HashRate_Average": 334325.92312979995,
  "BlockRate_Live": 31.0,
  "BlockRate_Average": 31.604773817686954,
  "Actual24h_Week": 0.00000897256969728222,
  "Estimate24h_Week": 0.00000996996242554538,
  "ErrorRatio": 0.998467294182783
}
