{
  "Live": 0.00000049954666,
  "Minute": 0.00000049954666,
  "Minute_Fluctuation": 0.0,
  "Minute_5": 0.000000911931617949046,
  "Minute_5_Fluctuation": 0.19953124519870039,
  "Minute_10": 0.00000102187744288156,
  "Minute_10_Fluctuation": 0.12861757650954975,
  "Hour": 0.000000982026927318321,
  "Hour_Fluctuation": 0.1668449912781949,
  "Day": 0.000000981418706934022,
  "Day_Fluctuation": 0.16415105818949371,
  "ThreeDay": 0.000000981418706934022,
  "ThreeDay_Fluctuation": 0.16415105818949371,
  "Week": 0.000000981418706934022,
  "Week_Fluctuation": 0.16415105818949374,
  "Duration": "01:17:30.9429092",
  "Updated": "2021-01-27T12:38:13.4873489Z",
  "Failed": 0,
  "HashRate_Live": 42.0,
  "HashRate_Average": 34.270118276051214,
  "BlockRate_Live": 19.0,
  "BlockRate_Average": 19.0,
  "Actual24h_Week": 0.000846637406638819,
  "Estimate24h_Week": 0.000853550594641081,
  "ErrorRatio": 0.99987591044474
}
