{
  "Live": 0.00000000261771,
  "Minute": 0.00000000261771,
  "Minute_Fluctuation": 0.0,
  "Minute_5": 0.00000000221250777686075,
  "Minute_5_Fluctuation": 0.21533202192593012,
  "Minute_10": 0.00000000210824622994619,
  "Minute_10_Fluctuation": 0.21352545366877748,
  "Hour": 0.00000000191897235982935,
  "Hour_Fluctuation": 0.2413366582852868,
  "Day": 0.0000000019141906217468,
  "Day_Fluctuation": 0.2423082208278314,
  "ThreeDay": 0.0000000019141906217468,
  "ThreeDay_Fluctuation": 0.2423082208278314,
  "Week": 0.0000000019141906217468,
  "Week_Fluctuation": 0.2423082208278314,
  "Duration": "01:17:30.9429092",
  "Updated": "2021-01-27T12:38:13.2188828Z",
  "Failed": 0,
  "HashRate_Live": 1476.0,
  "HashRate_Average": 1255.3185876442435,
  "BlockRate_Live": 27.0,
  "BlockRate_Average": 27.243989287605167,
  "Actual24h_Week": 0.00000296817150795374,
  "Estimate24h_Week": 0.00000239188579789142,
  "ErrorRatio": 1.0
}
