{
  "Live": 0.00000119948776,
  "Minute": 0.00000119948776,
  "Minute_Fluctuation": 0.0,
  "Minute_5": 0.00000120693613656507,
  "Minute_5_Fluctuation": 0.007646446617159862,
  "Minute_10": 0.00000121086430516027,
  "Minute_10_Fluctuation": 0.00991518323391899,
  "Hour": 0.00000118020673996674,
  "Hour_Fluctuation": 0.0278707561821579,
  "Day": 0.00000117916377642205,
  "Day_Fluctuation": 0.027954144900604723,
  "ThreeDay": 0.00000117916377642205,
  "ThreeDay_Fluctuation": 0.027954144900604726,
  "Week": 0.00000117916377642205,
  "Week_Fluctuation": 0.027954144900604726,
  "Duration": "01:17:30.9429092",
  "Updated": "2021-01-27T12:38:13.9937793Z",
  "Failed": 0,
  "HashRate_Live": 607.0,
  "HashRate_Average": 185.4117955640465,
  "BlockRate_Live": 15.0,
  "BlockRate_Average": 14.150611988932573,
  "Actual24h_Week": 0.000941147554896919,
  "Estimate24h_Week": 0.00116724790921436,
  "ErrorRatio": 0.997032270812771
}
