{
  "Live": 0.00000000000000618,
  "Minute": 0.00000000000000618,
  "Minute_Fluctuation": 0.0,
  "Minute_5": 0.0000000000000061801040176383,
  "Minute_5_Fluctuation": 9.161357756584859E-05,
  "Minute_10": 0.0000000000000061814393431745,
  "Minute_10_Fluctuation": 0.0006206294244988246,
  "Hour": 0.000000000000006201222832031,
  "Hour_Fluctuation": 0.0026793434162266563,
  "Day": 0.0000000000000062281146810248,
  "Day_Fluctuation": 0.0002960461280748946,
  "ThreeDay": 0.0000000000000062281684615692,
  "ThreeDay_Fluctuation": 0.0002877664127320451,
  "Week": 0.0000000000000062281684615692,
  "Week_Fluctuation": 0.0002877664127320451,
  "Duration": "1.01:16:25.6193212",
  "Updated": "2021-01-27T12:19:36.4918707Z",
  "Failed": 0,
  "HashRate_Live": 0.0,
  "HashRate_Average": 0.0,
  "BlockRate_Live": 0.0,
  "BlockRate_Average": 0.0,
  "Actual24h_Week": 0.0000325614390334212,
  "Estimate24h_Week": 0.000000319582921900116,
  "ErrorRatio": 1.05307429769907
}
