{
  "Live": 0.0000000013,
  "Minute": 0.0000000013,
  "Minute_Fluctuation": 0.02255639097744353,
  "Minute_5": 0.00000000131792245226156,
  "Minute_5_Fluctuation": 0.01787517460171392,
  "Minute_10": 0.00000000129824820377928,
  "Minute_10_Fluctuation": 0.03268086478522301,
  "Hour": 0.0000000012736187624951,
  "Hour_Fluctuation": 0.041899080821021034,
  "Day": 0.00000000135283240188471,
  "Day_Fluctuation": 0.0051121277322451345,
  "ThreeDay": 0.0000000013530138519927,
  "ThreeDay_Fluctuation": 0.004987597035269168,
  "Week": 0.0000000013530138519927,
  "Week_Fluctuation": 0.004987597035269168,
  "Duration": "1.01:27:41.9766011",
  "Updated": "2021-01-27T12:39:13.8054689Z",
  "Failed": 0,
  "HashRate_Live": 219638.0,
  "HashRate_Average": 219702.51372736972,
  "BlockRate_Live": 27.0,
  "BlockRate_Average": 22.072398340248693,
  "Actual24h_Week": 0.000000032510220833477,
  "Estimate24h_Week": 0.0000000473317882222588,
  "ErrorRatio": 0.912274752716109
}
