{
  "Live": 0.00000000000104035,
  "Minute": 0.00000000000104035,
  "Minute_Fluctuation": 0.0,
  "Minute_5": 0.00000000000119619539664877,
  "Minute_5_Fluctuation": 0.144609797428946,
  "Minute_10": 0.00000000000130660251192878,
  "Minute_10_Fluctuation": 0.12454836370191123,
  "Hour": 0.00000000000131127257342979,
  "Hour_Fluctuation": 0.11407879050039768,
  "Day": 0.00000000000131022833805885,
  "Day_Fluctuation": 0.111146424227344,
  "ThreeDay": 0.00000000000131022833805885,
  "ThreeDay_Fluctuation": 0.111146424227344,
  "Week": 0.00000000000131022833805885,
  "Week_Fluctuation": 0.111146424227344,
  "Duration": "01:24:52.1883102",
  "Updated": "2021-01-27T12:38:12.2309689Z",
  "Failed": 0,
  "HashRate_Live": 0.0,
  "HashRate_Average": 0.0,
  "BlockRate_Live": 0.0,
  "BlockRate_Average": 0.0,
  "Actual24h_Week": 0.0,
  "Estimate24h_Week": 0.00000134879758059104,
  "ErrorRatio": 0.983231643002826
}
