{
  "Live": 0.00000001382,
  "Minute": 0.00000001382,
  "Minute_Fluctuation": 0.00655498907501817,
  "Minute_5": 0.0000000140858406489074,
  "Minute_5_Fluctuation": 0.04411938136214734,
  "Minute_10": 0.0000000145968687888588,
  "Minute_10_Fluctuation": 0.05644590429072462,
  "Hour": 0.000000015300919064326,
  "Hour_Fluctuation": 0.04289537785447297,
  "Day": 0.000000014616200398131,
  "Day_Fluctuation": 0.005044761800913264,
  "ThreeDay": 0.0000000146145956350124,
  "ThreeDay_Fluctuation": 0.004913659158022315,
  "Week": 0.0000000146145956350124,
  "Week_Fluctuation": 0.004913659158022315,
  "Duration": "1.01:27:41.9766011",
  "Updated": "2021-01-27T12:39:13.3113977Z",
  "Failed": 0,
  "HashRate_Live": 340849.0,
  "HashRate_Average": 381352.24496010004,
  "BlockRate_Live": 153.0,
  "BlockRate_Average": 151.01565749368862,
  "Actual24h_Week": 0.000000699093598939186,
  "Estimate24h_Week": 0.000000683350662487004,
  "ErrorRatio": 1.00645394861645
}
