{
  "Live": 0.00000000000412824,
  "Minute": 0.00000000000412824,
  "Minute_Fluctuation": 0.0,
  "Minute_5": 0.00000000000412822990618923,
  "Minute_5_Fluctuation": 4.903940043043627E-06,
  "Minute_10": 0.0000000000041283379867269,
  "Minute_10_Fluctuation": 0.00023891252657089938,
  "Hour": 0.00000000000414545086141888,
  "Hour_Fluctuation": 0.013775314599133117,
  "Day": 0.00000000000414605369716222,
  "Day_Fluctuation": 0.014107027033967748,
  "ThreeDay": 0.00000000000414605369716222,
  "ThreeDay_Fluctuation": 0.014107027033967748,
  "Week": 0.00000000000414605369716222,
  "Week_Fluctuation": 0.014107027033967746,
  "Duration": "01:17:30.9429092",
  "Updated": "2021-01-27T12:38:13.1687294Z",
  "Failed": 0,
  "HashRate_Live": 13400298.0,
  "HashRate_Average": 13760168.49680095,
  "BlockRate_Live": 24.0,
  "BlockRate_Average": 25.20648438848086,
  "Actual24h_Week": 0.00000449802280313734,
  "Estimate24h_Week": 0.00000475553918556177,
  "ErrorRatio": 0.999170357048424
}
