{
  "Live": 0.00000000317,
  "Minute": 0.00000000317,
  "Minute_Fluctuation": 0.0,
  "Minute_5": 0.00000000316705576890218,
  "Minute_5_Fluctuation": 0.0075496412367303655,
  "Minute_10": 0.00000000317394382589671,
  "Minute_10_Fluctuation": 0.016765822905160262,
  "Hour": 0.00000000314211069832927,
  "Hour_Fluctuation": 0.013242832071395459,
  "Day": 0.00000000308388702987557,
  "Day_Fluctuation": 0.001301926421766703,
  "ThreeDay": 0.0000000030837641167292,
  "ThreeDay_Fluctuation": 0.0012631413915461184,
  "Week": 0.0000000030837641167292,
  "Week_Fluctuation": 0.0012631413915461184,
  "Duration": "1.01:16:25.6193212",
  "Updated": "2021-01-27T12:37:12.7543823Z",
  "Failed": 0,
  "HashRate_Live": 0.0,
  "HashRate_Average": 0.0,
  "BlockRate_Live": 0.0,
  "BlockRate_Average": 0.0,
  "Actual24h_Week": 0.000000154508850750159,
  "Estimate24h_Week": 0.000000142114864618385,
  "ErrorRatio": 1.02426616179885
}
