{
  "Live": 0.00000000000034383,
  "Minute": 0.00000000000034383,
  "Minute_Fluctuation": 0.0,
  "Minute_5": 0.000000000000343336911714346,
  "Minute_5_Fluctuation": 0.0034788835765910127,
  "Minute_10": 0.000000000000342711021031179,
  "Minute_10_Fluctuation": 0.004755399843138875,
  "Hour": 0.000000000000344359542712841,
  "Hour_Fluctuation": 0.011265014681568987,
  "Day": 0.00000000000034440181595006,
  "Day_Fluctuation": 0.011511810524569368,
  "ThreeDay": 0.00000000000034440181595006,
  "ThreeDay_Fluctuation": 0.011511810524569368,
  "Week": 0.00000000000034440181595006,
  "Week_Fluctuation": 0.011511810524569368,
  "Duration": "01:17:30.9429092",
  "Updated": "2021-01-27T12:38:13.5558229Z",
  "Failed": 0,
  "HashRate_Live": 204901544.0,
  "HashRate_Average": 178299963.18891472,
  "BlockRate_Live": 510.0,
  "BlockRate_Average": 529.2842193664396,
  "Actual24h_Week": 0.00000024688802475989,
  "Estimate24h_Week": 0.00000034,
  "ErrorRatio": 0.99580421957595
}
