{
  "Live": 0.00000000000000000667494746,
  "Minute": 0.00000000000000000667494746,
  "Minute_Fluctuation": 0.0,
  "Minute_5": 0.0000000000000000066727043406,
  "Minute_5_Fluctuation": 0.0008102283185105083,
  "Minute_10": 0.000000000000000006663129939,
  "Minute_10_Fluctuation": 0.0035629254662947842,
  "Hour": 0.0000000000000000066056744873,
  "Hour_Fluctuation": 0.004225888066791017,
  "Day": 0.0000000000000000066012150258,
  "Day_Fluctuation": 0.0037985400838556954,
  "ThreeDay": 0.0000000000000000066012150258,
  "ThreeDay_Fluctuation": 0.0037985400838556954,
  "Week": 0.0000000000000000066012150258,
  "Week_Fluctuation": 0.0037985400838556954,
  "Duration": "01:24:52.1883102",
  "Updated": "2021-01-27T12:38:11.9680891Z",
  "Failed": 0,
  "HashRate_Live": 0.0,
  "HashRate_Average": 0.0,
  "BlockRate_Live": 0.0,
  "BlockRate_Average": 0.0,
  "Actual24h_Week": 0.0,
  "Estimate24h_Week": 0.00661263207580296,
  "ErrorRatio": 0.983231643002826
}
