{
  "Live": 0.00000001132,
  "Minute": 0.00000001132,
  "Minute_Fluctuation": 0.001769911504424736,
  "Minute_5": 0.0000000112530666769187,
  "Minute_5_Fluctuation": 0.039082422708052025,
  "Minute_10": 0.0000000108437290059374,
  "Minute_10_Fluctuation": 0.09352900256100682,
  "Hour": 0.0000000106762210956453,
  "Hour_Fluctuation": 0.06870517682578858,
  "Day": 0.0000000108621758103555,
  "Day_Fluctuation": 0.004275411873122607,
  "ThreeDay": 0.000000010862667137952,
  "ThreeDay_Fluctuation": 0.0041461395057125015,
  "Week": 0.000000010862667137952,
  "Week_Fluctuation": 0.0041461395057125015,
  "Duration": "1.01:16:25.6193212",
  "Updated": "2021-01-27T12:39:16.684278Z",
  "Failed": 0,
  "HashRate_Live": 20085.0,
  "HashRate_Average": 22605.649884169816,
  "BlockRate_Live": 26.0,
  "BlockRate_Average": 25.821439147574207,
  "Actual24h_Week": 0.000000676201499189936,
  "Estimate24h_Week": 0.000000605350708859957,
  "ErrorRatio": 1.03256621101768
}
