{
  "Live": 0.00000000000010734265,
  "Minute": 0.00000000000010734265,
  "Minute_Fluctuation": 0.0,
  "Minute_5": 0.0000000000000961891320525179,
  "Minute_5_Fluctuation": 0.1705428097613884,
  "Minute_10": 0.0000000000000873985432452056,
  "Minute_10_Fluctuation": 0.1533368049945082,
  "Hour": 0.0000000000000722286163410729,
  "Hour_Fluctuation": 0.13118260683901656,
  "Day": 0.0000000000000712634616953698,
  "Day_Fluctuation": 0.12445052473761238,
  "ThreeDay": 0.0000000000000712634616953698,
  "ThreeDay_Fluctuation": 0.1244505247376124,
  "Week": 0.0000000000000712634616953698,
  "Week_Fluctuation": 0.12445052473761238,
  "Duration": "01:24:52.1883102",
  "Updated": "2021-01-27T12:38:12.2751156Z",
  "Failed": 0,
  "HashRate_Live": 748665592.0,
  "HashRate_Average": 41305818.63143775,
  "BlockRate_Live": 12.0,
  "BlockRate_Average": 12.0,
  "Actual24h_Week": 0.0000411899094926903,
  "Estimate24h_Week": 0.0000881597033103415,
  "ErrorRatio": 0.991066141998624
}
