{
  "Live": 0.0000000000000448881,
  "Minute": 0.0000000000000448881,
  "Minute_Fluctuation": 0.0,
  "Minute_5": 0.0000000000000440269368376376,
  "Minute_5_Fluctuation": 0.05490670173538875,
  "Minute_10": 0.0000000000000430952427164071,
  "Minute_10_Fluctuation": 0.06568065404458999,
  "Hour": 0.000000000000043511077871826,
  "Hour_Fluctuation": 0.06629036613081501,
  "Day": 0.0000000000000435780693891628,
  "Day_Fluctuation": 0.06670192185938562,
  "ThreeDay": 0.0000000000000435780693891628,
  "ThreeDay_Fluctuation": 0.0667019218593856,
  "Week": 0.0000000000000435780693891628,
  "Week_Fluctuation": 0.0667019218593856,
  "Duration": "01:24:52.1883102",
  "Updated": "2021-01-27T12:38:12.371003Z",
  "Failed": 0,
  "HashRate_Live": 0.0,
  "HashRate_Average": 0.0,
  "BlockRate_Live": 0.0,
  "BlockRate_Average": 0.0,
  "Actual24h_Week": 0.0,
  "Estimate24h_Week": 0.0000431971257305141,
  "ErrorRatio": 0.983231643002826
}
