{
  "Live": 0.00000000000000016781,
  "Minute": 0.00000000000000016781,
  "Minute_Fluctuation": 0.0,
  "Minute_5": 0.0000000000000001568985676193,
  "Minute_5_Fluctuation": 0.08779810247679964,
  "Minute_10": 0.000000000000000148325069786,
  "Minute_10_Fluctuation": 0.10463085767042457,
  "Hour": 0.0000000000000001749407019029,
  "Hour_Fluctuation": 0.20766698444046539,
  "Day": 0.0000000000000001757152552018,
  "Day_Fluctuation": 0.2105762267905609,
  "ThreeDay": 0.0000000000000001757152552018,
  "ThreeDay_Fluctuation": 0.2105762267905609,
  "Week": 0.0000000000000001757152552018,
  "Week_Fluctuation": 0.2105762267905609,
  "Duration": "01:17:30.9429092",
  "Updated": "2021-01-27T12:36:09.7815Z",
  "Failed": 0,
  "HashRate_Live": 0.0,
  "HashRate_Average": 0.0,
  "BlockRate_Live": 0.0,
  "BlockRate_Average": 0.0,
  "Actual24h_Week": 0.00000001,
  "Estimate24h_Week": 0.000000307156221446438,
  "ErrorRatio": 0.985177835096334
}
