{
  "Live": 0.00000000000009320612,
  "Minute": 0.00000000000009320612,
  "Minute_Fluctuation": 0.0,
  "Minute_5": 0.000000000000087663713701542,
  "Minute_5_Fluctuation": 0.12971584597184418,
  "Minute_10": 0.0000000000000892089399598808,
  "Minute_10_Fluctuation": 0.12663597894134362,
  "Hour": 0.0000000000000851299740218558,
  "Hour_Fluctuation": 0.1592762618847959,
  "Day": 0.0000000000000847401773926272,
  "Day_Fluctuation": 0.16000831838158355,
  "ThreeDay": 0.0000000000000847401773926272,
  "ThreeDay_Fluctuation": 0.16000831838158355,
  "Week": 0.0000000000000847401773926272,
  "Week_Fluctuation": 0.16000831838158355,
  "Duration": "01:24:52.1883102",
  "Updated": "2021-01-27T12:38:12.0655106Z",
  "Failed": 0,
  "HashRate_Live": 61941035.0,
  "HashRate_Average": 463336456.4613073,
  "BlockRate_Live": 18.0,
  "BlockRate_Average": 16.10893046035369,
  "Actual24h_Week": 0.0000133663859178633,
  "Estimate24h_Week": 0.0000692820982189664,
  "ErrorRatio": 0.986466711463432
}
