{
  "Live": 0.0000000000266613,
  "Minute": 0.0000000000266613,
  "Minute_Fluctuation": 0.0,
  "Minute_5": 0.0000000000266613012455423,
  "Minute_5_Fluctuation": 4.299887216147142E-07,
  "Minute_10": 0.0000000000266617858564111,
  "Minute_10_Fluctuation": 0.00011737075947287535,
  "Hour": 0.0000000000267247759019597,
  "Hour_Fluctuation": 0.0029351191054786127,
  "Day": 0.0000000000267291167915919,
  "Day_Fluctuation": 0.0029653638932103234,
  "ThreeDay": 0.0000000000267291167915919,
  "ThreeDay_Fluctuation": 0.0029653638932103234,
  "Week": 0.0000000000267291167915919,
  "Week_Fluctuation": 0.0029653638932103234,
  "Duration": "01:24:52.1883102",
  "Updated": "2021-01-27T12:38:12.213003Z",
  "Failed": 0,
  "HashRate_Live": 35478964.0,
  "HashRate_Average": 36479737.987807035,
  "BlockRate_Live": 1.0,
  "BlockRate_Average": 1.0,
  "Actual24h_Week": 0.0000182960423926456,
  "Estimate24h_Week": 0.0000266327667033904,
  "ErrorRatio": 0.994751083468478
}
