{
  "Live": 0.00000000000016476,
  "Minute": 0.00000000000016476,
  "Minute_Fluctuation": 0.0285950120865515,
  "Minute_5": 0.000000000000171784924512788,
  "Minute_5_Fluctuation": 0.06672150859651739,
  "Minute_10": 0.000000000000188280355471701,
  "Minute_10_Fluctuation": 0.18218567330141178,
  "Hour": 0.000000000000256914408273335,
  "Hour_Fluctuation": 0.27742378689720243,
  "Day": 0.000000000000278416676152401,
  "Day_Fluctuation": 0.01883482870752772,
  "ThreeDay": 0.000000000000278461730614369,
  "ThreeDay_Fluctuation": 0.018295329193713773,
  "Week": 0.000000000000278461730614369,
  "Week_Fluctuation": 0.018295329193713773,
  "Duration": "1.01:16:25.6193212",
  "Updated": "2021-01-27T12:39:17.6254853Z",
  "Failed": 0,
  "HashRate_Live": 879609.0,
  "HashRate_Average": 457230.36668879795,
  "BlockRate_Live": 0.0,
  "BlockRate_Average": 0.0,
  "Actual24h_Week": 0.0000179012711241829,
  "Estimate24h_Week": 0.0000141013219000795,
  "ErrorRatio": 1.05307429769907
}
