{
  "Live": 0.00000000138845,
  "Minute": 0.00000000138845,
  "Minute_Fluctuation": 0.0,
  "Minute_5": 0.00000000139407806503548,
  "Minute_5_Fluctuation": 0.012836683409342046,
  "Minute_10": 0.00000000140991463245157,
  "Minute_10_Fluctuation": 0.03186955090332962,
  "Hour": 0.00000000136227875805188,
  "Hour_Fluctuation": 0.08418668969772734,
  "Day": 0.00000000136117511914017,
  "Day_Fluctuation": 0.08631216924773837,
  "ThreeDay": 0.00000000136117511914017,
  "ThreeDay_Fluctuation": 0.08631216924773835,
  "Week": 0.00000000136117511914017,
  "Week_Fluctuation": 0.08631216924773835,
  "Duration": "01:17:30.9429092",
  "Updated": "2021-01-27T12:38:13.0406807Z",
  "Failed": 0,
  "HashRate_Live": 577297.0,
  "HashRate_Average": 160472.2097613368,
  "BlockRate_Live": 2.0,
  "BlockRate_Average": 2.0,
  "Actual24h_Week": 0.00000144917915425801,
  "Estimate24h_Week": 0.00000129284377855356,
  "ErrorRatio": 1.0
}
