{
  "Live": 0.00000000000000002,
  "Minute": 0.00000000000000002,
  "Minute_Fluctuation": 0.0,
  "Minute_5": 0.00000000000000002,
  "Minute_5_Fluctuation": 4.401202127134408E-20,
  "Minute_10": 0.00000000000000002,
  "Minute_10_Fluctuation": 1.5404665847479196E-16,
  "Hour": 0.00000000000000002,
  "Hour_Fluctuation": 1.144588204348127E-16,
  "Day": 0.00000000000000002,
  "Day_Fluctuation": 8.3946525296717E-18,
  "ThreeDay": 0.00000000000000002,
  "ThreeDay_Fluctuation": 8.139598714462266E-18,
  "Week": 0.00000000000000002,
  "Week_Fluctuation": 8.139598714462264E-18,
  "Duration": "1.01:27:41.9766011",
  "Updated": "2021-01-27T12:39:13.2552393Z",
  "Failed": 0,
  "HashRate_Live": 7799202480.0,
  "HashRate_Average": 8927583464.10807,
  "BlockRate_Live": 20.0,
  "BlockRate_Average": 19.672482984953074,
  "Actual24h_Week": 0.00000000118218984849007,
  "Estimate24h_Week": 0.00000000118218984849007,
  "ErrorRatio": 1.0
}
