{
  "Live": 0.00000000000093821201,
  "Minute": 0.00000000000093821201,
  "Minute_Fluctuation": 0.0,
  "Minute_5": 0.00000000000100229848433227,
  "Minute_5_Fluctuation": 0.1030075721442726,
  "Minute_10": 0.000000000000970036888096551,
  "Minute_10_Fluctuation": 0.13206278828761073,
  "Hour": 0.000000000000701463632929759,
  "Hour_Fluctuation": 0.27168119252385314,
  "Day": 0.000000000000690225735106978,
  "Day_Fluctuation": 0.264376484959939,
  "ThreeDay": 0.000000000000690225735106978,
  "ThreeDay_Fluctuation": 0.264376484959939,
  "Week": 0.000000000000690225735106978,
  "Week_Fluctuation": 0.2643764849599391,
  "Duration": "01:17:30.9429092",
  "Updated": "2021-01-27T12:38:13.1777087Z",
  "Failed": 0,
  "HashRate_Live": 25197141.0,
  "HashRate_Average": 14867755.760410892,
  "BlockRate_Live": 37.0,
  "BlockRate_Average": 39.15851937064487,
  "Actual24h_Week": 0.000518525799224302,
  "Estimate24h_Week": 0.000575680184206336,
  "ErrorRatio": 0.99847891177321
}
