{
  "Live": 0.00000000096,
  "Minute": 0.00000000096,
  "Minute_Fluctuation": 0.0,
  "Minute_5": 0.000000000949430505127233,
  "Minute_5_Fluctuation": 0.0644592124942476,
  "Minute_10": 0.00000000090160593525705,
  "Minute_10_Fluctuation": 0.10006094202230137,
  "Hour": 0.000000000864992471373237,
  "Hour_Fluctuation": 0.07186564837992218,
  "Day": 0.000000000925346285408754,
  "Day_Fluctuation": 0.006045223185687539,
  "ThreeDay": 0.000000000925502474831228,
  "ThreeDay_Fluctuation": 0.005849778834303045,
  "Week": 0.000000000925502474831228,
  "Week_Fluctuation": 0.005849778834303045,
  "Duration": "1.01:27:41.9766011",
  "Updated": "2021-01-27T12:39:13.8414016Z",
  "Failed": 0,
  "HashRate_Live": 15513.0,
  "HashRate_Average": 13199.250529334695,
  "BlockRate_Live": 27.0,
  "BlockRate_Average": 27.37521610286126,
  "Actual24h_Week": 0.0000000513835470432411,
  "Estimate24h_Week": 0.000000049060878712338,
  "ErrorRatio": 1.01326280110652
}
