{
  "Live": 0.00000000000000000532212998,
  "Minute": 0.00000000000000000532212998,
  "Minute_Fluctuation": 0.0,
  "Minute_5": 0.0000000000000000053229774836,
  "Minute_5_Fluctuation": 0.00035757546971539793,
  "Minute_10": 0.0000000000000000053212283523,
  "Minute_10_Fluctuation": 0.0012728629451149603,
  "Hour": 0.0000000000000000052933373334,
  "Hour_Fluctuation": 0.0033929930908830983,
  "Day": 0.0000000000000000052912291944,
  "Day_Fluctuation": 0.003208779145324163,
  "ThreeDay": 0.0000000000000000052912291944,
  "ThreeDay_Fluctuation": 0.003208779145324163,
  "Week": 0.0000000000000000052912291944,
  "Week_Fluctuation": 0.003208779145324163,
  "Duration": "01:24:52.1883102",
  "Updated": "2021-01-27T12:38:12.3027938Z",
  "Failed": 0,
  "HashRate_Live": 0.0,
  "HashRate_Average": 0.0,
  "BlockRate_Live": 3.0,
  "BlockRate_Average": 3.0,
  "Actual24h_Week": 0.00109600738770791,
  "Estimate24h_Week": 0.00534065605583543,
  "ErrorRatio": 0.986672838795344
}
