{
  "Live": 0.00000000000000002,
  "Minute": 0.00000000000000002,
  "Minute_Fluctuation": 0.0,
  "Minute_5": 0.00000000000000002,
  "Minute_5_Fluctuation": 0.0,
  "Minute_10": 0.00000000000000002,
  "Minute_10_Fluctuation": 0.0,
  "Hour": 0.00000000000000002,
  "Hour_Fluctuation": 0.0,
  "Day": 0.00000000000000002,
  "Day_Fluctuation": 0.0,
  "ThreeDay": 0.00000000000000002,
  "ThreeDay_Fluctuation": 0.0,
  "Week": 0.00000000000000002,
  "Week_Fluctuation": 0.0,
  "Duration": "1.01:16:25.6193212",
  "Updated": "2021-01-27T11:22:56.6525915Z",
  "Failed": 0,
  "HashRate_Live": 0.0,
  "HashRate_Average": 0.0,
  "BlockRate_Live": 0.0,
  "BlockRate_Average": 0.0,
  "Actual24h_Week": 0.00000000103424893818808,
  "Estimate24h_Week": 0.00000000103424893818808,
  "ErrorRatio": 1.0
}
