{
  "Live": 0.0000000000000156401,
  "Minute": 0.0000000000000156401,
  "Minute_Fluctuation": 0.0,
  "Minute_5": 0.0000000000000148758983315135,
  "Minute_5_Fluctuation": 0.1577355018902139,
  "Minute_10": 0.0000000000000138399036124827,
  "Minute_10_Fluctuation": 0.19388207033734964,
  "Hour": 0.0000000000000142262881960878,
  "Hour_Fluctuation": 0.17292676259002743,
  "Day": 0.0000000000000142823770321293,
  "Day_Fluctuation": 0.17277366620646775,
  "ThreeDay": 0.0000000000000142823770321293,
  "ThreeDay_Fluctuation": 0.17277366620646775,
  "Week": 0.0000000000000142823770321293,
  "Week_Fluctuation": 0.17277366620646775,
  "Duration": "01:24:52.1883102",
  "Updated": "2021-01-27T12:38:12.6749362Z",
  "Failed": 0,
  "HashRate_Live": 0.0,
  "HashRate_Average": 0.0,
  "BlockRate_Live": 0.0,
  "BlockRate_Average": 0.0,
  "Actual24h_Week": 0.0,
  "Estimate24h_Week": 0.0000165968679937063,
  "ErrorRatio": 0.983231643002826
}
