{
  "Live": 0.00000000000000215346,
  "Minute": 0.00000000000000215346,
  "Minute_Fluctuation": 0.0,
  "Minute_5": 0.0000000000000022052661647465,
  "Minute_5_Fluctuation": 0.03777708546620959,
  "Minute_10": 0.0000000000000022649496608447,
  "Minute_10_Fluctuation": 0.05398821684461076,
  "Hour": 0.0000000000000021837908026718,
  "Hour_Fluctuation": 0.13523568409120051,
  "Day": 0.0000000000000021831761337718,
  "Day_Fluctuation": 0.1376007942670715,
  "ThreeDay": 0.0000000000000021831761337718,
  "ThreeDay_Fluctuation": 0.1376007942670715,
  "Week": 0.0000000000000021831761337718,
  "Week_Fluctuation": 0.1376007942670715,
  "Duration": "01:14:13.4715784",
  "Updated": "2021-01-27T12:38:13.4620302Z",
  "Failed": 0,
  "HashRate_Live": 0.0,
  "HashRate_Average": 0.0,
  "BlockRate_Live": 0.0,
  "BlockRate_Average": 0.0,
  "Actual24h_Week": 0.0,
  "Estimate24h_Week": 0.00254574629912985,
  "ErrorRatio": 0.985327133231401
}
