{
  "Live": 0.00000000000000000721805,
  "Minute": 0.00000000000000000721805,
  "Minute_Fluctuation": 0.0,
  "Minute_5": 0.0000000000000000070949106985,
  "Minute_5_Fluctuation": 0.040999181196890645,
  "Minute_10": 0.0000000000000000068209423915,
  "Minute_10_Fluctuation": 0.07964661779142596,
  "Hour": 0.0000000000000000059905978726,
  "Hour_Fluctuation": 0.08880750106307789,
  "Day": 0.0000000000000000059280480129,
  "Day_Fluctuation": 0.08338376431785344,
  "ThreeDay": 0.0000000000000000059280480129,
  "ThreeDay_Fluctuation": 0.08338376431785344,
  "Week": 0.0000000000000000059280480129,
  "Week_Fluctuation": 0.08338376431785344,
  "Duration": "01:24:52.1883102",
  "Updated": "2021-01-27T12:38:12.7684561Z",
  "Failed": 0,
  "HashRate_Live": 3414015856586.0,
  "HashRate_Average": 3410615068852.449,
  "BlockRate_Live": 37.0,
  "BlockRate_Average": 35.982300653766465,
  "Actual24h_Week": 0.0000044679557345503,
  "Estimate24h_Week": 0.00000784872107314637,
  "ErrorRatio": 0.992777182474326
}
