{
  "Live": 0.00000000000047185,
  "Minute": 0.00000000000047185,
  "Minute_Fluctuation": 0.0,
  "Minute_5": 0.00000000000047408575491697,
  "Minute_5_Fluctuation": 0.00964136326520736,
  "Minute_10": 0.000000000000479422562068055,
  "Minute_10_Fluctuation": 0.023530312459331477,
  "Hour": 0.000000000000518233756484425,
  "Hour_Fluctuation": 0.05438506230472601,
  "Day": 0.000000000000521039480815164,
  "Day_Fluctuation": 0.05235162702503683,
  "ThreeDay": 0.000000000000521039480815164,
  "ThreeDay_Fluctuation": 0.05235162702503683,
  "Week": 0.000000000000521039480815164,
  "Week_Fluctuation": 0.05235162702503683,
  "Duration": "01:24:52.1883102",
  "Updated": "2021-01-27T12:38:12.1065255Z",
  "Failed": 0,
  "HashRate_Live": 7352028446.0,
  "HashRate_Average": 7371406190.154965,
  "BlockRate_Live": 100.0,
  "BlockRate_Average": 100.21302253014808,
  "Actual24h_Week": 0.000000454542643495001,
  "Estimate24h_Week": 0.00000050624652826478,
  "ErrorRatio": 0.998287417000306
}
