{
  "Live": 0.00000000000030837,
  "Minute": 0.00000000000030837,
  "Minute_Fluctuation": 0.0,
  "Minute_5": 0.000000000000308054664978339,
  "Minute_5_Fluctuation": 0.0012944416189375118,
  "Minute_10": 0.000000000000307882429591978,
  "Minute_10_Fluctuation": 0.0015250424279151078,
  "Hour": 0.00000000000030753499586086,
  "Hour_Fluctuation": 0.002545226606648719,
  "Day": 0.000000000000307521951725003,
  "Day_Fluctuation": 0.002576420836819258,
  "ThreeDay": 0.000000000000307521951725003,
  "ThreeDay_Fluctuation": 0.002576420836819258,
  "Week": 0.000000000000307521951725003,
  "Week_Fluctuation": 0.002576420836819258,
  "Duration": "01:17:30.9429092",
  "Updated": "2021-01-27T12:38:13.2975405Z",
  "Failed": 0,
  "HashRate_Live": 0.0,
  "HashRate_Average": 0.0,
  "BlockRate_Live": 6.0,
  "BlockRate_Average": 10.189173016548615,
  "Actual24h_Week": 0.000000348904059224892,
  "Estimate24h_Week": 0.00000034,
  "ErrorRatio": 1.0
}
