{
  "Live": 0.00000000000000000561229971,
  "Minute": 0.00000000000000000561229971,
  "Minute_Fluctuation": 0.0,
  "Minute_5": 0.0000000000000000058805994936,
  "Minute_5_Fluctuation": 0.08696795738762557,
  "Minute_10": 0.0000000000000000062395939253,
  "Minute_10_Fluctuation": 0.10380488281739178,
  "Hour": 0.0000000000000000064630008261,
  "Hour_Fluctuation": 0.04216682994959036,
  "Day": 0.0000000000000000064775405191,
  "Day_Fluctuation": 0.039133932347030206,
  "ThreeDay": 0.0000000000000000064775405191,
  "ThreeDay_Fluctuation": 0.0391339323470302,
  "Week": 0.0000000000000000064775405191,
  "Week_Fluctuation": 0.0391339323470302,
  "Duration": "01:17:30.9429092",
  "Updated": "2021-01-27T12:38:13.0576907Z",
  "Failed": 0,
  "HashRate_Live": 0.0,
  "HashRate_Average": 67829332833249.17,
  "BlockRate_Live": 6.0,
  "BlockRate_Average": 5.202629878130817,
  "Actual24h_Week": 0.00397517901485475,
  "Estimate24h_Week": 0.0063962398049996,
  "ErrorRatio": 0.994200813360494
}
