{
  "Live": 0.00000000000000005088,
  "Minute": 0.00000000000000005088,
  "Minute_Fluctuation": 0.0,
  "Minute_5": 0.0000000000000000513011929325,
  "Minute_5_Fluctuation": 0.03333044822121245,
  "Minute_10": 0.0000000000000000521692322159,
  "Minute_10_Fluctuation": 0.052739589165816565,
  "Hour": 0.0000000000000000454001357952,
  "Hour_Fluctuation": 0.18950708299222405,
  "Day": 0.0000000000000000451804722644,
  "Day_Fluctuation": 0.19122254079434373,
  "ThreeDay": 0.0000000000000000451804722644,
  "ThreeDay_Fluctuation": 0.19122254079434373,
  "Week": 0.0000000000000000451804722644,
  "Week_Fluctuation": 0.19122254079434373,
  "Duration": "01:17:30.9429092",
  "Updated": "2021-01-27T12:38:13.5766776Z",
  "Failed": 0,
  "HashRate_Live": 0.0,
  "HashRate_Average": 0.0,
  "BlockRate_Live": 0.0,
  "BlockRate_Average": 0.0,
  "Actual24h_Week": 0.0,
  "Estimate24h_Week": 0.00000004,
  "ErrorRatio": 0.984679034673057
}
