{
  "Live": 0.00000000000000014,
  "Minute": 0.00000000000000014,
  "Minute_Fluctuation": 0.07692307692307684,
  "Minute_5": 0.0000000000000001295490079443,
  "Minute_5_Fluctuation": 0.11786087360741056,
  "Minute_10": 0.0000000000000001187827626374,
  "Minute_10_Fluctuation": 0.2964360762309624,
  "Hour": 0.0000000000000001407376031654,
  "Hour_Fluctuation": 0.20618059204943617,
  "Day": 0.0000000000000001684980140361,
  "Day_Fluctuation": 0.01515871117672166,
  "ThreeDay": 0.0000000000000001685614468863,
  "ThreeDay_Fluctuation": 0.014687047733144578,
  "Week": 0.0000000000000001685614468863,
  "Week_Fluctuation": 0.014687047733144578,
  "Duration": "1.01:16:25.6193212",
  "Updated": "2021-01-27T12:39:17.103071Z",
  "Failed": 0,
  "HashRate_Live": 1049725741270.0,
  "HashRate_Average": 2131241243686.324,
  "BlockRate_Live": 0.0,
  "BlockRate_Average": 0.0,
  "Actual24h_Week": 0.00000000656108050932686,
  "Estimate24h_Week": 0.00000000683710347253205,
  "ErrorRatio": 0.988766821756431
}
