{
  "Live": 0.00000000000000000000304407,
  "Minute": 0.00000000000000000000304407,
  "Minute_Fluctuation": 0.0,
  "Minute_5": 0.0000000000000000000034255221,
  "Minute_5_Fluctuation": 0.04830171942164322,
  "Minute_10": 0.0000000000000000000037682836,
  "Minute_10_Fluctuation": 0.06776098497127254,
  "Hour": 0.0000000000000000000043026972,
  "Hour_Fluctuation": 0.04932491718129277,
  "Day": 0.0000000000000000000043386632,
  "Day_Fluctuation": 0.047212475682209314,
  "ThreeDay": 0.0000000000000000000043386632,
  "ThreeDay_Fluctuation": 0.04721247568220932,
  "Week": 0.0000000000000000000043386632,
  "Week_Fluctuation": 0.04721247568220932,
  "Duration": "01:24:52.1883102",
  "Updated": "2021-01-27T12:38:11.9981987Z",
  "Failed": 0,
  "HashRate_Live": 0.0,
  "HashRate_Average": 0.0,
  "BlockRate_Live": 133.0,
  "BlockRate_Average": 132.50277286647375,
  "Actual24h_Week": 0.0,
  "Estimate24h_Week": 0.00000429885361421,
  "ErrorRatio": 0.983231643002826
}
