{
  "Live": 0.00000000000000000656431806,
  "Minute": 0.00000000000000000656431806,
  "Minute_Fluctuation": 0.0,
  "Minute_5": 0.0000000000000000065644075169,
  "Minute_5_Fluctuation": 0.00010979638690743426,
  "Minute_10": 0.0000000000000000065702731319,
  "Minute_10_Fluctuation": 0.004182465116515635,
  "Hour": 0.0000000000000000067936814182,
  "Hour_Fluctuation": 0.033876303563200906,
  "Day": 0.0000000000000000068017039723,
  "Day_Fluctuation": 0.03384226227764374,
  "ThreeDay": 0.0000000000000000068017039723,
  "ThreeDay_Fluctuation": 0.03384226227764374,
  "Week": 0.0000000000000000068017039723,
  "Week_Fluctuation": 0.03384226227764374,
  "Duration": "01:17:30.9429092",
  "Updated": "2021-01-27T12:38:13.143025Z",
  "Failed": 0,
  "HashRate_Live": 0.0,
  "HashRate_Average": 0.0,
  "BlockRate_Live": 0.0,
  "BlockRate_Average": 0.0,
  "Actual24h_Week": 0.0,
  "Estimate24h_Week": 0.0065879132335196,
  "ErrorRatio": 0.984679034673057
}
