{
  "Live": 0.00000000000000618,
  "Minute": 0.00000000000000618,
  "Minute_Fluctuation": 0.0,
  "Minute_5": 0.0000000000000061801040179926,
  "Minute_5_Fluctuation": 9.161419026412109E-05,
  "Minute_10": 0.0000000000000061814408601861,
  "Minute_10_Fluctuation": 0.000621669267295879,
  "Hour": 0.0000000000000062013891596539,
  "Hour_Fluctuation": 0.0026852431844804608,
  "Day": 0.0000000000000062281367783724,
  "Day_Fluctuation": 0.00029267511515917435,
  "ThreeDay": 0.000000000000006228203896693,
  "ThreeDay_Fluctuation": 0.00028233931725342876,
  "Week": 0.000000000000006228203896693,
  "Week_Fluctuation": 0.00028233931725342876,
  "Duration": "1.01:27:41.9766011",
  "Updated": "2021-01-27T12:39:13.0995139Z",
  "Failed": 0,
  "HashRate_Live": 18325194.0,
  "HashRate_Average": 10680351.216073604,
  "BlockRate_Live": 1.0,
  "BlockRate_Average": 1.0,
  "Actual24h_Week": 0.0000361247017538572,
  "Estimate24h_Week": 0.000000365296663183432,
  "ErrorRatio": 1.06090250695718
}
