{
  "Live": 0.00000000036057,
  "Minute": 0.00000000036057,
  "Minute_Fluctuation": 0.0,
  "Minute_5": 0.000000000360569900565504,
  "Minute_5_Fluctuation": 3.3660139489108084E-06,
  "Minute_10": 0.000000000360544716613792,
  "Minute_10_Fluctuation": 0.000356186073492215,
  "Hour": 0.000000000359318612242908,
  "Hour_Fluctuation": 0.0028842642033796826,
  "Day": 0.000000000359233034315335,
  "Day_Fluctuation": 0.0028314641202178774,
  "ThreeDay": 0.000000000359233034315335,
  "ThreeDay_Fluctuation": 0.0028314641202178774,
  "Week": 0.000000000359233034315335,
  "Week_Fluctuation": 0.0028314641202178774,
  "Duration": "01:24:52.1883102",
  "Updated": "2021-01-27T11:56:44.7406292Z",
  "Failed": 0,
  "HashRate_Live": 0.0,
  "HashRate_Average": 0.0,
  "BlockRate_Live": 32.0,
  "BlockRate_Average": 32.0,
  "Actual24h_Week": 0.0000000199985676033745,
  "Estimate24h_Week": 0.000000749946285126542,
  "ErrorRatio": 0.983678799189418
}
