{
  "Live": 0.00000000000000281567,
  "Minute": 0.00000000000000281567,
  "Minute_Fluctuation": 0.0,
  "Minute_5": 0.0000000000000025906179056577,
  "Minute_5_Fluctuation": 0.0978364378411066,
  "Minute_10": 0.0000000000000025856012217968,
  "Minute_10_Fluctuation": 0.11462192425782715,
  "Hour": 0.0000000000000027486802298218,
  "Hour_Fluctuation": 0.24373400834673492,
  "Day": 0.0000000000000027574661733947,
  "Day_Fluctuation": 0.24858551048722718,
  "ThreeDay": 0.0000000000000027574661733947,
  "ThreeDay_Fluctuation": 0.24858551048722718,
  "Week": 0.0000000000000027574661733947,
  "Week_Fluctuation": 0.24858551048722718,
  "Duration": "01:17:30.9429092",
  "Updated": "2021-01-27T12:38:13.3479376Z",
  "Failed": 0,
  "HashRate_Live": 58640620.0,
  "HashRate_Average": 374365587.1929256,
  "BlockRate_Live": 15.0,
  "BlockRate_Average": 15.106964739411293,
  "Actual24h_Week": 0.00000105603857758361,
  "Estimate24h_Week": 0.00000271963924035614,
  "ErrorRatio": 0.990628180497616
}
