{
  "Live": 0.00000000036057,
  "Minute": 0.00000000036057,
  "Minute_Fluctuation": 0.0,
  "Minute_5": 0.000000000360569900565504,
  "Minute_5_Fluctuation": 3.3660139489108084E-06,
  "Minute_10": 0.000000000360544716613792,
  "Minute_10_Fluctuation": 0.000356186073492215,
  "Hour": 0.000000000359417919349283,
  "Hour_Fluctuation": 0.0029301991713460997,
  "Day": 0.000000000359377606886554,
  "Day_Fluctuation": 0.0029167673609569833,
  "ThreeDay": 0.000000000359377606886554,
  "ThreeDay_Fluctuation": 0.0029167673609569833,
  "Week": 0.000000000359377606886554,
  "Week_Fluctuation": 0.0029167673609569833,
  "Duration": "01:17:30.9429092",
  "Updated": "2021-01-27T11:56:47.6928991Z",
  "Failed": 0,
  "HashRate_Live": 0.0,
  "HashRate_Average": 0.0,
  "BlockRate_Live": 20.0,
  "BlockRate_Average": 20.0,
  "Actual24h_Week": 0.00000002,
  "Estimate24h_Week": 0.00000075,
  "ErrorRatio": 0.985087593748442
}
