{
  "Live": 0.00000039580388,
  "Minute": 0.00000039580388,
  "Minute_Fluctuation": 0.0,
  "Minute_5": 0.000000395856371887163,
  "Minute_5_Fluctuation": 0.0006811271613420681,
  "Minute_10": 0.000000396446175262828,
  "Minute_10_Fluctuation": 0.004090827812780668,
  "Hour": 0.000000401444590243399,
  "Hour_Fluctuation": 0.009264007490095982,
  "Day": 0.000000401641964378024,
  "Day_Fluctuation": 0.009080148626068056,
  "ThreeDay": 0.000000401641964378024,
  "ThreeDay_Fluctuation": 0.009080148626068056,
  "Week": 0.000000401641964378024,
  "Week_Fluctuation": 0.009080148626068058,
  "Duration": "01:17:30.9429092",
  "Updated": "2021-01-27T12:38:13.1641141Z",
  "Failed": 0,
  "HashRate_Live": 142.0,
  "HashRate_Average": 113.02381324704133,
  "BlockRate_Live": 1.0,
  "BlockRate_Average": 1.0,
  "Actual24h_Week": 0.000543075220951371,
  "Estimate24h_Week": 0.000410761393132195,
  "ErrorRatio": 1.0
}
