{
  "Live": 0.0000000000000005237,
  "Minute": 0.0000000000000005237,
  "Minute_Fluctuation": 0.0,
  "Minute_5": 0.0000000000000005955873207702,
  "Minute_5_Fluctuation": 0.2420015576573268,
  "Minute_10": 0.00000000000000059435100227,
  "Minute_10_Fluctuation": 0.340645469282218,
  "Hour": 0.000000000000000592082950651,
  "Hour_Fluctuation": 0.37832036344706554,
  "Day": 0.000000000000000592082950651,
  "Day_Fluctuation": 0.3783203634470655,
  "ThreeDay": 0.000000000000000592082950651,
  "ThreeDay_Fluctuation": 0.3783203634470655,
  "Week": 0.000000000000000592082950651,
  "Week_Fluctuation": 0.3783203634470655,
  "Duration": "00:17:36.5878790",
  "Updated": "2021-01-27T12:38:13.5901531Z",
  "Failed": 0,
  "HashRate_Live": 0.0,
  "HashRate_Average": 0.0,
  "BlockRate_Live": 0.0,
  "BlockRate_Average": 0.0,
  "Actual24h_Week": 0.000000489187921641632,
  "Estimate24h_Week": 0.000000574773899603907,
  "ErrorRatio": 0.999480183700213
}
