{
  "Live": 0.00000000303,
  "Minute": 0.00000000303,
  "Minute_Fluctuation": 0.0,
  "Minute_5": 0.00000000348012887329506,
  "Minute_5_Fluctuation": 0.1478527323796645,
  "Minute_10": 0.00000000419192649856616,
  "Minute_10_Fluctuation": 0.288812344057749,
  "Hour": 0.00000000518758923232426,
  "Hour_Fluctuation": 0.38771487429935825,
  "Day": 0.00000000341752308176412,
  "Day_Fluctuation": 0.04261099164157723,
  "ThreeDay": 0.00000000341290719619759,
  "ThreeDay_Fluctuation": 0.04128503033121418,
  "Week": 0.00000000341290719619759,
  "Week_Fluctuation": 0.04128503033121418,
  "Duration": "1.01:27:41.9766011",
  "Updated": "2021-01-27T12:39:13.8599683Z",
  "Failed": 0,
  "HashRate_Live": 177040.0,
  "HashRate_Average": 173363.47497936242,
  "BlockRate_Live": 171.0,
  "BlockRate_Average": 169.45568401053853,
  "Actual24h_Week": 0.000000401013045470829,
  "Estimate24h_Week": 0.000000383463659275263,
  "ErrorRatio": 1.01282097637113
}
