{
  "Live": 0.00000000000132,
  "Minute": 0.00000000000132,
  "Minute_Fluctuation": 0.0,
  "Minute_5": 0.00000000000127546092764769,
  "Minute_5_Fluctuation": 0.0518850599629944,
  "Minute_10": 0.00000000000132950687088712,
  "Minute_10_Fluctuation": 0.15102610905492975,
  "Hour": 0.00000000000180805143378056,
  "Hour_Fluctuation": 0.245203864849047,
  "Day": 0.00000000000172430261196496,
  "Day_Fluctuation": 0.017682780062334365,
  "ThreeDay": 0.00000000000172413819006364,
  "ThreeDay_Fluctuation": 0.01712561148965991,
  "Week": 0.00000000000172413819006364,
  "Week_Fluctuation": 0.017125611489659905,
  "Duration": "1.01:27:41.9766011",
  "Updated": "2021-01-27T12:39:12.639009Z",
  "Failed": 0,
  "HashRate_Live": 30580167.0,
  "HashRate_Average": 111333256.79273066,
  "BlockRate_Live": 193.0,
  "BlockRate_Average": 180.54725739937282,
  "Actual24h_Week": 0.000000103999659402608,
  "Estimate24h_Week": 0.000000109455331114326,
  "ErrorRatio": 0.986036487085509
}
