{
  "Live": 0.0000000000000000182,
  "Minute": 0.0000000000000000182,
  "Minute_Fluctuation": 0.0,
  "Minute_5": 0.0000000000000000185128605966,
  "Minute_5_Fluctuation": 0.02949901739212767,
  "Minute_10": 0.0000000000000000189791836678,
  "Minute_10_Fluctuation": 0.04063477150998601,
  "Hour": 0.0000000000000000209481396818,
  "Hour_Fluctuation": 0.06077008665794404,
  "Day": 0.0000000000000000210270913077,
  "Day_Fluctuation": 0.058927338445758135,
  "ThreeDay": 0.0000000000000000210270913077,
  "ThreeDay_Fluctuation": 0.05892733844575814,
  "Week": 0.0000000000000000210270913077,
  "Week_Fluctuation": 0.05892733844575814,
  "Duration": "01:17:30.9429092",
  "Updated": "2021-01-27T12:34:05.3998652Z",
  "Failed": 0,
  "HashRate_Live": 0.0,
  "HashRate_Average": 0.0,
  "BlockRate_Live": 0.0,
  "BlockRate_Average": 0.0,
  "Actual24h_Week": 0.0,
  "Estimate24h_Week": 0.00000003,
  "ErrorRatio": 0.984679034673057
}
