{
  "Live": 0.00000000000003748,
  "Minute": 0.00000000000003748,
  "Minute_Fluctuation": 0.0,
  "Minute_5": 0.0000000000000350981228535967,
  "Minute_5_Fluctuation": 0.08075122131746815,
  "Minute_10": 0.0000000000000339146863836269,
  "Minute_10_Fluctuation": 0.08852782044037288,
  "Hour": 0.0000000000000394143193914798,
  "Hour_Fluctuation": 0.12626553827382458,
  "Day": 0.000000000000039834151357942,
  "Day_Fluctuation": 0.12431977183493326,
  "ThreeDay": 0.000000000000039834151357942,
  "ThreeDay_Fluctuation": 0.12431977183493326,
  "Week": 0.000000000000039834151357942,
  "Week_Fluctuation": 0.12431977183493323,
  "Duration": "01:24:52.1883102",
  "Updated": "2021-01-27T12:36:08.5690601Z",
  "Failed": 0,
  "HashRate_Live": 0.0,
  "HashRate_Average": 5976075.194764199,
  "BlockRate_Live": 126.0,
  "BlockRate_Average": 130.7117847677594,
  "Actual24h_Week": 0.0,
  "Estimate24h_Week": 0.0000000599957028101234,
  "ErrorRatio": 0.983231643002826
}
