{
  "Live": 0.00000072267773,
  "Minute": 0.00000072267773,
  "Minute_Fluctuation": 0.0,
  "Minute_5": 0.000000727104157179993,
  "Minute_5_Fluctuation": 0.007732211952488626,
  "Minute_10": 0.000000724568028051322,
  "Minute_10_Fluctuation": 0.011100325115009971,
  "Hour": 0.000000729953511748218,
  "Hour_Fluctuation": 0.022985791829674817,
  "Day": 0.000000730013663842085,
  "Day_Fluctuation": 0.023618636627212745,
  "ThreeDay": 0.000000730013663842085,
  "ThreeDay_Fluctuation": 0.023618636627212745,
  "Week": 0.000000730013663842085,
  "Week_Fluctuation": 0.023618636627212745,
  "Duration": "01:17:30.9429092",
  "Updated": "2021-01-27T12:38:14.0070425Z",
  "Failed": 0,
  "HashRate_Live": 191.0,
  "HashRate_Average": 318.1366405654881,
  "BlockRate_Live": 51.0,
  "BlockRate_Average": 50.63482539990867,
  "Actual24h_Week": 0.00102616319123614,
  "Estimate24h_Week": 0.00090642026047418,
  "ErrorRatio": 1.0
}
