{
  "Live": 0.0000000010865,
  "Minute": 0.0000000010865,
  "Minute_Fluctuation": 0.0,
  "Minute_5": 0.0000000011172641959247,
  "Minute_5_Fluctuation": 0.0374696294182943,
  "Minute_10": 0.000000001140521056141,
  "Minute_10_Fluctuation": 0.036795389039751394,
  "Hour": 0.00000000113835407003321,
  "Hour_Fluctuation": 0.0320989430660366,
  "Day": 0.00000000113773918932642,
  "Day_Fluctuation": 0.03161438047062235,
  "ThreeDay": 0.00000000113773918932642,
  "ThreeDay_Fluctuation": 0.03161438047062235,
  "Week": 0.00000000113773918932642,
  "Week_Fluctuation": 0.03161438047062235,
  "Duration": "01:24:52.1883102",
  "Updated": "2021-01-27T12:38:12.2934279Z",
  "Failed": 0,
  "HashRate_Live": 209202.0,
  "HashRate_Average": 1775115.776407766,
  "BlockRate_Live": 30.0,
  "BlockRate_Average": 31.382282178017473,
  "Actual24h_Week": 0.000000901400554769261,
  "Estimate24h_Week": 0.00000111251481925049,
  "ErrorRatio": 0.996817984540285
}
