{
  "Live": 0.00000000021,
  "Minute": 0.00000000021,
  "Minute_Fluctuation": 0.0,
  "Minute_5": 0.000000000214399806044577,
  "Minute_5_Fluctuation": 0.043317460404161734,
  "Minute_10": 0.000000000222412481226086,
  "Minute_10_Fluctuation": 0.06389276661763277,
  "Hour": 0.00000000024306326915172,
  "Hour_Fluctuation": 0.05473952305239644,
  "Day": 0.000000000258990369245251,
  "Day_Fluctuation": 0.0042659247845539365,
  "ThreeDay": 0.000000000259023923313134,
  "ThreeDay_Fluctuation": 0.004131019092488738,
  "Week": 0.000000000259023923313134,
  "Week_Fluctuation": 0.004131019092488738,
  "Duration": "1.01:16:25.6193212",
  "Updated": "2021-01-27T12:33:04.3915502Z",
  "Failed": 0,
  "HashRate_Live": 0.0,
  "HashRate_Average": 0.0,
  "BlockRate_Live": 0.0,
  "BlockRate_Average": 0.0,
  "Actual24h_Week": 0.0,
  "Estimate24h_Week": 0.0000000108739323519896,
  "ErrorRatio": 0.721753577728314
}
