{
  "Live": 0.00000000000164591,
  "Minute": 0.00000000000164591,
  "Minute_Fluctuation": 0.0,
  "Minute_5": 0.00000000000165770404027652,
  "Minute_5_Fluctuation": 0.01878898253967174,
  "Minute_10": 0.00000000000168274868073402,
  "Minute_10_Fluctuation": 0.02432266387291355,
  "Hour": 0.00000000000177318075764601,
  "Hour_Fluctuation": 0.03234188554712716,
  "Day": 0.00000000000177690695186903,
  "Day_Fluctuation": 0.03125262996550752,
  "ThreeDay": 0.00000000000177690695186903,
  "ThreeDay_Fluctuation": 0.03125262996550752,
  "Week": 0.00000000000177690695186903,
  "Week_Fluctuation": 0.03125262996550752,
  "Duration": "01:17:30.9429092",
  "Updated": "2021-01-27T12:38:13.6767548Z",
  "Failed": 0,
  "HashRate_Live": 5260051.0,
  "HashRate_Average": 8543542.706734046,
  "BlockRate_Live": 5.0,
  "BlockRate_Average": 5.0,
  "Actual24h_Week": 0.00000298682090823771,
  "Estimate24h_Week": 0.00000213756253271348,
  "ErrorRatio": 1.0
}
