{
  "Live": 0.00000000256973,
  "Minute": 0.00000000256973,
  "Minute_Fluctuation": 0.0,
  "Minute_5": 0.0000000026790924191206,
  "Minute_5_Fluctuation": 0.04025225943990329,
  "Minute_10": 0.00000000271591900725683,
  "Minute_10_Fluctuation": 0.043364018589110265,
  "Hour": 0.00000000286069661845849,
  "Hour_Fluctuation": 0.05933695905467831,
  "Day": 0.00000000286539293012448,
  "Day_Fluctuation": 0.05961479305827384,
  "ThreeDay": 0.00000000286539293012448,
  "ThreeDay_Fluctuation": 0.05961479305827384,
  "Week": 0.00000000286539293012448,
  "Week_Fluctuation": 0.05961479305827384,
  "Duration": "01:17:30.9429092",
  "Updated": "2021-01-27T12:38:13.0824174Z",
  "Failed": 0,
  "HashRate_Live": 0.0,
  "HashRate_Average": 86.81508584786683,
  "BlockRate_Live": 10.0,
  "BlockRate_Average": 10.0,
  "Actual24h_Week": 0.00000240957639734147,
  "Estimate24h_Week": 0.00000296334672570031,
  "ErrorRatio": 0.997136920925826
}
