{
  "Live": 0.00000000000015739558,
  "Minute": 0.00000000000015739558,
  "Minute_Fluctuation": 0.0,
  "Minute_5": 0.000000000000270042847959844,
  "Minute_5_Fluctuation": 0.634862180049523,
  "Minute_10": 0.000000000000645712784783904,
  "Minute_10_Fluctuation": 0.7983969434194079,
  "Hour": 0.000000000000668786995803978,
  "Hour_Fluctuation": 0.5074196851660562,
  "Day": 0.000000000000677212259363282,
  "Day_Fluctuation": 0.5031772966897453,
  "ThreeDay": 0.000000000000677212259363282,
  "ThreeDay_Fluctuation": 0.5031772966897453,
  "Week": 0.000000000000677212259363282,
  "Week_Fluctuation": 0.5031772966897453,
  "Duration": "01:11:59.0649263",
  "Updated": "2021-01-27T12:38:12.3669923Z",
  "Failed": 0,
  "HashRate_Live": 2199023.0,
  "HashRate_Average": 36955595.57738923,
  "BlockRate_Live": 61.0,
  "BlockRate_Average": 52.688366909535496,
  "Actual24h_Week": 0.000213861482593221,
  "Estimate24h_Week": 0.000279153568911133,
  "ErrorRatio": 0.996671321766074
}
