{
  "Live": 0.000000000000000006624,
  "Minute": 0.000000000000000006624,
  "Minute_Fluctuation": 0.00010870746820303429,
  "Minute_5": 0.0000000000000000066334726244,
  "Minute_5_Fluctuation": 0.013555900387499613,
  "Minute_10": 0.0000000000000000066863467375,
  "Minute_10_Fluctuation": 0.027595995399084753,
  "Hour": 0.0000000000000000066396371733,
  "Hour_Fluctuation": 0.04612125837277629,
  "Day": 0.0000000000000000061886001849,
  "Day_Fluctuation": 0.006042157023127689,
  "ThreeDay": 0.0000000000000000061875057531,
  "ThreeDay_Fluctuation": 0.005862891997409738,
  "Week": 0.0000000000000000061875057531,
  "Week_Fluctuation": 0.005862891997409738,
  "Duration": "1.01:27:41.9766011",
  "Updated": "2021-01-27T12:39:13.4449457Z",
  "Failed": 0,
  "HashRate_Live": 2310579734626460.0,
  "HashRate_Average": 2140742523346021.5,
  "BlockRate_Live": 133.0,
  "BlockRate_Average": 132.17123865246484,
  "Actual24h_Week": 0.000371292013437631,
  "Estimate24h_Week": 0.000416710532991666,
  "ErrorRatio": 0.969466128273464
}
