{
  "Live": 0.00000000000000182,
  "Minute": 0.00000000000000182,
  "Minute_Fluctuation": 0.0,
  "Minute_5": 0.0000000000000018265008354544,
  "Minute_5_Fluctuation": 0.03310508208409667,
  "Minute_10": 0.0000000000000018276067067467,
  "Minute_10_Fluctuation": 0.055242764709887704,
  "Hour": 0.0000000000000022306871579299,
  "Hour_Fluctuation": 0.1379250127762598,
  "Day": 0.0000000000000027542542742585,
  "Day_Fluctuation": 0.012679537180588233,
  "ThreeDay": 0.0000000000000027555674140803,
  "ThreeDay_Fluctuation": 0.012220914985755,
  "Week": 0.0000000000000027555674140803,
  "Week_Fluctuation": 0.012220914985755,
  "Duration": "1.01:27:41.9766011",
  "Updated": "2021-01-27T12:39:12.7237586Z",
  "Failed": 0,
  "HashRate_Live": 430627394057.0,
  "HashRate_Average": 457619120439.30725,
  "BlockRate_Live": 409.0,
  "BlockRate_Average": 408.3660982545074,
  "Actual24h_Week": 0.000000172272475681953,
  "Estimate24h_Week": 0.000000173922566667434,
  "ErrorRatio": 0.997342120199136
}
