{
  "Live": 0.00000000000099845,
  "Minute": 0.00000000000099845,
  "Minute_Fluctuation": 0.0,
  "Minute_5": 0.00000000000099845,
  "Minute_5_Fluctuation": 5.777706239982223E-20,
  "Minute_10": 0.00000000000099845,
  "Minute_10_Fluctuation": 2.022381096741466E-16,
  "Hour": 0.00000000000099845,
  "Hour_Fluctuation": 1.9517989736328236E-16,
  "Day": 0.00000000000099845,
  "Day_Fluctuation": 1.9469558472192478E-16,
  "ThreeDay": 0.00000000000099845,
  "ThreeDay_Fluctuation": 1.9469558472192478E-16,
  "Week": 0.00000000000099845,
  "Week_Fluctuation": 1.9469558472192478E-16,
  "Duration": "01:24:52.1883102",
  "Updated": "2021-01-27T11:15:51.1643236Z",
  "Failed": 0,
  "HashRate_Live": 0.0,
  "HashRate_Average": 0.0,
  "BlockRate_Live": 6.0,
  "BlockRate_Average": 6.0,
  "Actual24h_Week": 0.0000004699663386793,
  "Estimate24h_Week": 0.000000715241028149347,
  "ErrorRatio": 0.99424969570601
}
