{
  "Live": 0.00000000000058998,
  "Minute": 0.00000000000058998,
  "Minute_Fluctuation": 0.0,
  "Minute_5": 0.000000000000588746328508915,
  "Minute_5_Fluctuation": 0.002511897951482898,
  "Minute_10": 0.000000000000587557065485704,
  "Minute_10_Fluctuation": 0.003731668280754944,
  "Hour": 0.000000000000583112480775088,
  "Hour_Fluctuation": 0.004806687053321391,
  "Day": 0.000000000000582927079944784,
  "Day_Fluctuation": 0.0046408145399734185,
  "ThreeDay": 0.000000000000582927079944784,
  "ThreeDay_Fluctuation": 0.0046408145399734185,
  "Week": 0.000000000000582927079944784,
  "Week_Fluctuation": 0.0046408145399734185,
  "Duration": "01:17:30.9429092",
  "Updated": "2021-01-27T12:38:13.3181969Z",
  "Failed": 0,
  "HashRate_Live": 148185887.0,
  "HashRate_Average": 157416968.2351414,
  "BlockRate_Live": 0.0,
  "BlockRate_Average": 0.0,
  "Actual24h_Week": 0.00000205770818869154,
  "Estimate24h_Week": 0.00000061,
  "ErrorRatio": 1.0
}
