{
  "Live": 0.00000000000000000667494746,
  "Minute": 0.00000000000000000667494746,
  "Minute_Fluctuation": 0.0,
  "Minute_5": 0.0000000000000000066727031382,
  "Minute_5_Fluctuation": 0.00081113488708591,
  "Minute_10": 0.000000000000000006663118383,
  "Minute_10_Fluctuation": 0.003566446405536527,
  "Hour": 0.0000000000000000066057235491,
  "Hour_Fluctuation": 0.004238609124882697,
  "Day": 0.0000000000000000066033574033,
  "Day_Fluctuation": 0.004016128676087305,
  "ThreeDay": 0.0000000000000000066033574033,
  "ThreeDay_Fluctuation": 0.004016128676087305,
  "Week": 0.0000000000000000066033574033,
  "Week_Fluctuation": 0.004016128676087305,
  "Duration": "01:17:30.9429092",
  "Updated": "2021-01-27T12:38:13.0684518Z",
  "Failed": 0,
  "HashRate_Live": 0.0,
  "HashRate_Average": 0.0,
  "BlockRate_Live": 0.0,
  "BlockRate_Average": 0.0,
  "Actual24h_Week": 0.0,
  "Estimate24h_Week": 0.00661297069120931,
  "ErrorRatio": 0.984679034673057
}
