{
  "Live": 0.00000000000000012204,
  "Minute": 0.00000000000000012204,
  "Minute_Fluctuation": 0.0,
  "Minute_5": 0.00000000000000012204,
  "Minute_5_Fluctuation": 0.0,
  "Minute_10": 0.00000000000000012204,
  "Minute_10_Fluctuation": 0.0,
  "Hour": 0.00000000000000012204,
  "Hour_Fluctuation": 0.0,
  "Day": 0.00000000000000012204,
  "Day_Fluctuation": 0.0,
  "ThreeDay": 0.00000000000000012204,
  "ThreeDay_Fluctuation": 0.0,
  "Week": 0.00000000000000012204,
  "Week_Fluctuation": 0.0,
  "Duration": "01:24:52.1883102",
  "Updated": "2021-01-27T11:15:51.2295783Z",
  "Failed": 0,
  "HashRate_Live": 0.0,
  "HashRate_Average": 0.0,
  "BlockRate_Live": 2.0,
  "BlockRate_Average": 2.0,
  "Actual24h_Week": 0.0000000981619402381311,
  "Estimate24h_Week": 0.00000021558795329923,
  "ErrorRatio": 0.990866645015966
}
