{
  "Live": 0.00000036348404,
  "Minute": 0.00000036348404,
  "Minute_Fluctuation": 0.0,
  "Minute_5": 0.00000036346040454602,
  "Minute_5_Fluctuation": 0.0010678911834020879,
  "Minute_10": 0.000000362875467298365,
  "Minute_10_Fluctuation": 0.008283114857933278,
  "Hour": 0.000000375475746950494,
  "Hour_Fluctuation": 0.04181258497265108,
  "Day": 0.000000375888163640331,
  "Day_Fluctuation": 0.042137401671205374,
  "ThreeDay": 0.000000375888163640331,
  "ThreeDay_Fluctuation": 0.04213740167120537,
  "Week": 0.000000375888163640331,
  "Week_Fluctuation": 0.042137401671205374,
  "Duration": "01:17:30.9429092",
  "Updated": "2021-01-27T12:26:49.1021945Z",
  "Failed": 0,
  "HashRate_Live": 0.0,
  "HashRate_Average": 43.6798817798839,
  "BlockRate_Live": 0.0,
  "BlockRate_Average": 0.0,
  "Actual24h_Week": 0.000350017445866228,
  "Estimate24h_Week": 0.000423459852176597,
  "ErrorRatio": 0.997342821155714
}
