{
  "Live": 0.00000000000000000000304407,
  "Minute": 0.00000000000000000000304407,
  "Minute_Fluctuation": 0.0,
  "Minute_5": 0.0000000000000000000034255695,
  "Minute_5_Fluctuation": 0.048310116058976095,
  "Minute_10": 0.0000000000000000000037689879,
  "Minute_10_Fluctuation": 0.06784729959633312,
  "Hour": 0.0000000000000000000043164378,
  "Hour_Fluctuation": 0.04997173400701464,
  "Day": 0.0000000000000000000043442184,
  "Day_Fluctuation": 0.04871361781124442,
  "ThreeDay": 0.0000000000000000000043442184,
  "ThreeDay_Fluctuation": 0.048713617811244427,
  "Week": 0.0000000000000000000043442184,
  "Week_Fluctuation": 0.048713617811244427,
  "Duration": "01:17:30.9429092",
  "Updated": "2021-01-27T12:38:13.1085019Z",
  "Failed": 0,
  "HashRate_Live": 0.0,
  "HashRate_Average": 0.0,
  "BlockRate_Live": 0.0,
  "BlockRate_Average": 0.0,
  "Actual24h_Week": 0.0,
  "Estimate24h_Week": 0.00000430196862448046,
  "ErrorRatio": 0.984679034673057
}
