{
  "Live": 0.00000000000015886,
  "Minute": 0.00000000000015886,
  "Minute_Fluctuation": 0.0,
  "Minute_5": 0.000000000000165577374674375,
  "Minute_5_Fluctuation": 0.04540623440555569,
  "Minute_10": 0.000000000000168660193294266,
  "Minute_10_Fluctuation": 0.04521358074651406,
  "Hour": 0.000000000000162583379693136,
  "Hour_Fluctuation": 0.09059072894303889,
  "Day": 0.000000000000162445113894873,
  "Day_Fluctuation": 0.09190288330317758,
  "ThreeDay": 0.000000000000162445113894873,
  "ThreeDay_Fluctuation": 0.09190288330317758,
  "Week": 0.000000000000162445113894873,
  "Week_Fluctuation": 0.09190288330317758,
  "Duration": "01:17:30.9429092",
  "Updated": "2021-01-27T12:38:13.8934287Z",
  "Failed": 0,
  "HashRate_Live": 0.0,
  "HashRate_Average": 0.0,
  "BlockRate_Live": 2.0,
  "BlockRate_Average": 2.0,
  "Actual24h_Week": 0.0000001,
  "Estimate24h_Week": 0.000000170271296140361,
  "ErrorRatio": 0.993677007716214
}
