{
  "Live": 0.00000000000010923068,
  "Minute": 0.00000000000010923068,
  "Minute_Fluctuation": 0.0,
  "Minute_5": 0.000000000000106182064244948,
  "Minute_5_Fluctuation": 0.05116177150691687,
  "Minute_10": 0.000000000000103211333094196,
  "Minute_10_Fluctuation": 0.05775028394334213,
  "Hour": 0.000000000000108947156133212,
  "Hour_Fluctuation": 0.09005415124358214,
  "Day": 0.000000000000109403145239089,
  "Day_Fluctuation": 0.0916869018421745,
  "ThreeDay": 0.000000000000109403145239089,
  "ThreeDay_Fluctuation": 0.0916869018421745,
  "Week": 0.000000000000109403145239089,
  "Week_Fluctuation": 0.09168690184217448,
  "Duration": "01:24:52.1883102",
  "Updated": "2021-01-27T12:38:12.3584276Z",
  "Failed": 0,
  "HashRate_Live": 0.0,
  "HashRate_Average": 0.0,
  "BlockRate_Live": 11.0,
  "BlockRate_Average": 10.29900437739844,
  "Actual24h_Week": 0.0000882706978224034,
  "Estimate24h_Week": 0.000106287363116202,
  "ErrorRatio": 0.997157612469747
}
