{
  "Live": 0.00000000147,
  "Minute": 0.00000000147,
  "Minute_Fluctuation": 0.06521739130434775,
  "Minute_5": 0.00000000134775227839006,
  "Minute_5_Fluctuation": 0.05775219755973813,
  "Minute_10": 0.00000000130259058028056,
  "Minute_10_Fluctuation": 0.05035652178220687,
  "Hour": 0.00000000121757497213703,
  "Hour_Fluctuation": 0.043887960371671,
  "Day": 0.00000000119081295389708,
  "Day_Fluctuation": 0.0030921187086764747,
  "ThreeDay": 0.00000000119074360558249,
  "ThreeDay_Fluctuation": 0.003012654547200016,
  "Week": 0.00000000119074360558249,
  "Week_Fluctuation": 0.003012654547200016,
  "Duration": "1.01:16:25.6193212",
  "Updated": "2021-01-27T12:39:16.7470952Z",
  "Failed": 0,
  "HashRate_Live": 610133.0,
  "HashRate_Average": 665319.8910125465,
  "BlockRate_Live": 6.0,
  "BlockRate_Average": 6.0,
  "Actual24h_Week": 0.0000000699049452977932,
  "Estimate24h_Week": 0.0000000600795672379237,
  "ErrorRatio": 1.04550426073808
}
