{
  "Live": 0.00000000000000046,
  "Minute": 0.00000000000000046,
  "Minute_Fluctuation": 0.02222222222222215,
  "Minute_5": 0.000000000000000453094464914,
  "Minute_5_Fluctuation": 0.05295577430955778,
  "Minute_10": 0.0000000000000004518206986292,
  "Minute_10_Fluctuation": 0.10463996171703857,
  "Hour": 0.0000000000000004798463540568,
  "Hour_Fluctuation": 0.2676043069979649,
  "Day": 0.0000000000000003505723165261,
  "Day_Fluctuation": 0.03105743881469436,
  "ThreeDay": 0.0000000000000003502427470505,
  "ThreeDay_Fluctuation": 0.030165826553833104,
  "Week": 0.0000000000000003502427470505,
  "Week_Fluctuation": 0.030165826553833104,
  "Duration": "1.01:27:41.9766011",
  "Updated": "2021-01-27T12:39:13.6333036Z",
  "Failed": 0,
  "HashRate_Live": 1319971039222.0,
  "HashRate_Average": 1154501897829.3972,
  "BlockRate_Live": 156.0,
  "BlockRate_Average": 154.70559108833922,
  "Actual24h_Week": 0.0000000263196346196813,
  "Estimate24h_Week": 0.0000000296291488495004,
  "ErrorRatio": 0.96870835044478
}
