{
  "Live": 0.00000000000000025084,
  "Minute": 0.00000000000000025084,
  "Minute_Fluctuation": 0.0,
  "Minute_5": 0.00000000000000025084,
  "Minute_5_Fluctuation": 0.0,
  "Minute_10": 0.00000000000000025084,
  "Minute_10_Fluctuation": 0.0,
  "Hour": 0.00000000000000025084,
  "Hour_Fluctuation": 0.0,
  "Day": 0.00000000000000025084,
  "Day_Fluctuation": 0.0,
  "ThreeDay": 0.00000000000000025084,
  "ThreeDay_Fluctuation": 0.0,
  "Week": 0.00000000000000025084,
  "Week_Fluctuation": 0.0,
  "Duration": "01:24:52.1883102",
  "Updated": "2021-01-27T11:47:51.0852941Z",
  "Failed": 0,
  "HashRate_Live": 0.0,
  "HashRate_Average": 73689224.72843507,
  "BlockRate_Live": 23.0,
  "BlockRate_Average": 23.0,
  "Actual24h_Week": 0.000000238074673150737,
  "Estimate24h_Week": 0.000000299978514050617,
  "ErrorRatio": 0.99653966649248
}
