{
  "Live": 0.00000000000000100882,
  "Minute": 0.00000000000000100882,
  "Minute_Fluctuation": 0.0,
  "Minute_5": 0.0000000000000010087574847194,
  "Minute_5_Fluctuation": 0.000340665879580008,
  "Minute_10": 0.0000000000000010079939448255,
  "Minute_10_Fluctuation": 0.0020018853334387806,
  "Hour": 0.0000000000000010028985030259,
  "Hour_Fluctuation": 0.002459446625461602,
  "Day": 0.0000000000000010024986103295,
  "Day_Fluctuation": 0.0022072601877207,
  "ThreeDay": 0.0000000000000010024986103295,
  "ThreeDay_Fluctuation": 0.0022072601877207005,
  "Week": 0.0000000000000010024986103295,
  "Week_Fluctuation": 0.0022072601877207,
  "Duration": "01:24:52.1883102",
  "Updated": "2021-01-27T12:18:31.4257466Z",
  "Failed": 0,
  "HashRate_Live": 0.0,
  "HashRate_Average": 0.0,
  "BlockRate_Live": 0.0,
  "BlockRate_Average": 0.0,
  "Actual24h_Week": 0.0,
  "Estimate24h_Week": 0.000000816224326117084,
  "ErrorRatio": 0.983231643002826
}
