{
  "Live": 0.00000000000000114794,
  "Minute": 0.00000000000000114794,
  "Minute_Fluctuation": 0.0,
  "Minute_5": 0.000000000000001336000925635,
  "Minute_5_Fluctuation": 0.11623286655137449,
  "Minute_10": 0.0000000000000015062942813878,
  "Minute_10_Fluctuation": 0.20819643396841017,
  "Hour": 0.0000000000000022149652879529,
  "Hour_Fluctuation": 0.381956659460813,
  "Day": 0.000000000000002244418306581,
  "Day_Fluctuation": 0.38164172231490606,
  "ThreeDay": 0.000000000000002244418306581,
  "ThreeDay_Fluctuation": 0.38164172231490606,
  "Week": 0.000000000000002244418306581,
  "Week_Fluctuation": 0.38164172231490606,
  "Duration": "01:17:30.9429092",
  "Updated": "2021-01-27T12:38:13.2467688Z",
  "Failed": 0,
  "HashRate_Live": 251069815164.0,
  "HashRate_Average": 251633007162.33118,
  "BlockRate_Live": 2.0,
  "BlockRate_Average": 2.0,
  "Actual24h_Week": 0.00000336486036443804,
  "Estimate24h_Week": 0.00000205999064520549,
  "ErrorRatio": 1.0
}
