{
  "Live": 0.00000000318093,
  "Minute": 0.00000000318093,
  "Minute_Fluctuation": 0.0,
  "Minute_5": 0.00000000317264051467497,
  "Minute_5_Fluctuation": 0.004003973096400206,
  "Minute_10": 0.00000000316324273417748,
  "Minute_10_Fluctuation": 0.005036942256691334,
  "Hour": 0.00000000313085127980939,
  "Hour_Fluctuation": 0.008387495132835026,
  "Day": 0.00000000312952059072028,
  "Day_Fluctuation": 0.008228021658993692,
  "ThreeDay": 0.00000000312952059072028,
  "ThreeDay_Fluctuation": 0.008228021658993692,
  "Week": 0.00000000312952059072028,
  "Week_Fluctuation": 0.008228021658993692,
  "Duration": "01:17:30.9429092",
  "Updated": "2021-01-27T12:38:13.3986557Z",
  "Failed": 0,
  "HashRate_Live": 0.0,
  "HashRate_Average": 0.0,
  "BlockRate_Live": 0.0,
  "BlockRate_Average": 0.0,
  "Actual24h_Week": 0.00000298773905224887,
  "Estimate24h_Week": 0.00000274810726994235,
  "ErrorRatio": 1.0
}
