{
  "Live": 0.00000000000460343,
  "Minute": 0.00000000000460343,
  "Minute_Fluctuation": 0.0,
  "Minute_5": 0.00000000000462046812263176,
  "Minute_5_Fluctuation": 0.020429678952584664,
  "Minute_10": 0.00000000000495170598007528,
  "Minute_10_Fluctuation": 0.16403379295296544,
  "Hour": 0.00000000000749380502998456,
  "Hour_Fluctuation": 0.25312307420950436,
  "Day": 0.00000000000759494216443557,
  "Day_Fluctuation": 0.24821233516909927,
  "ThreeDay": 0.00000000000759494216443557,
  "ThreeDay_Fluctuation": 0.24821233516909927,
  "Week": 0.00000000000759494216443557,
  "Week_Fluctuation": 0.24821233516909927,
  "Duration": "01:17:30.9429092",
  "Updated": "2021-01-27T12:15:50.917736Z",
  "Failed": 0,
  "HashRate_Live": 0.0,
  "HashRate_Average": 72274.40024170915,
  "BlockRate_Live": 0.0,
  "BlockRate_Average": 0.0,
  "Actual24h_Week": 0.00000304663316185026,
  "Estimate24h_Week": 0.0000078911646970635,
  "ErrorRatio": 0.990594176838826
}
