{
  "Live": 0.00000000000000012689,
  "Minute": 0.00000000000000012689,
  "Minute_Fluctuation": 0.0,
  "Minute_5": 0.0000000000000001247242754335,
  "Minute_5_Fluctuation": 0.09005558072092021,
  "Minute_10": 0.0000000000000001160865351974,
  "Minute_10_Fluctuation": 0.2601347442109262,
  "Hour": 0.0000000000000001394837749307,
  "Hour_Fluctuation": 0.24267358091889885,
  "Day": 0.00000000000000014097319779,
  "Day_Fluctuation": 0.24755906058908544,
  "ThreeDay": 0.00000000000000014097319779,
  "ThreeDay_Fluctuation": 0.24755906058908544,
  "Week": 0.00000000000000014097319779,
  "Week_Fluctuation": 0.24755906058908544,
  "Duration": "01:24:52.1883102",
  "Updated": "2021-01-27T12:38:12.8033011Z",
  "Failed": 0,
  "HashRate_Live": 5408670686859.0,
  "HashRate_Average": 6381901765976.709,
  "BlockRate_Live": 17.0,
  "BlockRate_Average": 17.877035699079187,
  "Actual24h_Week": 0.000000133702085603926,
  "Estimate24h_Week": 0.000000129990689421934,
  "ErrorRatio": 1.0
}
