{
  "Live": 0.00000000000000005287,
  "Minute": 0.00000000000000005287,
  "Minute_Fluctuation": 0.0,
  "Minute_5": 0.000000000000000053030731977,
  "Minute_5_Fluctuation": 0.00489501435718084,
  "Minute_10": 0.0000000000000000532072437333,
  "Minute_10_Fluctuation": 0.007155803202596415,
  "Hour": 0.0000000000000000531910423813,
  "Hour_Fluctuation": 0.008114850395727834,
  "Day": 0.0000000000000000531950898161,
  "Day_Fluctuation": 0.008259886135995124,
  "ThreeDay": 0.0000000000000000531950898161,
  "ThreeDay_Fluctuation": 0.008259886135995124,
  "Week": 0.0000000000000000531950898161,
  "Week_Fluctuation": 0.008259886135995124,
  "Duration": "01:17:30.9429092",
  "Updated": "2021-01-27T12:38:13.0224155Z",
  "Failed": 0,
  "HashRate_Live": 0.0,
  "HashRate_Average": 0.0,
  "BlockRate_Live": 0.0,
  "BlockRate_Average": 0.0,
  "Actual24h_Week": 0.0,
  "Estimate24h_Week": 0.00000005,
  "ErrorRatio": 0.984679034673057
}
