{
  "Live": 0.00000000000132285,
  "Minute": 0.00000000000132285,
  "Minute_Fluctuation": 0.0,
  "Minute_5": 0.0000000000012697918876031,
  "Minute_5_Fluctuation": 0.04504540660832809,
  "Minute_10": 0.00000000000130347107189589,
  "Minute_10_Fluctuation": 0.10245831184810571,
  "Hour": 0.00000000000178043842875337,
  "Hour_Fluctuation": 0.16539061542343456,
  "Day": 0.00000000000179910573539664,
  "Day_Fluctuation": 0.16053430632436275,
  "ThreeDay": 0.00000000000179910573539664,
  "ThreeDay_Fluctuation": 0.16053430632436275,
  "Week": 0.00000000000179910573539664,
  "Week_Fluctuation": 0.16053430632436275,
  "Duration": "01:17:30.9429092",
  "Updated": "2021-01-27T12:38:13.3837741Z",
  "Failed": 0,
  "HashRate_Live": 13858428.0,
  "HashRate_Average": 15441782.179783367,
  "BlockRate_Live": 65.0,
  "BlockRate_Average": 64.19967184635892,
  "Actual24h_Week": 0.00000175834535061776,
  "Estimate24h_Week": 0.00000185554035239088,
  "ErrorRatio": 0.999197472989364
}
