{
  "Live": 0.00000000000001541969,
  "Minute": 0.00000000000001541969,
  "Minute_Fluctuation": 0.0,
  "Minute_5": 0.0000000000000135209545819442,
  "Minute_5_Fluctuation": 0.12460971126383456,
  "Minute_10": 0.0000000000000126017845089146,
  "Minute_10_Fluctuation": 0.11607302907226921,
  "Hour": 0.0000000000000118548870459779,
  "Hour_Fluctuation": 0.13693109268400006,
  "Day": 0.0000000000000118158351642673,
  "Day_Fluctuation": 0.13725934184008556,
  "ThreeDay": 0.0000000000000118158351642673,
  "ThreeDay_Fluctuation": 0.13725934184008556,
  "Week": 0.0000000000000118158351642673,
  "Week_Fluctuation": 0.13725934184008556,
  "Duration": "01:17:30.9429092",
  "Updated": "2021-01-27T12:38:13.69955Z",
  "Failed": 0,
  "HashRate_Live": 211310872.0,
  "HashRate_Average": 196083605.28056404,
  "BlockRate_Live": 23.0,
  "BlockRate_Average": 23.507144448994968,
  "Actual24h_Week": 0.0000161062519495514,
  "Estimate24h_Week": 0.0000171451808469731,
  "ErrorRatio": 0.999071611215033
}
