{
  "Live": 0.0000010581844,
  "Minute": 0.0000010581844,
  "Minute_Fluctuation": 0.0,
  "Minute_5": 0.00000105535286851846,
  "Minute_5_Fluctuation": 0.01040935000125915,
  "Minute_10": 0.00000106996869522053,
  "Minute_10_Fluctuation": 0.03462717812089797,
  "Hour": 0.00000115574921841284,
  "Hour_Fluctuation": 0.045988304831876894,
  "Day": 0.00000115937873511312,
  "Day_Fluctuation": 0.044366122352678464,
  "ThreeDay": 0.00000115937873511312,
  "ThreeDay_Fluctuation": 0.044366122352678464,
  "Week": 0.00000115937873511312,
  "Week_Fluctuation": 0.04436612235267847,
  "Duration": "01:17:30.9429092",
  "Updated": "2021-01-27T12:38:13.8173106Z",
  "Failed": 0,
  "HashRate_Live": 0.0,
  "HashRate_Average": 0.0,
  "BlockRate_Live": 0.0,
  "BlockRate_Average": 0.0,
  "Actual24h_Week": 0.0,
  "Estimate24h_Week": 0.00115526203470573,
  "ErrorRatio": 0.984679034673057
}
