{
  "Live": 0.00000000219,
  "Minute": 0.00000000219,
  "Minute_Fluctuation": 0.3113772455089819,
  "Minute_5": 0.00000000176027338169922,
  "Minute_5_Fluctuation": 0.09689246134514456,
  "Minute_10": 0.00000000166142607678412,
  "Minute_10_Fluctuation": 0.11303805790249706,
  "Hour": 0.00000000202313856467184,
  "Hour_Fluctuation": 0.18641932760026153,
  "Day": 0.00000000268506439533764,
  "Day_Fluctuation": 0.016377439321305025,
  "ThreeDay": 0.00000000268643206049546,
  "ThreeDay_Fluctuation": 0.015887008099947596,
  "Week": 0.00000000268643206049546,
  "Week_Fluctuation": 0.015887008099947596,
  "Duration": "1.01:16:25.6193212",
  "Updated": "2021-01-27T12:39:17.7753719Z",
  "Failed": 0,
  "HashRate_Live": 1454.0,
  "HashRate_Average": 1361.055787103399,
  "BlockRate_Live": 18.0,
  "BlockRate_Average": 18.932763768602552,
  "Actual24h_Week": 0.000000202890217849441,
  "Estimate24h_Week": 0.0000000999051850933473,
  "ErrorRatio": 1.05307429769907
}
