{
  "Live": 0.00000059842675,
  "Minute": 0.00000059842675,
  "Minute_Fluctuation": 0.0,
  "Minute_5": 0.000000592830635112137,
  "Minute_5_Fluctuation": 0.012997912053540322,
  "Minute_10": 0.000000586796648658763,
  "Minute_10_Fluctuation": 0.018673018811739033,
  "Hour": 0.0000005790589856126,
  "Hour_Fluctuation": 0.01810396388189022,
  "Day": 0.0000005790589856126,
  "Day_Fluctuation": 0.01810396388189022,
  "ThreeDay": 0.0000005790589856126,
  "ThreeDay_Fluctuation": 0.01810396388189022,
  "Week": 0.0000005790589856126,
  "Week_Fluctuation": 0.01810396388189022,
  "Duration": "00:32:06.5124645",
  "Updated": "2021-01-27T12:31:59.2748041Z",
  "Failed": 0,
  "HashRate_Live": 5329.0,
  "HashRate_Average": 2551.6920718920164,
  "BlockRate_Live": 87.0,
  "BlockRate_Average": 82.37829014287988,
  "Actual24h_Week": 0.000358296110628757,
  "Estimate24h_Week": 0.000569747075331813,
  "ErrorRatio": 0.997639383943439
}
