{
  "Live": 0.00000059842675,
  "Minute": 0.00000059842675,
  "Minute_Fluctuation": 0.0,
  "Minute_5": 0.000000592865203834625,
  "Minute_5_Fluctuation": 0.012694755193997036,
  "Minute_10": 0.000000586887626904677,
  "Minute_10_Fluctuation": 0.01822354065517962,
  "Hour": 0.000000579447734779369,
  "Hour_Fluctuation": 0.017650478895429443,
  "Day": 0.000000579447734779369,
  "Day_Fluctuation": 0.01765047889542944,
  "ThreeDay": 0.000000579447734779369,
  "ThreeDay_Fluctuation": 0.01765047889542944,
  "Week": 0.000000579447734779369,
  "Week_Fluctuation": 0.01765047889542944,
  "Duration": "00:31:02.8677193",
  "Updated": "2021-01-27T12:32:00.4644371Z",
  "Failed": 0,
  "HashRate_Live": 34.0,
  "HashRate_Average": 887.4406996268362,
  "BlockRate_Live": 215.0,
  "BlockRate_Average": 215.0,
  "Actual24h_Week": 0.000358412140005866,
  "Estimate24h_Week": 0.000569750544455812,
  "ErrorRatio": 0.997718478600594
}
