{
  "Live": 0.00000001132,
  "Minute": 0.00000001132,
  "Minute_Fluctuation": 0.001769911504424736,
  "Minute_5": 0.000000011253659765687,
  "Minute_5_Fluctuation": 0.03912264328551669,
  "Minute_10": 0.0000000108568298542407,
  "Minute_10_Fluctuation": 0.09333656314875072,
  "Hour": 0.000000010694726942514,
  "Hour_Fluctuation": 0.06637886624635227,
  "Day": 0.0000000107893682933704,
  "Day_Fluctuation": 0.004286882970379196,
  "ThreeDay": 0.0000000107896898630264,
  "ThreeDay_Fluctuation": 0.00413067100256165,
  "Week": 0.0000000107896898630264,
  "Week_Fluctuation": 0.00413067100256165,
  "Duration": "1.01:27:41.9766011",
  "Updated": "2021-01-27T12:39:12.7987409Z",
  "Failed": 0,
  "HashRate_Live": 7019.0,
  "HashRate_Average": 7096.910139227028,
  "BlockRate_Live": 9.0,
  "BlockRate_Average": 9.0,
  "Actual24h_Week": 0.000000770482770562427,
  "Estimate24h_Week": 0.000000691802919678599,
  "ErrorRatio": 1.03186137531235
}
