{
  "Live": 0.00000000000006455398,
  "Minute": 0.00000000000006455398,
  "Minute_Fluctuation": 0.0,
  "Minute_5": 0.0000000000000746590968625529,
  "Minute_5_Fluctuation": 0.12119295746105775,
  "Minute_10": 0.0000000000000828193359964426,
  "Minute_10_Fluctuation": 0.15177954864166265,
  "Hour": 0.0000000000000940963437569464,
  "Hour_Fluctuation": 0.13485616576345535,
  "Day": 0.0000000000000946930929490996,
  "Day_Fluctuation": 0.1328281028279947,
  "ThreeDay": 0.0000000000000946930929490996,
  "ThreeDay_Fluctuation": 0.13282810282799473,
  "Week": 0.0000000000000946930929490996,
  "Week_Fluctuation": 0.13282810282799473,
  "Duration": "01:17:30.9429092",
  "Updated": "2021-01-27T12:38:13.5513385Z",
  "Failed": 0,
  "HashRate_Live": 0.0,
  "HashRate_Average": 5284916.895006322,
  "BlockRate_Live": 21.0,
  "BlockRate_Average": 21.0,
  "Actual24h_Week": 0.0000663156111711545,
  "Estimate24h_Week": 0.0000913765864245182,
  "ErrorRatio": 0.995798066573286
}
