{
  "Live": 0.00000000000000157818,
  "Minute": 0.00000000000000157818,
  "Minute_Fluctuation": 0.0,
  "Minute_5": 0.0000000000000015742573218424,
  "Minute_5_Fluctuation": 0.010954315141441111,
  "Minute_10": 0.0000000000000015494623861162,
  "Minute_10_Fluctuation": 0.04591477865088929,
  "Hour": 0.0000000000000016979418848931,
  "Hour_Fluctuation": 0.1998011511462505,
  "Day": 0.0000000000000017021612458063,
  "Day_Fluctuation": 0.2042330358023793,
  "ThreeDay": 0.0000000000000017021612458063,
  "ThreeDay_Fluctuation": 0.2042330358023793,
  "Week": 0.0000000000000017021612458063,
  "Week_Fluctuation": 0.2042330358023793,
  "Duration": "01:17:30.9429092",
  "Updated": "2021-01-27T12:36:09.7650627Z",
  "Failed": 0,
  "HashRate_Live": 0.0,
  "HashRate_Average": 0.0,
  "BlockRate_Live": 0.0,
  "BlockRate_Average": 0.0,
  "Actual24h_Week": 0.0,
  "Estimate24h_Week": 0.00000413593855737805,
  "ErrorRatio": 0.984679034673057
}
