{
  "Live": 0.00000000000000734289,
  "Minute": 0.00000000000000734289,
  "Minute_Fluctuation": 0.0,
  "Minute_5": 0.0000000000000069217034489587,
  "Minute_5_Fluctuation": 0.0913408709198642,
  "Minute_10": 0.0000000000000069185525240239,
  "Minute_10_Fluctuation": 0.12376034513686571,
  "Hour": 0.0000000000000066060311793673,
  "Hour_Fluctuation": 0.2311491643769679,
  "Day": 0.0000000000000066036119255638,
  "Day_Fluctuation": 0.23627165812072382,
  "ThreeDay": 0.0000000000000066036119255638,
  "ThreeDay_Fluctuation": 0.23627165812072382,
  "Week": 0.0000000000000066036119255638,
  "Week_Fluctuation": 0.23627165812072382,
  "Duration": "01:17:30.9429092",
  "Updated": "2021-01-27T12:38:13.251998Z",
  "Failed": 0,
  "HashRate_Live": 3225234108.0,
  "HashRate_Average": 5605008019.796706,
  "BlockRate_Live": 0.0,
  "BlockRate_Average": 0.0,
  "Actual24h_Week": 0.0,
  "Estimate24h_Week": 0.00000685255801237041,
  "ErrorRatio": 0.984679034673057
}
