{
  "Live": 0.00000000303,
  "Minute": 0.00000000303,
  "Minute_Fluctuation": 0.0,
  "Minute_5": 0.00000000347823577079132,
  "Minute_5_Fluctuation": 0.14602946909850736,
  "Minute_10": 0.00000000417170683830776,
  "Minute_10_Fluctuation": 0.284030858610634,
  "Hour": 0.00000000507734711801863,
  "Hour_Fluctuation": 0.4001348449039935,
  "Day": 0.00000000311349997024254,
  "Day_Fluctuation": 0.04955916882229749,
  "ThreeDay": 0.00000000310953598879301,
  "ThreeDay_Fluctuation": 0.048346274514278684,
  "Week": 0.00000000310953598879301,
  "Week_Fluctuation": 0.048346274514278684,
  "Duration": "1.01:16:25.6193212",
  "Updated": "2021-01-27T12:39:17.7564393Z",
  "Failed": 0,
  "HashRate_Live": 16159.0,
  "HashRate_Average": 15571.60583328772,
  "BlockRate_Live": 27.0,
  "BlockRate_Average": 27.15244615076727,
  "Actual24h_Week": 0.000000351745011858157,
  "Estimate24h_Week": 0.000000335516650625513,
  "ErrorRatio": 1.01345829914521
}
