{
  "Live": 0.00000000000019498,
  "Minute": 0.00000000000019498,
  "Minute_Fluctuation": 0.0,
  "Minute_5": 0.000000000000191195569261443,
  "Minute_5_Fluctuation": 0.037958822240887806,
  "Minute_10": 0.000000000000191483458002911,
  "Minute_10_Fluctuation": 0.057178708927181236,
  "Hour": 0.000000000000189055609908268,
  "Hour_Fluctuation": 0.0769390948062845,
  "Day": 0.000000000000189030781022949,
  "Day_Fluctuation": 0.07807419577448503,
  "ThreeDay": 0.000000000000189030781022949,
  "ThreeDay_Fluctuation": 0.07807419577448503,
  "Week": 0.000000000000189030781022949,
  "Week_Fluctuation": 0.07807419577448503,
  "Duration": "01:17:30.9429092",
  "Updated": "2021-01-27T12:38:13.6069269Z",
  "Failed": 0,
  "HashRate_Live": 0.0,
  "HashRate_Average": 0.0,
  "BlockRate_Live": 0.0,
  "BlockRate_Average": 0.0,
  "Actual24h_Week": 0.0,
  "Estimate24h_Week": 0.00000019,
  "ErrorRatio": 0.984679034673057
}
