{
  "Live": 0.00000000305009,
  "Minute": 0.00000000305009,
  "Minute_Fluctuation": 0.0,
  "Minute_5": 0.0000000035834046284322,
  "Minute_5_Fluctuation": 0.12499971043160522,
  "Minute_10": 0.00000000420153964658164,
  "Minute_10_Fluctuation": 0.26169444185280144,
  "Hour": 0.00000000592262846469211,
  "Hour_Fluctuation": 0.442154934775022,
  "Day": 0.00000000600158642824356,
  "Day_Fluctuation": 0.4438587091498632,
  "ThreeDay": 0.00000000600158642824356,
  "ThreeDay_Fluctuation": 0.44385870914986303,
  "Week": 0.00000000600158642824356,
  "Week_Fluctuation": 0.4438587091498632,
  "Duration": "01:17:30.9429092",
  "Updated": "2021-01-27T12:38:13.648513Z",
  "Failed": 0,
  "HashRate_Live": 15634.0,
  "HashRate_Average": 14231.91091937808,
  "BlockRate_Live": 8.0,
  "BlockRate_Average": 8.0,
  "Actual24h_Week": 0.00000713749677734362,
  "Estimate24h_Week": 0.00000654724342007771,
  "ErrorRatio": 1.0
}
