{
  "Live": 0.00000000000000012924,
  "Minute": 0.00000000000000012924,
  "Minute_Fluctuation": 0.0,
  "Minute_5": 0.0000000000000001261636588624,
  "Minute_5_Fluctuation": 0.11339234600580728,
  "Minute_10": 0.0000000000000001235529786868,
  "Minute_10_Fluctuation": 0.19837222131314772,
  "Hour": 0.0000000000000001687341412008,
  "Hour_Fluctuation": 0.4229694925199269,
  "Day": 0.0000000000000001687341412008,
  "Day_Fluctuation": 0.42296949251992694,
  "ThreeDay": 0.0000000000000001687341412008,
  "ThreeDay_Fluctuation": 0.42296949251992694,
  "Week": 0.0000000000000001687341412008,
  "Week_Fluctuation": 0.422969492519927,
  "Duration": "00:47:15.1867023",
  "Updated": "2021-01-27T12:26:48.9814797Z",
  "Failed": 0,
  "HashRate_Live": 0.0,
  "HashRate_Average": 0.0,
  "BlockRate_Live": 0.0,
  "BlockRate_Average": 0.0,
  "Actual24h_Week": 0.0,
  "Estimate24h_Week": 0.00000016428180723547,
  "ErrorRatio": 0.99064635814863
}
