{
  "Live": 0.00000000000460343,
  "Minute": 0.00000000000460343,
  "Minute_Fluctuation": 0.0,
  "Minute_5": 0.0000000000046287026210829,
  "Minute_5_Fluctuation": 0.0277779511914127,
  "Minute_10": 0.00000000000501788679764894,
  "Minute_10_Fluctuation": 0.17875869209842576,
  "Hour": 0.00000000000780084956397404,
  "Hour_Fluctuation": 0.2523166879615524,
  "Day": 0.00000000000801950963821084,
  "Day_Fluctuation": 0.24075179901564384,
  "ThreeDay": 0.00000000000801950963821084,
  "ThreeDay_Fluctuation": 0.24075179901564384,
  "Week": 0.00000000000801950963821084,
  "Week_Fluctuation": 0.24075179901564384,
  "Duration": "01:24:52.1883102",
  "Updated": "2021-01-27T12:16:56.356398Z",
  "Failed": 0,
  "HashRate_Live": 0.0,
  "HashRate_Average": 222077.60982781398,
  "BlockRate_Live": 17.0,
  "BlockRate_Average": 16.529436921854295,
  "Actual24h_Week": 0.00000303966284829112,
  "Estimate24h_Week": 0.00000789032281177524,
  "ErrorRatio": 0.989691473989098
}
