{
  "Live": 0.00000000000004677727,
  "Minute": 0.00000000000004677727,
  "Minute_Fluctuation": 0.0,
  "Minute_5": 0.0000000000000458922471472054,
  "Minute_5_Fluctuation": 0.05121047836406946,
  "Minute_10": 0.0000000000000448434873166045,
  "Minute_10_Fluctuation": 0.061753691932174344,
  "Hour": 0.0000000000000450332367433262,
  "Hour_Fluctuation": 0.05056566254654393,
  "Day": 0.0000000000000450820812158845,
  "Day_Fluctuation": 0.05008599710079333,
  "ThreeDay": 0.0000000000000450820812158845,
  "ThreeDay_Fluctuation": 0.05008599710079333,
  "Week": 0.0000000000000450820812158845,
  "Week_Fluctuation": 0.05008599710079333,
  "Duration": "01:24:52.1883102",
  "Updated": "2021-01-27T12:38:12.1625229Z",
  "Failed": 0,
  "HashRate_Live": 0.0,
  "HashRate_Average": 0.0,
  "BlockRate_Live": 0.0,
  "BlockRate_Average": 0.0,
  "Actual24h_Week": 0.0,
  "Estimate24h_Week": 0.0000609642885671168,
  "ErrorRatio": 0.983231643002826
}
