{
  "Live": 0.00000000000009320612,
  "Minute": 0.00000000000009320612,
  "Minute_Fluctuation": 0.0,
  "Minute_5": 0.000000000000087666799649284,
  "Minute_5_Fluctuation": 0.1296936512378594,
  "Minute_10": 0.0000000000000892566368961382,
  "Minute_10_Fluctuation": 0.12579571557300423,
  "Hour": 0.0000000000000858752254129686,
  "Hour_Fluctuation": 0.15536308780861868,
  "Day": 0.0000000000000857454837972846,
  "Day_Fluctuation": 0.15562316602410178,
  "ThreeDay": 0.0000000000000857454837972846,
  "ThreeDay_Fluctuation": 0.15562316602410178,
  "Week": 0.0000000000000857454837972846,
  "Week_Fluctuation": 0.15562316602410178,
  "Duration": "01:17:30.9429092",
  "Updated": "2021-01-27T12:38:13.1854358Z",
  "Failed": 0,
  "HashRate_Live": 23683165.0,
  "HashRate_Average": 39375595.13700167,
  "BlockRate_Live": 2.0,
  "BlockRate_Average": 2.300676548632374,
  "Actual24h_Week": 0.0000133305493978276,
  "Estimate24h_Week": 0.0000692832715167795,
  "ErrorRatio": 0.987626887461212
}
