{
  "Live": 0.00000000000000095158,
  "Minute": 0.00000000000000095158,
  "Minute_Fluctuation": 0.0,
  "Minute_5": 0.0000000000000009315204359257,
  "Minute_5_Fluctuation": 0.024762989027499443,
  "Minute_10": 0.0000000000000009323258489563,
  "Minute_10_Fluctuation": 0.04020573844849441,
  "Hour": 0.0000000000000008358416523718,
  "Hour_Fluctuation": 0.14647866402549306,
  "Day": 0.0000000000000008292491266032,
  "Day_Fluctuation": 0.14826092754084907,
  "ThreeDay": 0.0000000000000008292491266032,
  "ThreeDay_Fluctuation": 0.14826092754084907,
  "Week": 0.0000000000000008292491266032,
  "Week_Fluctuation": 0.14826092754084907,
  "Duration": "01:24:52.1883102",
  "Updated": "2021-01-27T12:38:12.5565425Z",
  "Failed": 0,
  "HashRate_Live": 18102359440.0,
  "HashRate_Average": 20910306606.030056,
  "BlockRate_Live": 8.0,
  "BlockRate_Average": 8.0,
  "Actual24h_Week": 0.000000643483450263644,
  "Estimate24h_Week": 0.000000790685155828786,
  "ErrorRatio": 0.996878238156726
}
