{
  "Live": 0.00000000000000000665654582,
  "Minute": 0.00000000000000000665654582,
  "Minute_Fluctuation": 0.0,
  "Minute_5": 0.000000000000000006663675729,
  "Minute_5_Fluctuation": 0.001325799239678097,
  "Minute_10": 0.000000000000000006649376667,
  "Minute_10_Fluctuation": 0.007412803122580841,
  "Hour": 0.0000000000000000064434940103,
  "Hour_Fluctuation": 0.021539136428822516,
  "Day": 0.000000000000000006428119166,
  "Day_Fluctuation": 0.020508033107691115,
  "ThreeDay": 0.000000000000000006428119166,
  "ThreeDay_Fluctuation": 0.020508033107691115,
  "Week": 0.000000000000000006428119166,
  "Week_Fluctuation": 0.020508033107691115,
  "Duration": "01:24:52.1883102",
  "Updated": "2021-01-27T12:38:11.9712669Z",
  "Failed": 0,
  "HashRate_Live": 1891252094868700.0,
  "HashRate_Average": 1339589771852443.5,
  "BlockRate_Live": 3.0,
  "BlockRate_Average": 3.235531621905241,
  "Actual24h_Week": 0.00551890800565322,
  "Estimate24h_Week": 0.00676365549558543,
  "ErrorRatio": 0.99691404000453
}
