{
  "Live": 0.00000099113634,
  "Minute": 0.00000099113634,
  "Minute_Fluctuation": 0.0,
  "Minute_5": 0.000000982736875796783,
  "Minute_5_Fluctuation": 0.01374856808622863,
  "Minute_10": 0.000000974675596531624,
  "Minute_10_Fluctuation": 0.018367557795213114,
  "Hour": 0.000000971545103161274,
  "Hour_Fluctuation": 0.02452459800490586,
  "Day": 0.000000971427509678589,
  "Day_Fluctuation": 0.025205123409350917,
  "ThreeDay": 0.000000971427509678589,
  "ThreeDay_Fluctuation": 0.025205123409350917,
  "Week": 0.000000971427509678589,
  "Week_Fluctuation": 0.025205123409350917,
  "Duration": "01:24:52.1883102",
  "Updated": "2021-01-27T12:38:12.5188096Z",
  "Failed": 0,
  "HashRate_Live": 355.0,
  "HashRate_Average": 883.9264082573161,
  "BlockRate_Live": 345.0,
  "BlockRate_Average": 348.96253167040794,
  "Actual24h_Week": 0.00093956858667844,
  "Estimate24h_Week": 0.000915946467743943,
  "ErrorRatio": 1.0
}
