{
  "Live": 0.00000000000030244,
  "Minute": 0.00000000000030244,
  "Minute_Fluctuation": 0.0,
  "Minute_5": 0.00000000000030238397870402,
  "Minute_5_Fluctuation": 0.007386444018187396,
  "Minute_10": 0.000000000000300495280883712,
  "Minute_10_Fluctuation": 0.020366244786186323,
  "Hour": 0.000000000000292851587881712,
  "Hour_Fluctuation": 0.0813851666041871,
  "Day": 0.000000000000292514215220775,
  "Day_Fluctuation": 0.08304167074410845,
  "ThreeDay": 0.000000000000292514215220775,
  "ThreeDay_Fluctuation": 0.08304167074410845,
  "Week": 0.000000000000292514215220775,
  "Week_Fluctuation": 0.08304167074410845,
  "Duration": "01:17:30.9429092",
  "Updated": "2021-01-27T12:36:09.8647418Z",
  "Failed": 0,
  "HashRate_Live": 70437464.0,
  "HashRate_Average": 120806740.77615498,
  "BlockRate_Live": 6.0,
  "BlockRate_Average": 3.4752060328848464,
  "Actual24h_Week": 0.000000302810665830851,
  "Estimate24h_Week": 0.00000034,
  "ErrorRatio": 0.998324186766654
}
