{
  "Live": 0.00000000000000925,
  "Minute": 0.00000000000000925,
  "Minute_Fluctuation": 0.0021574973031283215,
  "Minute_5": 0.0000000000000091515293260713,
  "Minute_5_Fluctuation": 0.009727953599662418,
  "Minute_10": 0.0000000000000091248979350951,
  "Minute_10_Fluctuation": 0.01392408604103319,
  "Hour": 0.0000000000000095892387175105,
  "Hour_Fluctuation": 0.03581077371034075,
  "Day": 0.0000000000000100883075902279,
  "Day_Fluctuation": 0.003082547177202259,
  "ThreeDay": 0.0000000000000100895827077618,
  "ThreeDay_Fluctuation": 0.0029602016774400892,
  "Week": 0.0000000000000100895827077618,
  "Week_Fluctuation": 0.0029602016774400884,
  "Duration": "1.01:27:41.9766011",
  "Updated": "2021-01-27T12:39:13.652109Z",
  "Failed": 0,
  "HashRate_Live": 13751225425.0,
  "HashRate_Average": 13469528467.6324,
  "BlockRate_Live": 87.0,
  "BlockRate_Average": 86.08545656755075,
  "Actual24h_Week": 0.000000557970958404929,
  "Estimate24h_Week": 0.000110516376085366,
  "ErrorRatio": 0.721269061394382
}
