{
  "Live": 0.00000000000993044,
  "Minute": 0.00000000000993044,
  "Minute_Fluctuation": 0.0,
  "Minute_5": 0.00000000000993507790000825,
  "Minute_5_Fluctuation": 0.001922985728150022,
  "Minute_10": 0.0000000000100136934022463,
  "Minute_10_Fluctuation": 0.027510475523071662,
  "Hour": 0.000000000011438922541019,
  "Hour_Fluctuation": 0.1128981388267261,
  "Day": 0.0000000000115420091876939,
  "Day_Fluctuation": 0.11122397317104098,
  "ThreeDay": 0.0000000000115420091876939,
  "ThreeDay_Fluctuation": 0.11122397317104098,
  "Week": 0.0000000000115420091876939,
  "Week_Fluctuation": 0.11122397317104098,
  "Duration": "01:24:52.1883102",
  "Updated": "2021-01-27T12:38:12.6275154Z",
  "Failed": 0,
  "HashRate_Live": 0.0,
  "HashRate_Average": 2970786.329374861,
  "BlockRate_Live": 10.0,
  "BlockRate_Average": 10.952429612221332,
  "Actual24h_Week": 0.00000705073468091157,
  "Estimate24h_Week": 0.00000926189708363225,
  "ErrorRatio": 0.995996763922904
}
