{
  "Live": 0.00000000000007996063,
  "Minute": 0.00000000000007996063,
  "Minute_Fluctuation": 0.0,
  "Minute_5": 0.0000000000000900755534405462,
  "Minute_5_Fluctuation": 0.14731527337646097,
  "Minute_10": 0.0000000000000919305497474479,
  "Minute_10_Fluctuation": 0.1581329164355291,
  "Hour": 0.000000000000082909257853364,
  "Hour_Fluctuation": 0.22224261637632609,
  "Day": 0.000000000000082473719620688,
  "Day_Fluctuation": 0.2240369856839361,
  "ThreeDay": 0.000000000000082473719620688,
  "ThreeDay_Fluctuation": 0.2240369856839361,
  "Week": 0.000000000000082473719620688,
  "Week_Fluctuation": 0.2240369856839361,
  "Duration": "01:17:30.9429092",
  "Updated": "2021-01-27T12:38:13.778507Z",
  "Failed": 0,
  "HashRate_Live": 5121301.0,
  "HashRate_Average": 850547211.8884141,
  "BlockRate_Live": 47.0,
  "BlockRate_Average": 41.63943069692373,
  "Actual24h_Week": 0.00003204428115092,
  "Estimate24h_Week": 0.0000871376105120205,
  "ErrorRatio": 0.990313218552501
}
