{
  "Live": 0.00000001431,
  "Minute": 0.00000001431,
  "Minute_Fluctuation": 0.015818431911966947,
  "Minute_5": 0.0000000144222916280048,
  "Minute_5_Fluctuation": 0.016579487263750768,
  "Minute_10": 0.00000001434747705036,
  "Minute_10_Fluctuation": 0.0234850994574044,
  "Hour": 0.0000000153801497286235,
  "Hour_Fluctuation": 0.053666881135606075,
  "Day": 0.0000000164918955019873,
  "Day_Fluctuation": 0.00436661905011574,
  "ThreeDay": 0.0000000164942935629424,
  "ThreeDay_Fluctuation": 0.004223526711776736,
  "Week": 0.0000000164942935629424,
  "Week_Fluctuation": 0.004223526711776736,
  "Duration": "1.01:16:25.6193212",
  "Updated": "2021-01-27T12:39:16.7089Z",
  "Failed": 0,
  "HashRate_Live": 3042.0,
  "HashRate_Average": 2932.192879056003,
  "BlockRate_Live": 266.0,
  "BlockRate_Average": 274.93751651867257,
  "Actual24h_Week": 0.000000784518341859086,
  "Estimate24h_Week": 0.000000749846502910492,
  "ErrorRatio": 1.0128657199888
}
