{
  "Live": 0.00000000000059812841,
  "Minute": 0.00000000000059812841,
  "Minute_Fluctuation": 0.0,
  "Minute_5": 0.00000000000059903750388809,
  "Minute_5_Fluctuation": 0.026045188919564515,
  "Minute_10": 0.000000000000621287654903463,
  "Minute_10_Fluctuation": 0.07285027747375308,
  "Hour": 0.000000000000692365314898461,
  "Hour_Fluctuation": 0.05796804257764716,
  "Day": 0.000000000000695715664913571,
  "Day_Fluctuation": 0.05499013416587428,
  "ThreeDay": 0.000000000000695715664913571,
  "ThreeDay_Fluctuation": 0.05499013416587428,
  "Week": 0.000000000000695715664913571,
  "Week_Fluctuation": 0.05499013416587428,
  "Duration": "01:17:30.9429092",
  "Updated": "2021-01-27T12:38:13.8671945Z",
  "Failed": 0,
  "HashRate_Live": 20377042.0,
  "HashRate_Average": 18848513.103657886,
  "BlockRate_Live": 0.0,
  "BlockRate_Average": 0.0,
  "Actual24h_Week": 0.000312204076251191,
  "Estimate24h_Week": 0.000598138403728967,
  "ErrorRatio": 0.992675959460622
}
