{
  "Live": 0.0000000000000000049642431,
  "Minute": 0.0000000000000000049642431,
  "Minute_Fluctuation": 0.0,
  "Minute_5": 0.0000000000000000050723274177,
  "Minute_5_Fluctuation": 0.052719231650749626,
  "Minute_10": 0.0000000000000000053930265762,
  "Minute_10_Fluctuation": 0.11840187357265092,
  "Hour": 0.0000000000000000061079838634,
  "Hour_Fluctuation": 0.11156785337517358,
  "Day": 0.000000000000000006166921867,
  "Day_Fluctuation": 0.10742985513716342,
  "ThreeDay": 0.000000000000000006166921867,
  "ThreeDay_Fluctuation": 0.10742985513716342,
  "Week": 0.000000000000000006166921867,
  "Week_Fluctuation": 0.10742985513716342,
  "Duration": "01:24:52.1883102",
  "Updated": "2021-01-27T12:38:12.3461583Z",
  "Failed": 0,
  "HashRate_Live": 0.0,
  "HashRate_Average": 9127451428167.207,
  "BlockRate_Live": 54.0,
  "BlockRate_Average": 51.47475405236924,
  "Actual24h_Week": 0.00283356928930649,
  "Estimate24h_Week": 0.00605339777765739,
  "ErrorRatio": 0.991080838308426
}
