{
  "Live": 0.00000000000029994,
  "Minute": 0.00000000000029994,
  "Minute_Fluctuation": 0.0,
  "Minute_5": 0.000000000000480093882101922,
  "Minute_5_Fluctuation": 0.4933582635885074,
  "Minute_10": 0.000000000000786895772406862,
  "Minute_10_Fluctuation": 0.4739815419008463,
  "Hour": 0.000000000000888835131431426,
  "Hour_Fluctuation": 0.43525535169146146,
  "Day": 0.000000000000888835131431426,
  "Day_Fluctuation": 0.4352553516914615,
  "ThreeDay": 0.000000000000888835131431426,
  "ThreeDay_Fluctuation": 0.4352553516914615,
  "Week": 0.000000000000888835131431426,
  "Week_Fluctuation": 0.4352553516914615,
  "Duration": "00:17:36.5878790",
  "Updated": "2021-01-27T12:38:13.1342419Z",
  "Failed": 0,
  "HashRate_Live": 65741633.0,
  "HashRate_Average": 45291389.615305394,
  "BlockRate_Live": 6.0,
  "BlockRate_Average": 6.0,
  "Actual24h_Week": 0.00000241532392366772,
  "Estimate24h_Week": 0.00000192614687647544,
  "ErrorRatio": 1.0
}
