{
  "Live": 0.00000000000726319,
  "Minute": 0.00000000000726319,
  "Minute_Fluctuation": 0.0,
  "Minute_5": 0.00000000000726361551332958,
  "Minute_5_Fluctuation": 0.0006466898485609925,
  "Minute_10": 0.0000000000073319710223225,
  "Minute_10_Fluctuation": 0.04409969370565568,
  "Hour": 0.00000000000860001475666818,
  "Hour_Fluctuation": 0.21251813723427193,
  "Day": 0.00000000000869143577977992,
  "Day_Fluctuation": 0.21598214097085913,
  "ThreeDay": 0.00000000000869143577977992,
  "ThreeDay_Fluctuation": 0.21598214097085913,
  "Week": 0.00000000000869143577977992,
  "Week_Fluctuation": 0.21598214097085913,
  "Duration": "01:24:52.1883102",
  "Updated": "2021-01-27T12:34:04.3214526Z",
  "Failed": 0,
  "HashRate_Live": 0.0,
  "HashRate_Average": 909919.7629721612,
  "BlockRate_Live": 6.0,
  "BlockRate_Average": 5.593527379066514,
  "Actual24h_Week": 0.00000152530160835912,
  "Estimate24h_Week": 0.00000839672138572826,
  "ErrorRatio": 0.986277689277602
}
