{
  "Live": 0.00000000000017046501,
  "Minute": 0.00000000000017046501,
  "Minute_Fluctuation": 0.0,
  "Minute_5": 0.000000000000174864818592086,
  "Minute_5_Fluctuation": 0.053612907891453995,
  "Minute_10": 0.000000000000183840532610884,
  "Minute_10_Fluctuation": 0.07898123280885658,
  "Hour": 0.000000000000215694662385233,
  "Hour_Fluctuation": 0.10109485276529992,
  "Day": 0.000000000000217045253921103,
  "Day_Fluctuation": 0.098059331798174,
  "ThreeDay": 0.000000000000217045253921103,
  "ThreeDay_Fluctuation": 0.098059331798174,
  "Week": 0.000000000000217045253921103,
  "Week_Fluctuation": 0.098059331798174,
  "Duration": "01:17:30.9429092",
  "Updated": "2021-01-27T12:36:09.8917349Z",
  "Failed": 0,
  "HashRate_Live": 733008.0,
  "HashRate_Average": 326101.643444212,
  "BlockRate_Live": 0.0,
  "BlockRate_Average": 0.0,
  "Actual24h_Week": 0.000273978986239692,
  "Estimate24h_Week": 0.000235654095676022,
  "ErrorRatio": 1.0
}
