{
  "Live": 0.0000000000000000648524,
  "Minute": 0.0000000000000000648524,
  "Minute_Fluctuation": 0.0,
  "Minute_5": 0.0000000000000000640278386603,
  "Minute_5_Fluctuation": 0.02760025139569524,
  "Minute_10": 0.0000000000000000632950423694,
  "Minute_10_Fluctuation": 0.03419795566681731,
  "Hour": 0.000000000000000061931951935,
  "Hour_Fluctuation": 0.029288871326894384,
  "Day": 0.0000000000000000618694312599,
  "Day_Fluctuation": 0.029122415420835483,
  "ThreeDay": 0.0000000000000000618694312599,
  "ThreeDay_Fluctuation": 0.029122415420835483,
  "Week": 0.0000000000000000618694312599,
  "Week_Fluctuation": 0.029122415420835483,
  "Duration": "01:24:52.1883102",
  "Updated": "2021-01-27T12:38:12.5530693Z",
  "Failed": 0,
  "HashRate_Live": 0.0,
  "HashRate_Average": 0.0,
  "BlockRate_Live": 0.0,
  "BlockRate_Average": 0.0,
  "Actual24h_Week": 0.0,
  "Estimate24h_Week": 0.0000597297279958968,
  "ErrorRatio": 0.983231643002826
}
