{
  "Live": 0.00000000000009834,
  "Minute": 0.00000000000009834,
  "Minute_Fluctuation": 0.0,
  "Minute_5": 0.000000000000100946132510122,
  "Minute_5_Fluctuation": 0.055357121402514815,
  "Minute_10": 0.000000000000105151454266415,
  "Minute_10_Fluctuation": 0.07097986735670608,
  "Hour": 0.000000000000108749910698669,
  "Hour_Fluctuation": 0.056208069211239726,
  "Day": 0.000000000000108972230748884,
  "Day_Fluctuation": 0.054528995300613364,
  "ThreeDay": 0.000000000000108972230748884,
  "ThreeDay_Fluctuation": 0.054528995300613364,
  "Week": 0.000000000000108972230748884,
  "Week_Fluctuation": 0.054528995300613364,
  "Duration": "01:24:52.1883102",
  "Updated": "2021-01-27T12:38:12.2666056Z",
  "Failed": 0,
  "HashRate_Live": 10995116.0,
  "HashRate_Average": 14342564.663087582,
  "BlockRate_Live": 9.0,
  "BlockRate_Average": 9.869910015855476,
  "Actual24h_Week": 0.000000079005464446167,
  "Estimate24h_Week": 0.000000119991405620247,
  "ErrorRatio": 0.994272365675528
}
