{
  "Live": 0.00000000000000016781,
  "Minute": 0.00000000000000016781,
  "Minute_Fluctuation": 0.0,
  "Minute_5": 0.0000000000000001568975369022,
  "Minute_5_Fluctuation": 0.08785245643086306,
  "Minute_10": 0.0000000000000001483055369398,
  "Minute_10_Fluctuation": 0.10497317422694086,
  "Hour": 0.000000000000000177425348934,
  "Hour_Fluctuation": 0.19747767601190028,
  "Day": 0.0000000000000001793952782571,
  "Day_Fluctuation": 0.19996405061922545,
  "ThreeDay": 0.0000000000000001793952782571,
  "ThreeDay_Fluctuation": 0.1999640506192254,
  "Week": 0.0000000000000001793952782571,
  "Week_Fluctuation": 0.19996405061922545,
  "Duration": "01:24:52.1883102",
  "Updated": "2021-01-27T12:36:08.5656714Z",
  "Failed": 0,
  "HashRate_Live": 0.0,
  "HashRate_Average": 274776676.14433044,
  "BlockRate_Live": 140.0,
  "BlockRate_Average": 141.2557371330377,
  "Actual24h_Week": 0.00000000999928380168724,
  "Estimate24h_Week": 0.000000307383480589101,
  "ErrorRatio": 0.983777123066301
}
