{
  "Live": 0.00000000000045518,
  "Minute": 0.00000000000045518,
  "Minute_Fluctuation": 0.0,
  "Minute_5": 0.000000000000455299151909208,
  "Minute_5_Fluctuation": 0.0008556865728512385,
  "Minute_10": 0.000000000000455466336131465,
  "Minute_10_Fluctuation": 0.0015277960583833798,
  "Hour": 0.000000000000453796547351535,
  "Hour_Fluctuation": 0.003203425875462847,
  "Day": 0.000000000000453673085248243,
  "Day_Fluctuation": 0.003146512008369474,
  "ThreeDay": 0.000000000000453673085248243,
  "ThreeDay_Fluctuation": 0.003146512008369474,
  "Week": 0.000000000000453673085248243,
  "Week_Fluctuation": 0.003146512008369474,
  "Duration": "01:24:52.1883102",
  "Updated": "2021-01-27T12:28:52.9402388Z",
  "Failed": 0,
  "HashRate_Live": 0.0,
  "HashRate_Average": 0.0,
  "BlockRate_Live": 0.0,
  "BlockRate_Average": 0.0,
  "Actual24h_Week": 0.0,
  "Estimate24h_Week": 0.000000418083871828336,
  "ErrorRatio": 0.983231643002826
}
