{
  "Live": 0.00000000000000127,
  "Minute": 0.00000000000000127,
  "Minute_Fluctuation": 0.0,
  "Minute_5": 0.0000000000000012254486451754,
  "Minute_5_Fluctuation": 0.06111794065802068,
  "Minute_10": 0.0000000000000011963459012622,
  "Minute_10_Fluctuation": 0.08069326276988217,
  "Hour": 0.0000000000000009897184854737,
  "Hour_Fluctuation": 0.17555060845625658,
  "Day": 0.0000000000000008471730845134,
  "Day_Fluctuation": 0.014134590844388104,
  "ThreeDay": 0.0000000000000008467918519688,
  "ThreeDay_Fluctuation": 0.013609557571752905,
  "Week": 0.0000000000000008467918519688,
  "Week_Fluctuation": 0.013609557571752905,
  "Duration": "1.01:27:41.9766011",
  "Updated": "2021-01-27T12:39:12.9707752Z",
  "Failed": 0,
  "HashRate_Live": 194296417731.0,
  "HashRate_Average": 163002976506.8647,
  "BlockRate_Live": 2.0,
  "BlockRate_Average": 2.0,
  "Actual24h_Week": 0.0000000437410243941326,
  "Estimate24h_Week": 0.000000057639681790654,
  "ErrorRatio": 0.932448553068213
}
