{
  "Live": 0.00000000000058998,
  "Minute": 0.00000000000058998,
  "Minute_Fluctuation": 0.0,
  "Minute_5": 0.000000000000588746367360256,
  "Minute_5_Fluctuation": 0.0025117254646580666,
  "Minute_10": 0.000000000000587556968601888,
  "Minute_10_Fluctuation": 0.0037371996984109103,
  "Hour": 0.000000000000582642377024983,
  "Hour_Fluctuation": 0.005812041244319653,
  "Day": 0.000000000000582282737409045,
  "Day_Fluctuation": 0.005542565423567319,
  "ThreeDay": 0.000000000000582282737409045,
  "ThreeDay_Fluctuation": 0.005542565423567319,
  "Week": 0.000000000000582282737409045,
  "Week_Fluctuation": 0.005542565423567319,
  "Duration": "01:24:52.1883102",
  "Updated": "2021-01-27T12:38:12.1816353Z",
  "Failed": 0,
  "HashRate_Live": 152436472.0,
  "HashRate_Average": 165439163.11935836,
  "BlockRate_Live": 1.0,
  "BlockRate_Average": 1.0,
  "Actual24h_Week": 0.000002060892982423,
  "Estimate24h_Week": 0.000000609956311902921,
  "ErrorRatio": 1.0
}
