{
  "Live": 0.00000000649252,
  "Minute": 0.00000000649252,
  "Minute_Fluctuation": 0.0,
  "Minute_5": 0.0000000063123699803313,
  "Minute_5_Fluctuation": 0.027994232976563303,
  "Minute_10": 0.0000000062152795197783,
  "Minute_10_Fluctuation": 0.029410932816041745,
  "Hour": 0.0000000062613919318246,
  "Hour_Fluctuation": 0.026343148107994752,
  "Day": 0.00000000626581313515242,
  "Day_Fluctuation": 0.026253487892609124,
  "ThreeDay": 0.00000000626581313515242,
  "ThreeDay_Fluctuation": 0.026253487892609124,
  "Week": 0.00000000626581313515242,
  "Week_Fluctuation": 0.026253487892609128,
  "Duration": "01:24:52.1883102",
  "Updated": "2021-01-27T12:38:12.0824016Z",
  "Failed": 0,
  "HashRate_Live": 37961.0,
  "HashRate_Average": 38461.11873155013,
  "BlockRate_Live": 176.0,
  "BlockRate_Average": 174.00399663874168,
  "Actual24h_Week": 0.00000636472249443177,
  "Estimate24h_Week": 0.00000605140944507447,
  "ErrorRatio": 1.0
}
