{
  "Live": 0.00000000000000000660598648,
  "Minute": 0.00000000000000000660598648,
  "Minute_Fluctuation": 0.0,
  "Minute_5": 0.0000000000000000068130653896,
  "Minute_5_Fluctuation": 0.022447348548717133,
  "Minute_10": 0.0000000000000000068764008536,
  "Minute_10_Fluctuation": 0.02203499258777695,
  "Hour": 0.0000000000000000067665622342,
  "Hour_Fluctuation": 0.027642876314003056,
  "Day": 0.000000000000000006756024947,
  "Day_Fluctuation": 0.027415002874827257,
  "ThreeDay": 0.000000000000000006756024947,
  "ThreeDay_Fluctuation": 0.027415002874827257,
  "Week": 0.000000000000000006756024947,
  "Week_Fluctuation": 0.02741500287482726,
  "Duration": "01:24:52.1883102",
  "Updated": "2021-01-27T12:38:12.1509346Z",
  "Failed": 0,
  "HashRate_Live": 4804074165009.0,
  "HashRate_Average": 113030371505254.78,
  "BlockRate_Live": 42.0,
  "BlockRate_Average": 40.430659557834815,
  "Actual24h_Week": 0.00461272429295039,
  "Estimate24h_Week": 0.00694747945482581,
  "ErrorRatio": 0.994364861629331
}
