{
  "Live": 0.00000000000007660589,
  "Minute": 0.00000000000007660589,
  "Minute_Fluctuation": 0.0,
  "Minute_5": 0.0000000000000868163384325965,
  "Minute_5_Fluctuation": 0.07593994108427791,
  "Minute_10": 0.0000000000000888991032194547,
  "Minute_10_Fluctuation": 0.062272351197383294,
  "Hour": 0.0000000000000884890726237786,
  "Hour_Fluctuation": 0.05725409272447932,
  "Day": 0.0000000000000883686788667451,
  "Day_Fluctuation": 0.05612427346439815,
  "ThreeDay": 0.0000000000000883686788667451,
  "ThreeDay_Fluctuation": 0.05612427346439815,
  "Week": 0.0000000000000883686788667451,
  "Week_Fluctuation": 0.05612427346439815,
  "Duration": "01:24:52.1883102",
  "Updated": "2021-01-27T12:38:12.404925Z",
  "Failed": 0,
  "HashRate_Live": 11375514373.0,
  "HashRate_Average": 4897718966.53204,
  "BlockRate_Live": 62.0,
  "BlockRate_Average": 61.797395367136126,
  "Actual24h_Week": 0.000046633208392506,
  "Estimate24h_Week": 0.0000861560528670123,
  "ErrorRatio": 0.992307758495909
}
