{
  "Live": 0.00000000000436,
  "Minute": 0.00000000000436,
  "Minute_Fluctuation": 0.0,
  "Minute_5": 0.00000000000436,
  "Minute_5_Fluctuation": 0.0,
  "Minute_10": 0.00000000000436,
  "Minute_10_Fluctuation": 0.0,
  "Hour": 0.00000000000436,
  "Hour_Fluctuation": 0.0,
  "Day": 0.00000000000436,
  "Day_Fluctuation": 0.0,
  "ThreeDay": 0.00000000000436,
  "ThreeDay_Fluctuation": 0.0,
  "Week": 0.00000000000436,
  "Week_Fluctuation": 0.0,
  "Duration": "1.01:16:25.6193212",
  "Updated": "2021-01-27T12:39:17.0855445Z",
  "Failed": 0,
  "HashRate_Live": 113158072.0,
  "HashRate_Average": 84037348.64349426,
  "BlockRate_Live": 216.0,
  "BlockRate_Average": 210.62892373992125,
  "Actual24h_Week": 0.000000221975910668324,
  "Estimate24h_Week": 0.000000225735820308537,
  "ErrorRatio": 0.995365461254558
}
