{
  "Live": 0.00000049954666,
  "Minute": 0.00000049954666,
  "Minute_Fluctuation": 0.0,
  "Minute_5": 0.000000911931616739041,
  "Minute_5_Fluctuation": 0.19953125991730103,
  "Minute_10": 0.00000102186550260534,
  "Minute_10_Fluctuation": 0.12868577364382763,
  "Hour": 0.000000977131331037708,
  "Hour_Fluctuation": 0.16016673130231449,
  "Day": 0.000000972690673500801,
  "Day_Fluctuation": 0.15544494902278938,
  "ThreeDay": 0.000000972690673500801,
  "ThreeDay_Fluctuation": 0.15544494902278938,
  "Week": 0.000000972690673500801,
  "Week_Fluctuation": 0.15544494902278938,
  "Duration": "01:24:52.1883102",
  "Updated": "2021-01-27T12:38:12.3375455Z",
  "Failed": 0,
  "HashRate_Live": 198.0,
  "HashRate_Average": 196.6435052281772,
  "BlockRate_Live": 76.0,
  "BlockRate_Average": 75.29665121461278,
  "Actual24h_Week": 0.000844922536029589,
  "Estimate24h_Week": 0.000853096896787303,
  "ErrorRatio": 0.999839325872682
}
