{
  "Live": 0.0000000000000156401,
  "Minute": 0.0000000000000156401,
  "Minute_Fluctuation": 0.0,
  "Minute_5": 0.0000000000000148683019745206,
  "Minute_5_Fluctuation": 0.15721010236394817,
  "Minute_10": 0.0000000000000137800128513085,
  "Minute_10_Fluctuation": 0.1937929352475952,
  "Hour": 0.0000000000000145898658607182,
  "Hour_Fluctuation": 0.14167072483113693,
  "Day": 0.0000000000000146034580531393,
  "Day_Fluctuation": 0.14191612391392738,
  "ThreeDay": 0.0000000000000146034580531393,
  "ThreeDay_Fluctuation": 0.14191612391392738,
  "Week": 0.0000000000000146034580531393,
  "Week_Fluctuation": 0.14191612391392738,
  "Duration": "01:17:30.9429092",
  "Updated": "2021-01-27T12:38:13.8469537Z",
  "Failed": 0,
  "HashRate_Live": 0.0,
  "HashRate_Average": 0.0,
  "BlockRate_Live": 0.0,
  "BlockRate_Average": 0.0,
  "Actual24h_Week": 0.0,
  "Estimate24h_Week": 0.0000165987586360948,
  "ErrorRatio": 0.984679034673057
}
