{
  "Live": 0.00000000000000005716,
  "Minute": 0.00000000000000005716,
  "Minute_Fluctuation": 0.0,
  "Minute_5": 0.0000000000000000563403284786,
  "Minute_5_Fluctuation": 0.04848995415172208,
  "Minute_10": 0.0000000000000000623890062589,
  "Minute_10_Fluctuation": 0.2117884857894104,
  "Hour": 0.0000000000000000865176109996,
  "Hour_Fluctuation": 0.2771387713928463,
  "Day": 0.0000000000000000868428160167,
  "Day_Fluctuation": 0.2762729341540106,
  "ThreeDay": 0.0000000000000000868428160167,
  "ThreeDay_Fluctuation": 0.2762729341540106,
  "Week": 0.0000000000000000868428160167,
  "Week_Fluctuation": 0.2762729341540106,
  "Duration": "01:09:35.1731673",
  "Updated": "2021-01-27T12:38:12.561287Z",
  "Failed": 0,
  "HashRate_Live": 0.0,
  "HashRate_Average": 107196166303.61914,
  "BlockRate_Live": 65.0,
  "BlockRate_Average": 66.51894907317039,
  "Actual24h_Week": 0.0000000399964954649151,
  "Estimate24h_Week": 0.000000109990362528517,
  "ErrorRatio": 0.991244188272389
}
