{
  "Live": 0.00000000000000213628,
  "Minute": 0.00000000000000213628,
  "Minute_Fluctuation": 0.002991566675534043,
  "Minute_5": 0.0000000000000021737002416929,
  "Minute_5_Fluctuation": 0.03290466897700324,
  "Minute_10": 0.0000000000000022022121226368,
  "Minute_10_Fluctuation": 0.06289136366574759,
  "Hour": 0.0000000000000021333410297993,
  "Hour_Fluctuation": 0.11282972748875994,
  "Day": 0.0000000000000020873170711354,
  "Day_Fluctuation": 0.008339097278454418,
  "ThreeDay": 0.0000000000000020871821586894,
  "ThreeDay_Fluctuation": 0.008157462255032298,
  "Week": 0.0000000000000020871821586894,
  "Week_Fluctuation": 0.008157462255032298,
  "Duration": "1.01:11:27.3307329",
  "Updated": "2021-01-27T12:39:16.9532375Z",
  "Failed": 0,
  "HashRate_Live": 0.0,
  "HashRate_Average": 0.0,
  "BlockRate_Live": 0.0,
  "BlockRate_Average": 0.0,
  "Actual24h_Week": 0.0,
  "Estimate24h_Week": 0.000123104667906518,
  "ErrorRatio": 0.722591831214871
}
