{
  "Live": 0.00000000000000279371,
  "Minute": 0.00000000000000279371,
  "Minute_Fluctuation": 0.0,
  "Minute_5": 0.000000000000003154845178561,
  "Minute_5_Fluctuation": 0.18794782113908948,
  "Minute_10": 0.0000000000000035643728719458,
  "Minute_10_Fluctuation": 0.21135024674120614,
  "Hour": 0.0000000000000034548578942113,
  "Hour_Fluctuation": 0.1884575636747103,
  "Day": 0.0000000000000034577196162345,
  "Day_Fluctuation": 0.18774508552051922,
  "ThreeDay": 0.0000000000000034577196162345,
  "ThreeDay_Fluctuation": 0.18774508552051922,
  "Week": 0.0000000000000034577196162345,
  "Week_Fluctuation": 0.18774508552051922,
  "Duration": "01:17:30.9429092",
  "Updated": "2021-01-27T12:38:13.982861Z",
  "Failed": 0,
  "HashRate_Live": 149009137238.0,
  "HashRate_Average": 139273921595.968,
  "BlockRate_Live": 4.0,
  "BlockRate_Average": 4.0,
  "Actual24h_Week": 0.00000174722367726853,
  "Estimate24h_Week": 0.0000027018185100522,
  "ErrorRatio": 0.994586862781514
}
