{
  "Live": 0.00000000000009822727,
  "Minute": 0.00000000000009822727,
  "Minute_Fluctuation": 0.0,
  "Minute_5": 0.0000000000000973979283696628,
  "Minute_5_Fluctuation": 0.0224229748006895,
  "Minute_10": 0.0000000000000966061383066283,
  "Minute_10_Fluctuation": 0.030270411414026678,
  "Hour": 0.0000000000000996621487447162,
  "Hour_Fluctuation": 0.02932775659493497,
  "Day": 0.0000000000000999270111216695,
  "Day_Fluctuation": 0.02873928099931695,
  "ThreeDay": 0.0000000000000999270111216695,
  "ThreeDay_Fluctuation": 0.02873928099931695,
  "Week": 0.0000000000000999270111216695,
  "Week_Fluctuation": 0.02873928099931695,
  "Duration": "01:24:52.1883102",
  "Updated": "2021-01-27T12:38:12.234371Z",
  "Failed": 0,
  "HashRate_Live": 698265941.0,
  "HashRate_Average": 939249755.1609515,
  "BlockRate_Live": 575.0,
  "BlockRate_Average": 572.8714305865922,
  "Actual24h_Week": 0.0000787740222089857,
  "Estimate24h_Week": 0.0000954154150363613,
  "ErrorRatio": 0.997075432562408
}
