{
  "Live": 0.00000000000000215346,
  "Minute": 0.00000000000000215346,
  "Minute_Fluctuation": 0.0,
  "Minute_5": 0.0000000000000022051738497693,
  "Minute_5_Fluctuation": 0.037737914690146604,
  "Minute_10": 0.0000000000000022650517876345,
  "Minute_10_Fluctuation": 0.05380977907796072,
  "Hour": 0.000000000000002166775426958,
  "Hour_Fluctuation": 0.12952389008338352,
  "Day": 0.0000000000000021614577136474,
  "Day_Fluctuation": 0.13421367077693694,
  "ThreeDay": 0.0000000000000021614577136474,
  "ThreeDay_Fluctuation": 0.13421367077693694,
  "Week": 0.0000000000000021614577136474,
  "Week_Fluctuation": 0.13421367077693694,
  "Duration": "01:23:12.1218851",
  "Updated": "2021-01-27T12:38:12.3171032Z",
  "Failed": 0,
  "HashRate_Live": 44414772204.0,
  "HashRate_Average": 48206802339.53586,
  "BlockRate_Live": 0.0,
  "BlockRate_Average": 0.0,
  "Actual24h_Week": 0.0,
  "Estimate24h_Week": 0.00254852365839596,
  "ErrorRatio": 0.983559791751686
}
