{
  "Live": 0.00000000609,
  "Minute": 0.00000000609,
  "Minute_Fluctuation": 0.05727554179566566,
  "Minute_5": 0.00000000624117595095876,
  "Minute_5_Fluctuation": 0.0289359093100892,
  "Minute_10": 0.00000000617237262632853,
  "Minute_10_Fluctuation": 0.02881381482985187,
  "Hour": 0.00000000627867830525082,
  "Hour_Fluctuation": 0.029307000156674593,
  "Day": 0.00000000654139878512928,
  "Day_Fluctuation": 0.002939026691982077,
  "ThreeDay": 0.00000000654205882839319,
  "ThreeDay_Fluctuation": 0.002840623611245072,
  "Week": 0.00000000654205882839319,
  "Week_Fluctuation": 0.0028406236112450715,
  "Duration": "1.01:27:41.9766011",
  "Updated": "2021-01-27T12:39:12.7780374Z",
  "Failed": 0,
  "HashRate_Live": 38852.0,
  "HashRate_Average": 38270.3542425253,
  "BlockRate_Live": 176.0,
  "BlockRate_Average": 173.46840177410027,
  "Actual24h_Week": 0.000000376114164930125,
  "Estimate24h_Week": 0.000000357759871871002,
  "ErrorRatio": 1.01437240399114
}
