{
  "Live": 0.00000000000438498,
  "Minute": 0.00000000000438498,
  "Minute_Fluctuation": 0.0,
  "Minute_5": 0.00000000000438498001659624,
  "Minute_5_Fluctuation": 2.7812775669573358E-08,
  "Minute_10": 0.00000000000438498041658129,
  "Minute_10_Fluctuation": 3.442412314009498E-07,
  "Hour": 0.00000000000438498355637304,
  "Hour_Fluctuation": 1.0924679102983633E-06,
  "Day": 0.00000000000438498368081412,
  "Day_Fluctuation": 1.1013568896957526E-06,
  "ThreeDay": 0.00000000000438498368081412,
  "ThreeDay_Fluctuation": 1.1013568896957524E-06,
  "Week": 0.00000000000438498368081412,
  "Week_Fluctuation": 1.1013568896957524E-06,
  "Duration": "01:17:30.9429092",
  "Updated": "2021-01-27T12:38:13.5123808Z",
  "Failed": 0,
  "HashRate_Live": 98268852.0,
  "HashRate_Average": 89787976.76599479,
  "BlockRate_Live": 216.0,
  "BlockRate_Average": 211.54813618887223,
  "Actual24h_Week": 0.00000429266479221679,
  "Estimate24h_Week": 0.00000436517117172444,
  "ErrorRatio": 0.999745515655007
}
