{
  "Live": 0.00000000000059563,
  "Minute": 0.00000000000059563,
  "Minute_Fluctuation": 0.0008233356857208897,
  "Minute_5": 0.000000000000598104675300058,
  "Minute_5_Fluctuation": 0.026733368429377367,
  "Minute_10": 0.000000000000620357506477482,
  "Minute_10_Fluctuation": 0.07206526473401786,
  "Hour": 0.000000000000689458011341477,
  "Hour_Fluctuation": 0.04969678190480494,
  "Day": 0.000000000000711398293577141,
  "Day_Fluctuation": 0.0030755044394676395,
  "ThreeDay": 0.000000000000711451516851896,
  "ThreeDay_Fluctuation": 0.0029528271555051317,
  "Week": 0.000000000000711451516851896,
  "Week_Fluctuation": 0.0029528271555051317,
  "Duration": "1.01:27:41.9766011",
  "Updated": "2021-01-27T12:39:13.6130616Z",
  "Failed": 0,
  "HashRate_Live": 835436085.0,
  "HashRate_Average": 842019850.2195641,
  "BlockRate_Live": 3.0,
  "BlockRate_Average": 3.0,
  "Actual24h_Week": 0.000018454020232403,
  "Estimate24h_Week": 0.0000353235440092517,
  "ErrorRatio": 0.866210529875706
}
