{
  "Live": 0.00000000000010,
  "Minute": 0.00000000000010,
  "Minute_Fluctuation": 0.0,
  "Minute_5": 0.000000000000102557399207118,
  "Minute_5_Fluctuation": 0.05187354015968673,
  "Minute_10": 0.000000000000106324614659029,
  "Minute_10_Fluctuation": 0.06660336652624838,
  "Hour": 0.000000000000107026583010999,
  "Hour_Fluctuation": 0.05196253521100209,
  "Day": 0.000000000000100476287353046,
  "Day_Fluctuation": 0.004698148863293871,
  "ThreeDay": 0.000000000000100462879863822,
  "ThreeDay_Fluctuation": 0.004567374056206139,
  "Week": 0.000000000000100462879863822,
  "Week_Fluctuation": 0.004567374056206139,
  "Duration": "1.01:16:25.6193212",
  "Updated": "2021-01-27T12:33:04.7136019Z",
  "Failed": 0,
  "HashRate_Live": 0.0,
  "HashRate_Average": 0.0,
  "BlockRate_Live": 0.0,
  "BlockRate_Average": 0.0,
  "Actual24h_Week": 0.00000000407240747621993,
  "Estimate24h_Week": 0.00000000620549362912846,
  "ErrorRatio": 0.904355136607008
}
