{
  "Live": 0.00000100785,
  "Minute": 0.00000100785,
  "Minute_Fluctuation": 0.022450594489307252,
  "Minute_5": 0.000000941634737083314,
  "Minute_5_Fluctuation": 0.06205599453621805,
  "Minute_10": 0.00000091993617581244,
  "Minute_10_Fluctuation": 0.05294170821549426,
  "Hour": 0.00000088336395981041,
  "Hour_Fluctuation": 0.037416195699970324,
  "Day": 0.000000884910904985766,
  "Day_Fluctuation": 0.002749690937712459,
  "ThreeDay": 0.00000088491259394162,
  "ThreeDay_Fluctuation": 0.002685708950444996,
  "Week": 0.00000088491259394162,
  "Week_Fluctuation": 0.002685708950444996,
  "Duration": "1.01:16:25.6193212",
  "Updated": "2021-01-27T12:39:16.8020261Z",
  "Failed": 0,
  "HashRate_Live": 1483.0,
  "HashRate_Average": 1336.460938745553,
  "BlockRate_Live": 202.0,
  "BlockRate_Average": 201.1547151417226,
  "Actual24h_Week": 0.0000534965897684354,
  "Estimate24h_Week": 0.0000523163636171816,
  "ErrorRatio": 1.0062770743483
}
