{
  "Live": 0.00000000000000270963,
  "Minute": 0.00000000000000270963,
  "Minute_Fluctuation": 0.0,
  "Minute_5": 0.0000000000000027096253803268,
  "Minute_5_Fluctuation": 2.196696982979451E-05,
  "Minute_10": 0.0000000000000027078630825186,
  "Minute_10_Fluctuation": 0.0038412637172606065,
  "Hour": 0.000000000000002586245496936,
  "Hour_Fluctuation": 0.06018001740972635,
  "Day": 0.0000000000000025778076726031,
  "Day_Fluctuation": 0.06086226646705102,
  "ThreeDay": 0.0000000000000025778076726031,
  "ThreeDay_Fluctuation": 0.06086226646705102,
  "Week": 0.0000000000000025778076726031,
  "Week_Fluctuation": 0.06086226646705102,
  "Duration": "01:24:52.1883102",
  "Updated": "2021-01-27T12:06:27.7164464Z",
  "Failed": 0,
  "HashRate_Live": 0.0,
  "HashRate_Average": 74844393.0340492,
  "BlockRate_Live": 24.0,
  "BlockRate_Average": 24.322222338773116,
  "Actual24h_Week": 0.000000889539006825231,
  "Estimate24h_Week": 0.00000235210070617967,
  "ErrorRatio": 0.989573253967938
}
