{
  "Live": 0.00000000000560513,
  "Minute": 0.00000000000560513,
  "Minute_Fluctuation": 0.0,
  "Minute_5": 0.00000000000577712656488274,
  "Minute_5_Fluctuation": 0.05762227076370123,
  "Minute_10": 0.00000000000588724836937514,
  "Minute_10_Fluctuation": 0.06486762951070832,
  "Hour": 0.00000000000581071082271057,
  "Hour_Fluctuation": 0.06473917614474396,
  "Day": 0.00000000000580115972852779,
  "Day_Fluctuation": 0.0645352135608226,
  "ThreeDay": 0.00000000000580115972852779,
  "ThreeDay_Fluctuation": 0.0645352135608226,
  "Week": 0.00000000000580115972852779,
  "Week_Fluctuation": 0.0645352135608226,
  "Duration": "01:24:52.1883102",
  "Updated": "2021-01-27T12:38:11.9936407Z",
  "Failed": 0,
  "HashRate_Live": 2292671.0,
  "HashRate_Average": 23668568.74345413,
  "BlockRate_Live": 307.0,
  "BlockRate_Average": 310.9837767045575,
  "Actual24h_Week": 0.00000587715424347701,
  "Estimate24h_Week": 0.00000611137277786624,
  "ErrorRatio": 0.999357352244292
}
