{
  "Live": 0.00000000088779,
  "Minute": 0.00000000088779,
  "Minute_Fluctuation": 0.0,
  "Minute_5": 0.00000000088779,
  "Minute_5_Fluctuation": 0.0,
  "Minute_10": 0.00000000088779,
  "Minute_10_Fluctuation": 0.0,
  "Hour": 0.00000000088779,
  "Hour_Fluctuation": 0.0,
  "Day": 0.00000000088779,
  "Day_Fluctuation": 0.0,
  "ThreeDay": 0.00000000088779,
  "ThreeDay_Fluctuation": 0.0,
  "Week": 0.00000000088779,
  "Week_Fluctuation": 0.0,
  "Duration": "01:24:52.1883102",
  "Updated": "2021-01-27T12:38:12.729577Z",
  "Failed": 0,
  "HashRate_Live": 37421.0,
  "HashRate_Average": 34440.15909610006,
  "BlockRate_Live": 5.0,
  "BlockRate_Average": 5.0,
  "Actual24h_Week": 0.000000829436877607699,
  "Estimate24h_Week": 0.000000679951298514732,
  "ErrorRatio": 1.0
}
