{
  "Live": 0.00000000127333,
  "Minute": 0.00000000127333,
  "Minute_Fluctuation": 0.0,
  "Minute_5": 0.00000000127166199844044,
  "Minute_5_Fluctuation": 0.0057717116346217515,
  "Minute_10": 0.0000000012668298532918,
  "Minute_10_Fluctuation": 0.011335743768804004,
  "Hour": 0.00000000129818983702077,
  "Hour_Fluctuation": 0.033790155971139296,
  "Day": 0.00000000130037831128034,
  "Day_Fluctuation": 0.034397376608276686,
  "ThreeDay": 0.00000000130037831128034,
  "ThreeDay_Fluctuation": 0.034397376608276686,
  "Week": 0.00000000130037831128034,
  "Week_Fluctuation": 0.034397376608276686,
  "Duration": "01:24:52.1883102",
  "Updated": "2021-01-27T12:38:12.8334259Z",
  "Failed": 0,
  "HashRate_Live": 465159.0,
  "HashRate_Average": 3151728.557930276,
  "BlockRate_Live": 2.0,
  "BlockRate_Average": 2.0,
  "Actual24h_Week": 0.00000138833315161852,
  "Estimate24h_Week": 0.00000124828156583565,
  "ErrorRatio": 1.0
}
