{
  "Live": 0.00000000000000000001581387,
  "Minute": 0.00000000000000000001581387,
  "Minute_Fluctuation": 0.0,
  "Minute_5": 0.0000000000000000000158106417,
  "Minute_5_Fluctuation": 0.0012174097941281255,
  "Minute_10": 0.0000000000000000000157587406,
  "Minute_10_Fluctuation": 0.009947563705852053,
  "Hour": 0.0000000000000000000151658491,
  "Hour_Fluctuation": 0.02544403117174865,
  "Day": 0.0000000000000000000151215336,
  "Day_Fluctuation": 0.024109949075435656,
  "ThreeDay": 0.0000000000000000000151215336,
  "ThreeDay_Fluctuation": 0.02410994907543566,
  "Week": 0.0000000000000000000151215336,
  "Week_Fluctuation": 0.02410994907543566,
  "Duration": "01:24:52.1883102",
  "Updated": "2021-01-27T12:34:04.2244947Z",
  "Failed": 0,
  "HashRate_Live": 0.0,
  "HashRate_Average": 0.0,
  "BlockRate_Live": 1.0,
  "BlockRate_Average": 1.2355316219052406,
  "Actual24h_Week": 0.0,
  "Estimate24h_Week": 0.000012690874287892,
  "ErrorRatio": 0.983231643002826
}
