{
  "Live": 0.00000000000000014449,
  "Minute": 0.00000000000000014449,
  "Minute_Fluctuation": 0.0,
  "Minute_5": 0.000000000000000144490017994,
  "Minute_5_Fluctuation": 2.275632790771002E-06,
  "Minute_10": 0.0000000000000001446070670025,
  "Minute_10_Fluctuation": 0.0058147052245787,
  "Hour": 0.0000000000000001624253872312,
  "Hour_Fluctuation": 0.22983537051269104,
  "Day": 0.000000000000000163052964501,
  "Day_Fluctuation": 0.23389869149795414,
  "ThreeDay": 0.000000000000000163052964501,
  "ThreeDay_Fluctuation": 0.23389869149795414,
  "Week": 0.000000000000000163052964501,
  "Week_Fluctuation": 0.23389869149795414,
  "Duration": "01:17:30.9429092",
  "Updated": "2021-01-27T11:29:19.5114127Z",
  "Failed": 0,
  "HashRate_Live": 0.0,
  "HashRate_Average": 0.0,
  "BlockRate_Live": 0.0,
  "BlockRate_Average": 0.0,
  "Actual24h_Week": 0.0,
  "Estimate24h_Week": 0.000000417156221446438,
  "ErrorRatio": 0.984679034673057
}
