{
  "Live": 0.00000000000002559553,
  "Minute": 0.00000000000002559553,
  "Minute_Fluctuation": 0.0,
  "Minute_5": 0.0000000000000255944476545928,
  "Minute_5_Fluctuation": 0.00029552357969450367,
  "Minute_10": 0.0000000000000255615289113438,
  "Minute_10_Fluctuation": 0.0046529956401452485,
  "Hour": 0.0000000000000249872321193634,
  "Hour_Fluctuation": 0.015387110995149635,
  "Day": 0.0000000000000249456809824909,
  "Day_Fluctuation": 0.014690933278026216,
  "ThreeDay": 0.0000000000000249456809824909,
  "ThreeDay_Fluctuation": 0.014690933278026216,
  "Week": 0.0000000000000249456809824909,
  "Week_Fluctuation": 0.014690933278026216,
  "Duration": "01:24:52.1883102",
  "Updated": "2021-01-27T12:38:12.3286031Z",
  "Failed": 0,
  "HashRate_Live": 19826393672.0,
  "HashRate_Average": 24621266682.955555,
  "BlockRate_Live": 280.0,
  "BlockRate_Average": 271.5333335192135,
  "Actual24h_Week": 0.0000248503098109585,
  "Estimate24h_Week": 0.0000240622039059746,
  "ErrorRatio": 1.0
}
