{
  "Live": 0.00000000000000127563,
  "Minute": 0.00000000000000127563,
  "Minute_Fluctuation": 0.0,
  "Minute_5": 0.0000000000000012108367733998,
  "Minute_5_Fluctuation": 0.08068164027534466,
  "Minute_10": 0.000000000000001176661039205,
  "Minute_10_Fluctuation": 0.09035521515118658,
  "Hour": 0.0000000000000009802900951979,
  "Hour_Fluctuation": 0.2307160130236575,
  "Day": 0.0000000000000009735700311992,
  "Day_Fluctuation": 0.23136469684014566,
  "ThreeDay": 0.0000000000000009735700311992,
  "ThreeDay_Fluctuation": 0.23136469684014566,
  "Week": 0.0000000000000009735700311992,
  "Week_Fluctuation": 0.23136469684014566,
  "Duration": "01:17:30.9429092",
  "Updated": "2021-01-27T12:38:13.3883089Z",
  "Failed": 0,
  "HashRate_Live": 13403275808.0,
  "HashRate_Average": 10449845246.656754,
  "BlockRate_Live": 0.0,
  "BlockRate_Average": 0.0,
  "Actual24h_Week": 0.00000074,
  "Estimate24h_Week": 0.000000974383072951145,
  "ErrorRatio": 0.996314616875444
}
