{
  "Live": 0.00000000155607,
  "Minute": 0.00000000155607,
  "Minute_Fluctuation": 0.0,
  "Minute_5": 0.00000000157565019384688,
  "Minute_5_Fluctuation": 0.02803887284394184,
  "Minute_10": 0.00000000162122116469186,
  "Minute_10_Fluctuation": 0.04826009207721973,
  "Hour": 0.00000000173213325231782,
  "Hour_Fluctuation": 0.031040756043886234,
  "Day": 0.00000000173741248698372,
  "Day_Fluctuation": 0.02892355486417176,
  "ThreeDay": 0.00000000173741248698372,
  "ThreeDay_Fluctuation": 0.028923554864171756,
  "Week": 0.00000000173741248698372,
  "Week_Fluctuation": 0.02892355486417176,
  "Duration": "01:17:30.9429092",
  "Updated": "2021-01-27T12:36:09.5745804Z",
  "Failed": 0,
  "HashRate_Live": 0.0,
  "HashRate_Average": 0.0,
  "BlockRate_Live": 0.0,
  "BlockRate_Average": 0.0,
  "Actual24h_Week": 0.0000000701796895339793,
  "Estimate24h_Week": 0.000000971622621534844,
  "ErrorRatio": 0.985785658341727
}
