{
  "Live": 0.00000000000004366962,
  "Minute": 0.00000000000004366962,
  "Minute_Fluctuation": 0.0,
  "Minute_5": 0.0000000000000436698118196402,
  "Minute_5_Fluctuation": 3.374161091046049E-05,
  "Minute_10": 0.0000000000000436732475237465,
  "Minute_10_Fluctuation": 0.0003900158707362669,
  "Hour": 0.0000000000000436165082267456,
  "Hour_Fluctuation": 0.0021751284074223963,
  "Day": 0.0000000000000436146497922875,
  "Day_Fluctuation": 0.002207188587346037,
  "ThreeDay": 0.0000000000000436146497922875,
  "ThreeDay_Fluctuation": 0.002207188587346037,
  "Week": 0.0000000000000436146497922875,
  "Week_Fluctuation": 0.002207188587346037,
  "Duration": "01:17:30.9429092",
  "Updated": "2021-01-27T12:11:30.1497822Z",
  "Failed": 0,
  "HashRate_Live": 0.0,
  "HashRate_Average": 0.0,
  "BlockRate_Live": 1.0,
  "BlockRate_Average": 1.0,
  "Actual24h_Week": 0.0000278,
  "Estimate24h_Week": 0.0000454315507664781,
  "ErrorRatio": 0.99405407974423
}
