{
  "Live": 0.00000119948776,
  "Minute": 0.00000119948776,
  "Minute_Fluctuation": 0.0,
  "Minute_5": 0.00000120690117706986,
  "Minute_5_Fluctuation": 0.0076256348330247725,
  "Minute_10": 0.00000121056455950994,
  "Minute_10_Fluctuation": 0.01001963555326716,
  "Hour": 0.00000117431114000174,
  "Hour_Fluctuation": 0.03226841034696311,
  "Day": 0.00000117162924691763,
  "Day_Fluctuation": 0.03213961230903821,
  "ThreeDay": 0.00000117162924691763,
  "ThreeDay_Fluctuation": 0.03213961230903821,
  "Week": 0.00000117162924691763,
  "Week_Fluctuation": 0.03213961230903821,
  "Duration": "01:24:52.1883102",
  "Updated": "2021-01-27T12:38:12.8072315Z",
  "Failed": 0,
  "HashRate_Live": 4850.0,
  "HashRate_Average": 2963.046772349012,
  "BlockRate_Live": 200.0,
  "BlockRate_Average": 194.77366011387696,
  "Actual24h_Week": 0.000942644994772498,
  "Estimate24h_Week": 0.00116741039774722,
  "ErrorRatio": 0.996771532509076
}
