{
  "Live": 0.00000000000007660589,
  "Minute": 0.00000000000007660589,
  "Minute_Fluctuation": 0.0,
  "Minute_5": 0.0000000000000868163383875761,
  "Minute_5_Fluctuation": 0.07593994097402786,
  "Minute_10": 0.0000000000000888991374366724,
  "Minute_10_Fluctuation": 0.062274554004079996,
  "Hour": 0.0000000000000882313423498309,
  "Hour_Fluctuation": 0.061321456281758856,
  "Day": 0.0000000000000881875918053621,
  "Day_Fluctuation": 0.06083761426745866,
  "ThreeDay": 0.0000000000000881875918053621,
  "ThreeDay_Fluctuation": 0.06083761426745866,
  "Week": 0.0000000000000881875918053621,
  "Week_Fluctuation": 0.06083761426745866,
  "Duration": "01:17:30.9429092",
  "Updated": "2021-01-27T12:38:13.5649701Z",
  "Failed": 0,
  "HashRate_Live": 101846649.0,
  "HashRate_Average": 45454850.05103043,
  "BlockRate_Live": 0.0,
  "BlockRate_Average": 0.0,
  "Actual24h_Week": 0.0000465587468579247,
  "Estimate24h_Week": 0.0000861718330282364,
  "ErrorRatio": 0.99295697099179
}
