{
  "Live": 0.00000000000000012924,
  "Minute": 0.00000000000000012924,
  "Minute_Fluctuation": 0.0,
  "Minute_5": 0.0000000000000001261654717731,
  "Minute_5_Fluctuation": 0.11339005246667797,
  "Minute_10": 0.0000000000000001234419348571,
  "Minute_10_Fluctuation": 0.20089868938240812,
  "Hour": 0.0000000000000001859208805177,
  "Hour_Fluctuation": 0.610705743203859,
  "Day": 0.0000000000000001906754492331,
  "Day_Fluctuation": 0.6270646400057939,
  "ThreeDay": 0.0000000000000001906754492331,
  "ThreeDay_Fluctuation": 0.627064640005794,
  "Week": 0.0000000000000001906754492331,
  "Week_Fluctuation": 0.627064640005794,
  "Duration": "01:24:52.1883102",
  "Updated": "2021-01-27T12:26:47.8849226Z",
  "Failed": 0,
  "HashRate_Live": 0.0,
  "HashRate_Average": 0.0,
  "BlockRate_Live": 0.0,
  "BlockRate_Average": 0.0,
  "Actual24h_Week": 0.0,
  "Estimate24h_Week": 0.000000163657615685295,
  "ErrorRatio": 0.983231643002826
}
