{
  "Live": 0.00000000167524,
  "Minute": 0.00000000167524,
  "Minute_Fluctuation": 0.0,
  "Minute_5": 0.00000000166115663464675,
  "Minute_5_Fluctuation": 0.02927708544998119,
  "Minute_10": 0.00000000161752810945546,
  "Minute_10_Fluctuation": 0.07369553535505653,
  "Hour": 0.00000000184743241984198,
  "Hour_Fluctuation": 0.18637742503692636,
  "Day": 0.00000000185388983858122,
  "Day_Fluctuation": 0.18933527891959312,
  "ThreeDay": 0.00000000185388983858122,
  "ThreeDay_Fluctuation": 0.18933527891959312,
  "Week": 0.00000000185388983858122,
  "Week_Fluctuation": 0.18933527891959312,
  "Duration": "01:17:30.9429092",
  "Updated": "2021-01-27T12:36:09.9191724Z",
  "Failed": 0,
  "HashRate_Live": 1454.0,
  "HashRate_Average": 1380.1677313833513,
  "BlockRate_Live": 18.0,
  "BlockRate_Average": 18.932763768602552,
  "Actual24h_Week": 0.00000392404778014864,
  "Estimate24h_Week": 0.00000193204609180589,
  "ErrorRatio": 1.0
}
