{
  "Live": 0.00000000000000044111,
  "Minute": 0.00000000000000044111,
  "Minute_Fluctuation": 0.0,
  "Minute_5": 0.0000000000000004253814579124,
  "Minute_5_Fluctuation": 0.037973458176822975,
  "Minute_10": 0.0000000000000004212655232328,
  "Minute_10_Fluctuation": 0.06195554275720129,
  "Hour": 0.0000000000000004491792982007,
  "Hour_Fluctuation": 0.220100177809725,
  "Day": 0.000000000000000451564830816,
  "Day_Fluctuation": 0.22988800297838938,
  "ThreeDay": 0.000000000000000451564830816,
  "ThreeDay_Fluctuation": 0.2298880029783895,
  "Week": 0.000000000000000451564830816,
  "Week_Fluctuation": 0.22988800297838943,
  "Duration": "01:24:52.1883102",
  "Updated": "2021-01-27T12:38:12.473774Z",
  "Failed": 0,
  "HashRate_Live": 90541117509.0,
  "HashRate_Average": 541114750472.7795,
  "BlockRate_Live": 10.0,
  "BlockRate_Average": 10.685050031320163,
  "Actual24h_Week": 0.000000217941347760571,
  "Estimate24h_Week": 0.000000406253690247907,
  "ErrorRatio": 0.992227298701275
}
