{
  "Live": 0.0000000018228,
  "Minute": 0.0000000018228,
  "Minute_Fluctuation": 0.0,
  "Minute_5": 0.00000000179972274106139,
  "Minute_5_Fluctuation": 0.011396267780895634,
  "Minute_10": 0.00000000178981196935553,
  "Minute_10_Fluctuation": 0.008785320895422164,
  "Hour": 0.00000000176957141247935,
  "Hour_Fluctuation": 0.011901312079940617,
  "Day": 0.00000000176831411961058,
  "Day_Fluctuation": 0.011909938319031851,
  "ThreeDay": 0.00000000176831411961058,
  "ThreeDay_Fluctuation": 0.011909938319031851,
  "Week": 0.00000000176831411961058,
  "Week_Fluctuation": 0.011909938319031851,
  "Duration": "01:24:52.1883102",
  "Updated": "2021-01-27T12:38:12.7092304Z",
  "Failed": 0,
  "HashRate_Live": 107180.0,
  "HashRate_Average": 108794.71655157089,
  "BlockRate_Live": 2.0,
  "BlockRate_Average": 2.0,
  "Actual24h_Week": 0.00000284243928203895,
  "Estimate24h_Week": 0.00000171279806187299,
  "ErrorRatio": 1.0
}
