{
  "Live": 0.00000000000004070668,
  "Minute": 0.00000000000004070668,
  "Minute_Fluctuation": 0.0,
  "Minute_5": 0.0000000000000399535241646328,
  "Minute_5_Fluctuation": 0.053437857492571,
  "Minute_10": 0.000000000000038989300493943,
  "Minute_10_Fluctuation": 0.06554721046301636,
  "Hour": 0.0000000000000396225880257964,
  "Hour_Fluctuation": 0.04709663826541378,
  "Day": 0.0000000000000396350726109166,
  "Day_Fluctuation": 0.047012897569663446,
  "ThreeDay": 0.0000000000000396350726109166,
  "ThreeDay_Fluctuation": 0.04701289756966345,
  "Week": 0.0000000000000396350726109166,
  "Week_Fluctuation": 0.04701289756966345,
  "Duration": "01:17:30.9429092",
  "Updated": "2021-01-27T12:38:13.2413192Z",
  "Failed": 0,
  "HashRate_Live": 0.0,
  "HashRate_Average": 0.0,
  "BlockRate_Live": 39.0,
  "BlockRate_Average": 39.0,
  "Actual24h_Week": 0.0000161998986423417,
  "Estimate24h_Week": 0.0000443260143000646,
  "ErrorRatio": 0.990278412133867
}
