{
  "Live": 0.00000000096629,
  "Minute": 0.00000000096629,
  "Minute_Fluctuation": 0.0,
  "Minute_5": 0.000000000953685180750298,
  "Minute_5_Fluctuation": 0.07153662341193823,
  "Minute_10": 0.000000000904145247658985,
  "Minute_10_Fluctuation": 0.09843191593441758,
  "Hour": 0.000000000854114967525281,
  "Hour_Fluctuation": 0.07604047610385802,
  "Day": 0.000000000850568199765669,
  "Day_Fluctuation": 0.07416754217058492,
  "ThreeDay": 0.000000000850568199765669,
  "ThreeDay_Fluctuation": 0.07416754217058491,
  "Week": 0.000000000850568199765669,
  "Week_Fluctuation": 0.07416754217058492,
  "Duration": "01:24:52.1883102",
  "Updated": "2021-01-27T12:38:12.2983017Z",
  "Failed": 0,
  "HashRate_Live": 12533.0,
  "HashRate_Average": 13305.09292627137,
  "BlockRate_Live": 27.0,
  "BlockRate_Average": 27.283724144663186,
  "Actual24h_Week": 0.000000868392682991608,
  "Estimate24h_Week": 0.00000082994055554004,
  "ErrorRatio": 1.0
}
