{
  "Live": 0.00000042763,
  "Minute": 0.00000042763,
  "Minute_Fluctuation": 0.042090408135836144,
  "Minute_5": 0.000000447635960316555,
  "Minute_5_Fluctuation": 0.07258951280788851,
  "Minute_10": 0.00000044186487857911,
  "Minute_10_Fluctuation": 0.08453735769123565,
  "Hour": 0.000000414323160828655,
  "Hour_Fluctuation": 0.06669760084217667,
  "Day": 0.000000406911981077366,
  "Day_Fluctuation": 0.004329853397702955,
  "ThreeDay": 0.000000406892234510407,
  "ThreeDay_Fluctuation": 0.004199106528095691,
  "Week": 0.000000406892234510407,
  "Week_Fluctuation": 0.004199106528095691,
  "Duration": "1.01:16:25.6193212",
  "Updated": "2021-01-27T12:39:16.782976Z",
  "Failed": 0,
  "HashRate_Live": 337.0,
  "HashRate_Average": 1107.2902913514604,
  "BlockRate_Live": 186.0,
  "BlockRate_Average": 197.2782614495297,
  "Actual24h_Week": 0.0000231914752685605,
  "Estimate24h_Week": 0.0000240655114697444,
  "ErrorRatio": 0.989894357897978
}
