{
  "Live": 0.00000000000000092554,
  "Minute": 0.00000000000000092554,
  "Minute_Fluctuation": 0.0,
  "Minute_5": 0.0000000000000010512539911574,
  "Minute_5_Fluctuation": 0.10304435304027929,
  "Minute_10": 0.0000000000000011169059144942,
  "Minute_10_Fluctuation": 0.14655814787819274,
  "Hour": 0.0000000000000015281599036637,
  "Hour_Fluctuation": 0.35457996194144326,
  "Day": 0.0000000000000015588852187682,
  "Day_Fluctuation": 0.3578762400710043,
  "ThreeDay": 0.0000000000000015588852187682,
  "ThreeDay_Fluctuation": 0.3578762400710043,
  "Week": 0.0000000000000015588852187682,
  "Week_Fluctuation": 0.3578762400710043,
  "Duration": "01:24:52.1883102",
  "Updated": "2021-01-27T12:38:12.1358614Z",
  "Failed": 0,
  "HashRate_Live": 0.0,
  "HashRate_Average": 0.0,
  "BlockRate_Live": 0.0,
  "BlockRate_Average": 0.0,
  "Actual24h_Week": 0.0,
  "Estimate24h_Week": 0.00000109929640185397,
  "ErrorRatio": 0.983231643002826
}
