{
  "Live": 0.00000000000042257,
  "Minute": 0.00000000000042257,
  "Minute_Fluctuation": 0.0,
  "Minute_5": 0.000000000000421957053816259,
  "Minute_5_Fluctuation": 0.002016897459624301,
  "Minute_10": 0.000000000000421144949719368,
  "Minute_10_Fluctuation": 0.003771124943139998,
  "Hour": 0.000000000000417504126841155,
  "Hour_Fluctuation": 0.00658006944300457,
  "Day": 0.000000000000417353827216736,
  "Day_Fluctuation": 0.0064335804351041475,
  "ThreeDay": 0.000000000000417353827216736,
  "ThreeDay_Fluctuation": 0.0064335804351041475,
  "Week": 0.000000000000417353827216736,
  "Week_Fluctuation": 0.0064335804351041475,
  "Duration": "01:17:30.9429092",
  "Updated": "2021-01-27T12:38:13.3264772Z",
  "Failed": 0,
  "HashRate_Live": 1288630360.0,
  "HashRate_Average": 1252856153.4883204,
  "BlockRate_Live": 467.0,
  "BlockRate_Average": 455.53682144719477,
  "Actual24h_Week": 0.000000341576650324237,
  "Estimate24h_Week": 0.00000041,
  "ErrorRatio": 0.997443142029425
}
