{
  "Live": 0.00000000000093821201,
  "Minute": 0.00000000000093821201,
  "Minute_Fluctuation": 0.0,
  "Minute_5": 0.00000000000100229848437137,
  "Minute_5_Fluctuation": 0.10300757076656396,
  "Minute_10": 0.00000000000097003585048875,
  "Minute_10_Fluctuation": 0.13207299826725138,
  "Hour": 0.000000000000689876144664705,
  "Hour_Fluctuation": 0.2816227581345104,
  "Day": 0.000000000000668724289090559,
  "Day_Fluctuation": 0.26729665129672675,
  "ThreeDay": 0.000000000000668724289090559,
  "ThreeDay_Fluctuation": 0.26729665129672675,
  "Week": 0.000000000000668724289090559,
  "Week_Fluctuation": 0.26729665129672675,
  "Duration": "01:24:52.1883102",
  "Updated": "2021-01-27T12:38:12.0610659Z",
  "Failed": 0,
  "HashRate_Live": 569455398.0,
  "HashRate_Average": 490066361.6979208,
  "BlockRate_Live": 377.0,
  "BlockRate_Average": 368.8814136819019,
  "Actual24h_Week": 0.000518110834741342,
  "Estimate24h_Week": 0.000575239316729953,
  "ErrorRatio": 0.99833469174858
}
