{
  "Live": 0.00000000000000000568903546,
  "Minute": 0.00000000000000000568903546,
  "Minute_Fluctuation": 0.0,
  "Minute_5": 0.0000000000000000057487097774,
  "Minute_5_Fluctuation": 0.018397533667956045,
  "Minute_10": 0.0000000000000000058601633029,
  "Minute_10_Fluctuation": 0.038532564976459634,
  "Hour": 0.0000000000000000063130407063,
  "Hour_Fluctuation": 0.04111292997561856,
  "Day": 0.0000000000000000063473745101,
  "Day_Fluctuation": 0.038018170370246795,
  "ThreeDay": 0.0000000000000000063473745101,
  "ThreeDay_Fluctuation": 0.038018170370246795,
  "Week": 0.0000000000000000063473745101,
  "Week_Fluctuation": 0.038018170370246795,
  "Duration": "01:24:52.1883102",
  "Updated": "2021-01-27T12:38:12.2055356Z",
  "Failed": 0,
  "HashRate_Live": 0.0,
  "HashRate_Average": 94119910045347.31,
  "BlockRate_Live": 3.0,
  "BlockRate_Average": 2.8594525911204784,
  "Actual24h_Week": 0.00153405755885413,
  "Estimate24h_Week": 0.00617620211753727,
  "ErrorRatio": 0.987396601388504
}
