{
  "Live": 0.00000000000157993,
  "Minute": 0.00000000000157993,
  "Minute_Fluctuation": 0.0,
  "Minute_5": 0.00000000000157993000285577,
  "Minute_5_Fluctuation": 1.7195688081849006E-08,
  "Minute_10": 0.00000000000157993022133693,
  "Minute_10_Fluctuation": 5.800978907697109E-07,
  "Hour": 0.00000000000157993435587235,
  "Hour_Fluctuation": 2.8349024435349634E-06,
  "Day": 0.00000000000157993450828871,
  "Day_Fluctuation": 2.834369660998469E-06,
  "ThreeDay": 0.00000000000157993450828871,
  "ThreeDay_Fluctuation": 2.834369660998469E-06,
  "Week": 0.00000000000157993450828871,
  "Week_Fluctuation": 2.834369660998469E-06,
  "Duration": "01:17:30.9429092",
  "Updated": "2021-01-27T12:06:30.6485894Z",
  "Failed": 0,
  "HashRate_Live": 0.0,
  "HashRate_Average": 0.0,
  "BlockRate_Live": 0.0,
  "BlockRate_Average": 0.0,
  "Actual24h_Week": 0.00000176171344211262,
  "Estimate24h_Week": 0.00000156,
  "ErrorRatio": 1.0
}
