{
  "Live": 0.00000000000128136,
  "Minute": 0.00000000000128136,
  "Minute_Fluctuation": 0.0,
  "Minute_5": 0.00000000000128253088475777,
  "Minute_5_Fluctuation": 0.003409804859332466,
  "Minute_10": 0.00000000000129138114059133,
  "Minute_10_Fluctuation": 0.020998292656644803,
  "Hour": 0.00000000000145867137763346,
  "Hour_Fluctuation": 0.10319003926254718,
  "Day": 0.00000000000147051545787732,
  "Day_Fluctuation": 0.10173503466409803,
  "ThreeDay": 0.00000000000147051545787732,
  "ThreeDay_Fluctuation": 0.10173503466409803,
  "Week": 0.00000000000147051545787732,
  "Week_Fluctuation": 0.10173503466409803,
  "Duration": "01:24:52.1883102",
  "Updated": "2021-01-27T12:38:11.9760064Z",
  "Failed": 0,
  "HashRate_Live": 42288351.0,
  "HashRate_Average": 40371508.49973521,
  "BlockRate_Live": 92.0,
  "BlockRate_Average": 93.87301351552661,
  "Actual24h_Week": 0.00000174386400812671,
  "Estimate24h_Week": 0.00000125966321954753,
  "ErrorRatio": 1.0
}
