{
  "Live": 0.00000000000030244,
  "Minute": 0.00000000000030244,
  "Minute_Fluctuation": 0.0,
  "Minute_5": 0.000000000000302388476491934,
  "Minute_5_Fluctuation": 0.007382467221230901,
  "Minute_10": 0.000000000000300535915359489,
  "Minute_10_Fluctuation": 0.02012673834260977,
  "Hour": 0.000000000000301143824715687,
  "Hour_Fluctuation": 0.08786986444792438,
  "Day": 0.00000000000030107779176023,
  "Day_Fluctuation": 0.0929919921992471,
  "ThreeDay": 0.00000000000030107779176023,
  "ThreeDay_Fluctuation": 0.0929919921992471,
  "Week": 0.00000000000030107779176023,
  "Week_Fluctuation": 0.0929919921992471,
  "Duration": "01:24:52.1883102",
  "Updated": "2021-01-27T12:38:12.7596012Z",
  "Failed": 0,
  "HashRate_Live": 1354163102.0,
  "HashRate_Average": 1404925904.6402194,
  "BlockRate_Live": 1179.0,
  "BlockRate_Average": 1178.252479579072,
  "Actual24h_Week": 0.000000302927666337548,
  "Estimate24h_Week": 0.000000339975649257366,
  "ErrorRatio": 0.998172710883907
}
