{
  "Live": 0.00000000000001421065,
  "Minute": 0.00000000000001421065,
  "Minute_Fluctuation": 0.0,
  "Minute_5": 0.0000000000000134446996306001,
  "Minute_5_Fluctuation": 0.18237829451505974,
  "Minute_10": 0.0000000000000124601369935331,
  "Minute_10_Fluctuation": 0.22166509392934494,
  "Hour": 0.0000000000000131083599775857,
  "Hour_Fluctuation": 0.142354739542757,
  "Day": 0.0000000000000131211271117792,
  "Day_Fluctuation": 0.1419642692318616,
  "ThreeDay": 0.0000000000000131211271117792,
  "ThreeDay_Fluctuation": 0.14196426923186156,
  "Week": 0.0000000000000131211271117792,
  "Week_Fluctuation": 0.1419642692318616,
  "Duration": "01:17:30.9429092",
  "Updated": "2021-01-27T12:38:13.2808671Z",
  "Failed": 0,
  "HashRate_Live": 0.0,
  "HashRate_Average": 0.0,
  "BlockRate_Live": 0.0,
  "BlockRate_Average": 0.0,
  "Actual24h_Week": 0.0,
  "Estimate24h_Week": 0.0000125729679841093,
  "ErrorRatio": 0.984679034673057
}
