{
  "Live": 0.00000000000000000909,
  "Minute": 0.00000000000000000909,
  "Minute_Fluctuation": 0.15355329949238544,
  "Minute_5": 0.0000000000000000079858220237,
  "Minute_5_Fluctuation": 0.09513645139784549,
  "Minute_10": 0.0000000000000000077967694398,
  "Minute_10_Fluctuation": 0.10181578677179316,
  "Hour": 0.0000000000000000076786352251,
  "Hour_Fluctuation": 0.13102404667711787,
  "Day": 0.0000000000000000091389615922,
  "Day_Fluctuation": 0.014230094858435518,
  "ThreeDay": 0.000000000000000009142299076,
  "ThreeDay_Fluctuation": 0.013868737692189445,
  "Week": 0.000000000000000009142299076,
  "Week_Fluctuation": 0.013868737692189445,
  "Duration": "1.01:27:41.9766011",
  "Updated": "2021-01-27T12:39:12.7425978Z",
  "Failed": 0,
  "HashRate_Live": 11707306609458.0,
  "HashRate_Average": 11391628704163.582,
  "BlockRate_Live": 37.0,
  "BlockRate_Average": 36.00263877208568,
  "Actual24h_Week": 0.000000861983445030031,
  "Estimate24h_Week": 0.000000656095915303782,
  "ErrorRatio": 1.06090250695718
}
