{
  "Live": 0.00000000000000618852,
  "Minute": 0.00000000000000618852,
  "Minute_Fluctuation": 0.0,
  "Minute_5": 0.0000000000000062350896628885,
  "Minute_5_Fluctuation": 0.012232344865730644,
  "Minute_10": 0.0000000000000062422894591205,
  "Minute_10_Fluctuation": 0.022791299948248557,
  "Hour": 0.0000000000000056655684121191,
  "Hour_Fluctuation": 0.09520249515367799,
  "Day": 0.0000000000000056446771725117,
  "Day_Fluctuation": 0.09474903635787071,
  "ThreeDay": 0.0000000000000056446771725117,
  "ThreeDay_Fluctuation": 0.09474903635787071,
  "Week": 0.0000000000000056446771725117,
  "Week_Fluctuation": 0.09474903635787071,
  "Duration": "01:17:30.9429092",
  "Updated": "2021-01-27T12:36:09.2760236Z",
  "Failed": 0,
  "HashRate_Live": 0.0,
  "HashRate_Average": 0.0,
  "BlockRate_Live": 0.0,
  "BlockRate_Average": 0.0,
  "Actual24h_Week": 0.0,
  "Estimate24h_Week": 0.00000613791351544008,
  "ErrorRatio": 0.984679034673057
}
