{
  "Live": 0.0000000000031,
  "Minute": 0.0000000000031,
  "Minute_Fluctuation": 0.0,
  "Minute_5": 0.00000000000304392499018068,
  "Minute_5_Fluctuation": 0.08369578289089996,
  "Minute_10": 0.00000000000279698869101454,
  "Minute_10_Fluctuation": 0.22423882361400022,
  "Hour": 0.00000000000314846707301074,
  "Hour_Fluctuation": 0.23840685009989493,
  "Day": 0.00000000000441411138369078,
  "Day_Fluctuation": 0.02293995111035847,
  "ThreeDay": 0.00000000000441680855322184,
  "ThreeDay_Fluctuation": 0.022344648091190283,
  "Week": 0.00000000000441680855322184,
  "Week_Fluctuation": 0.022344648091190276,
  "Duration": "1.01:16:25.6193212",
  "Updated": "2021-01-27T12:39:17.0476417Z",
  "Failed": 0,
  "HashRate_Live": 46529.0,
  "HashRate_Average": 41108.02423973862,
  "BlockRate_Live": 1.0,
  "BlockRate_Average": 1.0,
  "Actual24h_Week": 0.00000100960334345016,
  "Estimate24h_Week": 0.000000136663987949879,
  "ErrorRatio": 1.05307429769907
}
