{
  "Live": 0.00000000000000000365441058,
  "Minute": 0.00000000000000000365441058,
  "Minute_Fluctuation": 0.0,
  "Minute_5": 0.0000000000000000036555187689,
  "Minute_5_Fluctuation": 0.0004652424433956351,
  "Minute_10": 0.0000000000000000036565458418,
  "Minute_10_Fluctuation": 0.0006741689366494168,
  "Hour": 0.0000000000000000036469097665,
  "Hour_Fluctuation": 0.0026827663567367357,
  "Day": 0.0000000000000000036462363008,
  "Day_Fluctuation": 0.0026768792049058753,
  "ThreeDay": 0.0000000000000000036462363008,
  "ThreeDay_Fluctuation": 0.0026768792049058753,
  "Week": 0.0000000000000000036462363008,
  "Week_Fluctuation": 0.0026768792049058753,
  "Duration": "01:24:52.1883102",
  "Updated": "2021-01-27T12:38:12.4942292Z",
  "Failed": 0,
  "HashRate_Live": 0.0,
  "HashRate_Average": 0.0,
  "BlockRate_Live": 0.0,
  "BlockRate_Average": 0.0,
  "Actual24h_Week": 0.00000942932462499106,
  "Estimate24h_Week": 0.00246983262781039,
  "ErrorRatio": 0.983295661220002
}
