{
  "Live": 0.00000008992014,
  "Minute": 0.00000008992014,
  "Minute_Fluctuation": 0.0,
  "Minute_5": 0.0000000894479850917169,
  "Minute_5_Fluctuation": 0.009183466572565309,
  "Minute_10": 0.0000000886915296337857,
  "Minute_10_Fluctuation": 0.016513455458827417,
  "Hour": 0.0000000848046839310134,
  "Hour_Fluctuation": 0.03335279818985197,
  "Day": 0.0000000846504529174829,
  "Day_Fluctuation": 0.03260837875726294,
  "ThreeDay": 0.0000000846504529174829,
  "ThreeDay_Fluctuation": 0.03260837875726294,
  "Week": 0.0000000846504529174829,
  "Week_Fluctuation": 0.03260837875726294,
  "Duration": "01:17:30.9429092",
  "Updated": "2021-01-27T12:38:14.0031219Z",
  "Failed": 0,
  "HashRate_Live": 158.0,
  "HashRate_Average": 860.6196098545312,
  "BlockRate_Live": 186.0,
  "BlockRate_Average": 188.25477059087933,
  "Actual24h_Week": 0.000091061112782673,
  "Estimate24h_Week": 0.000172144844000035,
  "ErrorRatio": 0.992783512966789
}
