{
  "Live": 0.00000000000000000615146588,
  "Minute": 0.00000000000000000615146588,
  "Minute_Fluctuation": 0.0,
  "Minute_5": 0.0000000000000000061370426583,
  "Minute_5_Fluctuation": 0.013968414545967436,
  "Minute_10": 0.0000000000000000059622577414,
  "Minute_10_Fluctuation": 0.08731309744041564,
  "Hour": 0.0000000000000000048940298371,
  "Hour_Fluctuation": 0.12961487814609243,
  "Day": 0.000000000000000004809205248,
  "Day_Fluctuation": 0.11992803128798395,
  "ThreeDay": 0.000000000000000004809205248,
  "ThreeDay_Fluctuation": 0.11992803128798395,
  "Week": 0.000000000000000004809205248,
  "Week_Fluctuation": 0.11992803128798396,
  "Duration": "01:24:52.1883102",
  "Updated": "2021-01-27T12:18:31.6372994Z",
  "Failed": 0,
  "HashRate_Live": 0.0,
  "HashRate_Average": 2004667039822.3645,
  "BlockRate_Live": 0.0,
  "BlockRate_Average": 0.0,
  "Actual24h_Week": 0.0,
  "Estimate24h_Week": 0.00438713960140112,
  "ErrorRatio": 0.983231643002826
}
