{
  "Live": 0.00000000207,
  "Minute": 0.00000000207,
  "Minute_Fluctuation": 0.0,
  "Minute_5": 0.00000000207672022212345,
  "Minute_5_Fluctuation": 0.0037486497814789876,
  "Minute_10": 0.00000000208134367593787,
  "Minute_10_Fluctuation": 0.003900010618986214,
  "Hour": 0.00000000209942971010944,
  "Hour_Fluctuation": 0.006041515637897718,
  "Day": 0.00000000211869989448232,
  "Day_Fluctuation": 0.0006010581195154029,
  "ThreeDay": 0.00000000211873907346463,
  "ThreeDay_Fluctuation": 0.0005832544671811308,
  "Week": 0.00000000211873907346463,
  "Week_Fluctuation": 0.0005832544671811308,
  "Duration": "1.01:16:25.6193212",
  "Updated": "2021-01-27T12:39:17.298326Z",
  "Failed": 0,
  "HashRate_Live": 1389.0,
  "HashRate_Average": 1468.1275303061489,
  "BlockRate_Live": 0.0,
  "BlockRate_Average": 0.0,
  "Actual24h_Week": 0.0,
  "Estimate24h_Week": 0.000000106745336316625,
  "ErrorRatio": 0.721753577728314
}
