{
  "Live": 0.00000000000000000001581387,
  "Minute": 0.00000000000000000001581387,
  "Minute_Fluctuation": 0.0,
  "Minute_5": 0.0000000000000000000158116858,
  "Minute_5_Fluctuation": 0.000891416639214433,
  "Minute_10": 0.0000000000000000000157670856,
  "Minute_10_Fluctuation": 0.009078764452447945,
  "Hour": 0.0000000000000000000152042321,
  "Hour_Fluctuation": 0.026119689542140195,
  "Day": 0.0000000000000000000151829004,
  "Day_Fluctuation": 0.02558117042830592,
  "ThreeDay": 0.0000000000000000000151829004,
  "ThreeDay_Fluctuation": 0.02558117042830592,
  "Week": 0.0000000000000000000151829004,
  "Week_Fluctuation": 0.02558117042830592,
  "Duration": "01:17:30.9429092",
  "Updated": "2021-01-27T12:34:05.4039881Z",
  "Failed": 0,
  "HashRate_Live": 0.0,
  "HashRate_Average": 0.0,
  "BlockRate_Live": 0.0,
  "BlockRate_Average": 0.0,
  "Actual24h_Week": 0.0,
  "Estimate24h_Week": 0.0000126655884509399,
  "ErrorRatio": 0.984679034673057
}
