{
  "Live": 0.00000000000993044,
  "Minute": 0.00000000000993044,
  "Minute_Fluctuation": 0.0,
  "Minute_5": 0.00000000000993412745316521,
  "Minute_5_Fluctuation": 0.0014893956055763646,
  "Minute_10": 0.0000000000100055512077287,
  "Minute_10_Fluctuation": 0.026189852431692594,
  "Hour": 0.000000000011470007959575,
  "Hour_Fluctuation": 0.12109087888950366,
  "Day": 0.0000000000115238318037959,
  "Day_Fluctuation": 0.12049985581616476,
  "ThreeDay": 0.0000000000115238318037959,
  "ThreeDay_Fluctuation": 0.12049985581616476,
  "Week": 0.0000000000115238318037959,
  "Week_Fluctuation": 0.12049985581616476,
  "Duration": "01:17:30.9429092",
  "Updated": "2021-01-27T12:38:13.7912058Z",
  "Failed": 0,
  "HashRate_Live": 0.0,
  "HashRate_Average": 186417.58474708296,
  "BlockRate_Live": 3.0,
  "BlockRate_Average": 3.0,
  "Actual24h_Week": 0.00000700150585460899,
  "Estimate24h_Week": 0.0000092547335637622,
  "ErrorRatio": 0.996269841441917
}
