{
  "Live": 0.00000000000000000024256168,
  "Minute": 0.00000000000000000024256168,
  "Minute_Fluctuation": 0.0,
  "Minute_5": 0.0000000000000000002436707954,
  "Minute_5_Fluctuation": 0.00692534080741729,
  "Minute_10": 0.0000000000000000002449351566,
  "Minute_10_Fluctuation": 0.00851032506222675,
  "Hour": 0.000000000000000000246888696,
  "Hour_Fluctuation": 0.006011214362252518,
  "Day": 0.0000000000000000002470240932,
  "Day_Fluctuation": 0.005696791299836279,
  "ThreeDay": 0.0000000000000000002470240932,
  "ThreeDay_Fluctuation": 0.005696791299836279,
  "Week": 0.0000000000000000002470240932,
  "Week_Fluctuation": 0.005696791299836279,
  "Duration": "01:24:52.1883102",
  "Updated": "2021-01-27T12:38:12.3249999Z",
  "Failed": 0,
  "HashRate_Live": 0.0,
  "HashRate_Average": 14741265.119517626,
  "BlockRate_Live": 26.0,
  "BlockRate_Average": 26.0,
  "Actual24h_Week": 0.000297578685938212,
  "Estimate24h_Week": 0.00445729531971503,
  "ErrorRatio": 0.984351134820766
}
