{
  "Live": 0.00000008992014,
  "Minute": 0.00000008992014,
  "Minute_Fluctuation": 0.0,
  "Minute_5": 0.0000000894453689391616,
  "Minute_5_Fluctuation": 0.009330516389285896,
  "Minute_10": 0.0000000886703925978286,
  "Minute_10_Fluctuation": 0.016929010160127815,
  "Hour": 0.0000000844333232886141,
  "Hour_Fluctuation": 0.03657505456800224,
  "Day": 0.0000000841271557202436,
  "Day_Fluctuation": 0.03517821802075173,
  "ThreeDay": 0.0000000841271557202436,
  "ThreeDay_Fluctuation": 0.03517821802075173,
  "Week": 0.0000000841271557202436,
  "Week_Fluctuation": 0.03517821802075173,
  "Duration": "01:24:52.1883102",
  "Updated": "2021-01-27T12:38:12.8197154Z",
  "Failed": 0,
  "HashRate_Live": 2507.0,
  "HashRate_Average": 2281.681129227654,
  "BlockRate_Live": 219.0,
  "BlockRate_Average": 222.5778504849562,
  "Actual24h_Week": 0.0000910669201316042,
  "Estimate24h_Week": 0.000172422522722097,
  "ErrorRatio": 0.992088041826436
}
