{
  "Live": 0.00000000000034383,
  "Minute": 0.00000000000034383,
  "Minute_Fluctuation": 0.0,
  "Minute_5": 0.000000000000343342775186671,
  "Minute_5_Fluctuation": 0.00343242589877477,
  "Minute_10": 0.000000000000342756074667438,
  "Minute_10_Fluctuation": 0.004518908345258361,
  "Hour": 0.000000000000344626772942835,
  "Hour_Fluctuation": 0.01077879317927351,
  "Day": 0.000000000000344750094150803,
  "Day_Fluctuation": 0.011134409647252473,
  "ThreeDay": 0.000000000000344750094150803,
  "ThreeDay_Fluctuation": 0.011134409647252473,
  "Week": 0.000000000000344750094150803,
  "Week_Fluctuation": 0.011134409647252473,
  "Duration": "01:24:52.1883102",
  "Updated": "2021-01-27T12:38:12.3970429Z",
  "Failed": 0,
  "HashRate_Live": 0.0,
  "HashRate_Average": 0.0,
  "BlockRate_Live": 22.0,
  "BlockRate_Average": 20.675405503668472,
  "Actual24h_Week": 0.000000246265149420911,
  "Estimate24h_Week": 0.000000339975649257366,
  "ErrorRatio": 0.995377989220482
}
