{
  "Live": 0.00000000096629,
  "Minute": 0.00000000096629,
  "Minute_Fluctuation": 0.0,
  "Minute_5": 0.000000000953685180966135,
  "Minute_5_Fluctuation": 0.07153662408581091,
  "Minute_10": 0.000000000904141297780688,
  "Minute_10_Fluctuation": 0.09842622177806731,
  "Hour": 0.000000000843455210796858,
  "Hour_Fluctuation": 0.0718865298924536,
  "Day": 0.000000000840128449305042,
  "Day_Fluctuation": 0.07003229725305048,
  "ThreeDay": 0.000000000840128449305042,
  "ThreeDay_Fluctuation": 0.07003229725305048,
  "Week": 0.000000000840128449305042,
  "Week_Fluctuation": 0.07003229725305048,
  "Duration": "01:17:30.9429092",
  "Updated": "2021-01-27T12:38:13.4445895Z",
  "Failed": 0,
  "HashRate_Live": 0.0,
  "HashRate_Average": 0.0,
  "BlockRate_Live": 0.0,
  "BlockRate_Average": 0.0,
  "Actual24h_Week": 0.00000086623668964261,
  "Estimate24h_Week": 0.00000083,
  "ErrorRatio": 1.0
}
