{
  "Live": 0.00000000000032,
  "Minute": 0.00000000000032,
  "Minute_Fluctuation": 0.0,
  "Minute_5": 0.000000000000321510928633909,
  "Minute_5_Fluctuation": 0.011199059600808345,
  "Minute_10": 0.000000000000322784356553184,
  "Minute_10_Fluctuation": 0.016760420600242146,
  "Hour": 0.00000000000034515818782197,
  "Hour_Fluctuation": 0.05805631060170992,
  "Day": 0.000000000000377793246527518,
  "Day_Fluctuation": 0.005708839375394502,
  "ThreeDay": 0.000000000000377860654044766,
  "ThreeDay_Fluctuation": 0.0055372926327619774,
  "Week": 0.000000000000377860654044766,
  "Week_Fluctuation": 0.0055372926327619774,
  "Duration": "1.01:16:25.6193212",
  "Updated": "2021-01-27T12:33:04.7307572Z",
  "Failed": 0,
  "HashRate_Live": 0.0,
  "HashRate_Average": 0.0,
  "BlockRate_Live": 0.0,
  "BlockRate_Average": 0.0,
  "Actual24h_Week": 0.0000000218177204943459,
  "Estimate24h_Week": 0.0000000232706011092317,
  "ErrorRatio": 0.982627916177056
}
