{
  "Live": 0.00000000000023499,
  "Minute": 0.00000000000023499,
  "Minute_Fluctuation": 0.0,
  "Minute_5": 0.000000000000270164649008406,
  "Minute_5_Fluctuation": 0.1321655416564797,
  "Minute_10": 0.000000000000296566959441187,
  "Minute_10_Fluctuation": 0.1908424827365221,
  "Hour": 0.000000000000411745767629729,
  "Hour_Fluctuation": 0.2811449712402547,
  "Day": 0.000000000000421286968476733,
  "Day_Fluctuation": 0.2763404218084443,
  "ThreeDay": 0.000000000000421286968476733,
  "ThreeDay_Fluctuation": 0.2763404218084443,
  "Week": 0.000000000000421286968476733,
  "Week_Fluctuation": 0.2763404218084443,
  "Duration": "01:24:52.1883102",
  "Updated": "2021-01-27T12:38:12.3420807Z",
  "Failed": 0,
  "HashRate_Live": 159635344.0,
  "HashRate_Average": 204485346.3495242,
  "BlockRate_Live": 3.0,
  "BlockRate_Average": 3.152531475922885,
  "Actual24h_Week": 0.000000243014802440812,
  "Estimate24h_Week": 0.000000234697373473508,
  "ErrorRatio": 1.0
}
