{
  "Live": 0.00000000000121816,
  "Minute": 0.00000000000121816,
  "Minute_Fluctuation": 0.0,
  "Minute_5": 0.0000000000012048189661176,
  "Minute_5_Fluctuation": 0.011223048615597347,
  "Minute_10": 0.00000000000119693569210243,
  "Minute_10_Fluctuation": 0.010951219578481889,
  "Hour": 0.00000000000117363772520014,
  "Hour_Fluctuation": 0.025450584175095655,
  "Day": 0.00000000000117270507691593,
  "Day_Fluctuation": 0.02549083359377236,
  "ThreeDay": 0.00000000000117270507691593,
  "ThreeDay_Fluctuation": 0.02549083359377236,
  "Week": 0.00000000000117270507691593,
  "Week_Fluctuation": 0.02549083359377236,
  "Duration": "01:17:30.9429092",
  "Updated": "2021-01-27T12:38:13.6681041Z",
  "Failed": 0,
  "HashRate_Live": 59556880.0,
  "HashRate_Average": 49783404.896888554,
  "BlockRate_Live": 65.0,
  "BlockRate_Average": 66.1641238319324,
  "Actual24h_Week": 0.00000132956219496963,
  "Estimate24h_Week": 0.00000126311197524011,
  "ErrorRatio": 1.0
}
