{
  "Live": 0.00000000609,
  "Minute": 0.00000000609,
  "Minute_Fluctuation": 0.05727554179566566,
  "Minute_5": 0.00000000624109103959218,
  "Minute_5_Fluctuation": 0.028959074335664685,
  "Minute_10": 0.00000000617104476457139,
  "Minute_10_Fluctuation": 0.028875213575059247,
  "Hour": 0.00000000621651709686424,
  "Hour_Fluctuation": 0.02314506273021102,
  "Day": 0.00000000632369749788488,
  "Day_Fluctuation": 0.0017836977866519865,
  "ThreeDay": 0.00000000632393834011987,
  "ThreeDay_Fluctuation": 0.001735328119055161,
  "Week": 0.00000000632393834011987,
  "Week_Fluctuation": 0.001735328119055161,
  "Duration": "1.01:16:25.6193212",
  "Updated": "2021-01-27T12:39:16.664995Z",
  "Failed": 0,
  "HashRate_Live": 13157.0,
  "HashRate_Average": 13728.207973786106,
  "BlockRate_Live": 54.0,
  "BlockRate_Average": 52.60954461511291,
  "Actual24h_Week": 0.00000032968594919294,
  "Estimate24h_Week": 0.000000312941044473883,
  "ErrorRatio": 1.0148884587421
}
