{
  "Live": 0.00000000000121816,
  "Minute": 0.00000000000121816,
  "Minute_Fluctuation": 0.0,
  "Minute_5": 0.00000000000120481652904495,
  "Minute_5_Fluctuation": 0.011233454073607712,
  "Minute_10": 0.00000000000119691962398297,
  "Minute_10_Fluctuation": 0.010995546212415311,
  "Hour": 0.00000000000116717855058695,
  "Hour_Fluctuation": 0.030929144535088493,
  "Day": 0.00000000000116512995406158,
  "Day_Fluctuation": 0.031131633556369977,
  "ThreeDay": 0.00000000000116512995406158,
  "ThreeDay_Fluctuation": 0.03113163355636998,
  "Week": 0.00000000000116512995406158,
  "Week_Fluctuation": 0.031131633556369977,
  "Duration": "01:24:52.1883102",
  "Updated": "2021-01-27T12:38:12.4975979Z",
  "Failed": 0,
  "HashRate_Live": 835193614.0,
  "HashRate_Average": 538359490.2089283,
  "BlockRate_Live": 605.0,
  "BlockRate_Average": 611.2366199473945,
  "Actual24h_Week": 0.000001332076120926,
  "Estimate24h_Week": 0.00000126362670463386,
  "ErrorRatio": 1.0
}
