{
  "Live": 0.00000124056124,
  "Minute": 0.00000124056124,
  "Minute_Fluctuation": 0.0,
  "Minute_5": 0.00000123834990977987,
  "Minute_5_Fluctuation": 0.006438339355163947,
  "Minute_10": 0.00000122651544256265,
  "Minute_10_Fluctuation": 0.02358270724936767,
  "Hour": 0.00000115213828851079,
  "Hour_Fluctuation": 0.03801257961141101,
  "Day": 0.00000114911696486168,
  "Day_Fluctuation": 0.03661221434074592,
  "ThreeDay": 0.00000114911696486168,
  "ThreeDay_Fluctuation": 0.03661221434074592,
  "Week": 0.00000114911696486168,
  "Week_Fluctuation": 0.03661221434074592,
  "Duration": "01:17:30.9429092",
  "Updated": "2021-01-27T12:38:14.0231074Z",
  "Failed": 0,
  "HashRate_Live": 401.0,
  "HashRate_Average": 633.200566170039,
  "BlockRate_Live": 52.0,
  "BlockRate_Average": 52.10650385294526,
  "Actual24h_Week": 0.00111577452934468,
  "Estimate24h_Week": 0.00115252535857516,
  "ErrorRatio": 0.999511457013776
}
