{
  "Live": 0.00000000001105004,
  "Minute": 0.00000000001105004,
  "Minute_Fluctuation": 0.0,
  "Minute_5": 0.0000000000112418251637778,
  "Minute_5_Fluctuation": 0.04073971725250281,
  "Minute_10": 0.0000000000113242456892741,
  "Minute_10_Fluctuation": 0.056920393317690166,
  "Hour": 0.0000000000115469675399147,
  "Hour_Fluctuation": 0.08964855967870056,
  "Day": 0.0000000000115518794200283,
  "Day_Fluctuation": 0.09232333386461139,
  "ThreeDay": 0.0000000000115518794200283,
  "ThreeDay_Fluctuation": 0.09232333386461139,
  "Week": 0.0000000000115518794200283,
  "Week_Fluctuation": 0.09232333386461138,
  "Duration": "01:24:52.1883102",
  "Updated": "2021-01-27T12:36:08.1496024Z",
  "Failed": 0,
  "HashRate_Live": 0.0,
  "HashRate_Average": 563120.0007669979,
  "BlockRate_Live": 57.0,
  "BlockRate_Average": 57.14417759625486,
  "Actual24h_Week": 0.00000845547140922774,
  "Estimate24h_Week": 0.00000940986618809501,
  "ErrorRatio": 0.998299270994041
}
