{
  "Live": 0.00000000000128,
  "Minute": 0.00000000000128,
  "Minute_Fluctuation": 0.007874015748031623,
  "Minute_5": 0.00000000000127325172327568,
  "Minute_5_Fluctuation": 0.004618907900495739,
  "Minute_10": 0.00000000000128105775192626,
  "Minute_10_Fluctuation": 0.020204056148829603,
  "Hour": 0.00000000000144239110619862,
  "Hour_Fluctuation": 0.0891020585062861,
  "Day": 0.00000000000156366119944776,
  "Day_Fluctuation": 0.00681152720770886,
  "ThreeDay": 0.00000000000156393944059786,
  "ThreeDay_Fluctuation": 0.0066062030853297595,
  "Week": 0.00000000000156393944059786,
  "Week_Fluctuation": 0.0066062030853297595,
  "Duration": "1.01:16:25.6193212",
  "Updated": "2021-01-27T12:39:17.2249686Z",
  "Failed": 0,
  "HashRate_Live": 0.0,
  "HashRate_Average": 0.0,
  "BlockRate_Live": 0.0,
  "BlockRate_Average": 0.0,
  "Actual24h_Week": 0.0000000903551702919604,
  "Estimate24h_Week": 0.0000000651576831058489,
  "ErrorRatio": 1.05307429769907
}
