{
  "Live": 0.00000000000005364,
  "Minute": 0.00000000000005364,
  "Minute_Fluctuation": 0.0,
  "Minute_5": 0.0000000000000933796447758259,
  "Minute_5_Fluctuation": 0.6295347364283771,
  "Minute_10": 0.000000000000121088748286503,
  "Minute_10_Fluctuation": 0.5731158848488566,
  "Hour": 0.000000000000130213024305704,
  "Hour_Fluctuation": 0.3923621212602321,
  "Day": 0.000000000000130660214960313,
  "Day_Fluctuation": 0.38122983655804593,
  "ThreeDay": 0.000000000000130660214960313,
  "ThreeDay_Fluctuation": 0.38122983655804593,
  "Week": 0.000000000000130660214960313,
  "Week_Fluctuation": 0.38122983655804593,
  "Duration": "01:17:30.9429092",
  "Updated": "2021-01-27T12:38:13.3316321Z",
  "Failed": 0,
  "HashRate_Live": 0.0,
  "HashRate_Average": 0.0,
  "BlockRate_Live": 0.0,
  "BlockRate_Average": 0.0,
  "Actual24h_Week": 0.000000144703906240574,
  "Estimate24h_Week": 0.000000148892924565861,
  "ErrorRatio": 0.999568953295109
}
