{
  "Live": 0.0000000000266613,
  "Minute": 0.0000000000266613,
  "Minute_Fluctuation": 0.0,
  "Minute_5": 0.0000000000266613011029629,
  "Minute_5_Fluctuation": 3.9726877961489724E-07,
  "Minute_10": 0.0000000000266617838983824,
  "Minute_10_Fluctuation": 0.00011721583409947218,
  "Hour": 0.0000000000267130355152583,
  "Hour_Fluctuation": 0.002807135514892142,
  "Day": 0.0000000000267148457930625,
  "Day_Fluctuation": 0.002835308000575853,
  "ThreeDay": 0.0000000000267148457930625,
  "ThreeDay_Fluctuation": 0.002835308000575853,
  "Week": 0.0000000000267148457930625,
  "Week_Fluctuation": 0.002835308000575853,
  "Duration": "01:17:30.9429092",
  "Updated": "2021-01-27T12:11:30.4725857Z",
  "Failed": 0,
  "HashRate_Live": 0.0,
  "HashRate_Average": 0.0,
  "BlockRate_Live": 0.0,
  "BlockRate_Average": 0.0,
  "Actual24h_Week": 0.0000183199904291764,
  "Estimate24h_Week": 0.0000266341583277909,
  "ErrorRatio": 0.995217379256767
}
