{
  "Live": 0.00000000000007016302,
  "Minute": 0.00000000000007016302,
  "Minute_Fluctuation": 0.0,
  "Minute_5": 0.0000000000000697475417075699,
  "Minute_5_Fluctuation": 0.023097857444219834,
  "Minute_10": 0.0000000000000695000472876234,
  "Minute_10_Fluctuation": 0.029081580157148727,
  "Hour": 0.0000000000000723413541335545,
  "Hour_Fluctuation": 0.039359985339713084,
  "Day": 0.0000000000000724485322315811,
  "Day_Fluctuation": 0.03927729831735453,
  "ThreeDay": 0.0000000000000724485322315811,
  "ThreeDay_Fluctuation": 0.03927729831735453,
  "Week": 0.0000000000000724485322315811,
  "Week_Fluctuation": 0.03927729831735453,
  "Duration": "01:17:30.9429092",
  "Updated": "2021-01-27T12:38:13.9427015Z",
  "Failed": 0,
  "HashRate_Live": 246697553.0,
  "HashRate_Average": 140488832.84571642,
  "BlockRate_Live": 17.0,
  "BlockRate_Average": 17.0,
  "Actual24h_Week": 0.0000659559212435425,
  "Estimate24h_Week": 0.0000869974685668468,
  "ErrorRatio": 0.996294411523964
}
