{
  "Live": 0.00000000000000000584660994,
  "Minute": 0.00000000000000000584660994,
  "Minute_Fluctuation": 0.0,
  "Minute_5": 0.0000000000000000061463445907,
  "Minute_5_Fluctuation": 0.09615324057184076,
  "Minute_10": 0.0000000000000000064066757132,
  "Minute_10_Fluctuation": 0.10007801969823152,
  "Hour": 0.0000000000000000063681271833,
  "Hour_Fluctuation": 0.13760024902703924,
  "Day": 0.0000000000000000063687112911,
  "Day_Fluctuation": 0.13862718105963448,
  "ThreeDay": 0.0000000000000000063687112911,
  "ThreeDay_Fluctuation": 0.13862718105963448,
  "Week": 0.0000000000000000063687112911,
  "Week_Fluctuation": 0.13862718105963448,
  "Duration": "01:17:30.9429092",
  "Updated": "2021-01-27T12:38:13.2607699Z",
  "Failed": 0,
  "HashRate_Live": 13884632835555.0,
  "HashRate_Average": 305043448043926.1,
  "BlockRate_Live": 6.0,
  "BlockRate_Average": 5.456871449048294,
  "Actual24h_Week": 0.00726281733959562,
  "Estimate24h_Week": 0.00649376568813072,
  "ErrorRatio": 1.0
}
