{
  "Live": 0.00000000000000157818,
  "Minute": 0.00000000000000157818,
  "Minute_Fluctuation": 0.0,
  "Minute_5": 0.000000000000001574241952521,
  "Minute_5_Fluctuation": 0.011019547025874665,
  "Minute_10": 0.0000000000000015486508848575,
  "Minute_10_Fluctuation": 0.04658953350008926,
  "Hour": 0.0000000000000015910344164868,
  "Hour_Fluctuation": 0.1676792595020158,
  "Day": 0.0000000000000015927243727989,
  "Day_Fluctuation": 0.1781536862101105,
  "ThreeDay": 0.0000000000000015927243727989,
  "ThreeDay_Fluctuation": 0.1781536862101105,
  "Week": 0.0000000000000015927243727989,
  "Week_Fluctuation": 0.17815368621011052,
  "Duration": "01:24:52.1883102",
  "Updated": "2021-01-27T12:36:08.5480653Z",
  "Failed": 0,
  "HashRate_Live": 0.0,
  "HashRate_Average": 322412961.24717873,
  "BlockRate_Live": 0.0,
  "BlockRate_Average": 0.0,
  "Actual24h_Week": 0.0,
  "Estimate24h_Week": 0.00000414579516148136,
  "ErrorRatio": 0.983231643002826
}
