{
  "Live": 0.00000000000128,
  "Minute": 0.00000000000128,
  "Minute_Fluctuation": 0.007874015748031623,
  "Minute_5": 0.00000000000127325172000193,
  "Minute_5_Fluctuation": 0.004618885584427405,
  "Minute_10": 0.00000000000128104061452555,
  "Minute_10_Fluctuation": 0.02017101427917074,
  "Hour": 0.00000000000142448812218669,
  "Hour_Fluctuation": 0.08825408415290402,
  "Day": 0.00000000000149750750070568,
  "Day_Fluctuation": 0.006779781622170776,
  "ThreeDay": 0.00000000000149771524702812,
  "ThreeDay_Fluctuation": 0.006557831003948091,
  "Week": 0.00000000000149771524702812,
  "Week_Fluctuation": 0.006557831003948091,
  "Duration": "1.01:27:41.9766011",
  "Updated": "2021-01-27T12:39:13.3314831Z",
  "Failed": 0,
  "HashRate_Live": 47381381.0,
  "HashRate_Average": 37855733.47517044,
  "BlockRate_Live": 92.0,
  "BlockRate_Average": 93.3295453240816,
  "Actual24h_Week": 0.00000010297866229,
  "Estimate24h_Week": 0.0000000744642039272693,
  "ErrorRatio": 1.06090250695718
}
