{
  "Live": 0.00000000167524,
  "Minute": 0.00000000167524,
  "Minute_Fluctuation": 0.0,
  "Minute_5": 0.00000000166118230966764,
  "Minute_5_Fluctuation": 0.029186554162969953,
  "Minute_10": 0.00000000161783685683618,
  "Minute_10_Fluctuation": 0.07296065596967302,
  "Hour": 0.00000000190026631080804,
  "Hour_Fluctuation": 0.18667711586153346,
  "Day": 0.00000000191869241070765,
  "Day_Fluctuation": 0.18964436825088937,
  "ThreeDay": 0.00000000191869241070765,
  "ThreeDay_Fluctuation": 0.18964436825088937,
  "Week": 0.00000000191869241070765,
  "Week_Fluctuation": 0.18964436825088937,
  "Duration": "01:24:52.1883102",
  "Updated": "2021-01-27T12:38:12.8152387Z",
  "Failed": 0,
  "HashRate_Live": 2069.0,
  "HashRate_Average": 1484.0376183533908,
  "BlockRate_Live": 8.0,
  "BlockRate_Average": 8.0,
  "Actual24h_Week": 0.00000391326195055487,
  "Estimate24h_Week": 0.00000193310950054071,
  "ErrorRatio": 1.0
}
