{
  "Live": 0.00000000000035151,
  "Minute": 0.00000000000035151,
  "Minute_Fluctuation": 0.0,
  "Minute_5": 0.000000000000352596014219366,
  "Minute_5_Fluctuation": 0.0029771606611148096,
  "Minute_10": 0.00000000000035334306914398,
  "Minute_10_Fluctuation": 0.0032343147010172445,
  "Hour": 0.000000000000354201072934917,
  "Hour_Fluctuation": 0.0033302829824960463,
  "Day": 0.000000000000354246481053875,
  "Day_Fluctuation": 0.0033049470125806955,
  "ThreeDay": 0.000000000000354246481053875,
  "ThreeDay_Fluctuation": 0.0033049470125806955,
  "Week": 0.000000000000354246481053875,
  "Week_Fluctuation": 0.0033049470125806955,
  "Duration": "01:17:30.9429092",
  "Updated": "2021-01-27T12:38:13.1946072Z",
  "Failed": 0,
  "HashRate_Live": 0.0,
  "HashRate_Average": 0.0,
  "BlockRate_Live": 0.0,
  "BlockRate_Average": 0.0,
  "Actual24h_Week": 0.0,
  "Estimate24h_Week": 0.00000036,
  "ErrorRatio": 0.984679034673057
}
