{
  "Live": 0.00000000261771,
  "Minute": 0.00000000261771,
  "Minute_Fluctuation": 0.0,
  "Minute_5": 0.00000000221247396716601,
  "Minute_5_Fluctuation": 0.2153414107596637,
  "Minute_10": 0.00000000210804501375884,
  "Minute_10_Fluctuation": 0.21299247307966268,
  "Hour": 0.00000000195822852950762,
  "Hour_Fluctuation": 0.21860283120796956,
  "Day": 0.00000000195053432299509,
  "Day_Fluctuation": 0.21844929320235565,
  "ThreeDay": 0.00000000195053432299509,
  "ThreeDay_Fluctuation": 0.21844929320235568,
  "Week": 0.00000000195053432299509,
  "Week_Fluctuation": 0.21844929320235565,
  "Duration": "01:24:52.1883102",
  "Updated": "2021-01-27T12:38:12.0941681Z",
  "Failed": 0,
  "HashRate_Live": 90.0,
  "HashRate_Average": 1195.220612863737,
  "BlockRate_Live": 142.0,
  "BlockRate_Average": 142.0,
  "Actual24h_Week": 0.00000296158826572984,
  "Estimate24h_Week": 0.00000239510926791703,
  "ErrorRatio": 1.0
}
