{
  "Live": 0.00000000000000313732,
  "Minute": 0.00000000000000313732,
  "Minute_Fluctuation": 1.1102230246251565E-16,
  "Minute_5": 0.0000000000000179448152251402,
  "Minute_5_Fluctuation": 0.3873565014042373,
  "Minute_10": 0.0000000000000209114229653635,
  "Minute_10_Fluctuation": 0.3707643724345969,
  "Hour": 0.0000000000000291083351887205,
  "Hour_Fluctuation": 0.3490470066797484,
  "Day": 0.0000000000000296116521672966,
  "Day_Fluctuation": 0.35447741811835415,
  "ThreeDay": 0.0000000000000296116521672966,
  "ThreeDay_Fluctuation": 0.3544774181183542,
  "Week": 0.0000000000000296116521672966,
  "Week_Fluctuation": 0.35447741811835415,
  "Duration": "01:24:52.1883102",
  "Updated": "2021-01-27T12:38:12.0336389Z",
  "Failed": 0,
  "HashRate_Live": 2389719803.0,
  "HashRate_Average": 775889341.308536,
  "BlockRate_Live": 260.0,
  "BlockRate_Average": 258.8308791549999,
  "Actual24h_Week": 0.00000238041844897529,
  "Estimate24h_Week": 0.0000697260042206013,
  "ErrorRatio": 0.983804108136908
}
