{
  "Live": 0.00000000000010868,
  "Minute": 0.00000000000010868,
  "Minute_Fluctuation": 0.0,
  "Minute_5": 0.000000000000106157107287827,
  "Minute_5_Fluctuation": 0.050924601329075295,
  "Minute_10": 0.000000000000102999948820775,
  "Minute_10_Fluctuation": 0.0632020317151551,
  "Hour": 0.000000000000108079825089127,
  "Hour_Fluctuation": 0.06483678109559879,
  "Day": 0.000000000000116435515183617,
  "Day_Fluctuation": 0.005659615846436169,
  "ThreeDay": 0.000000000000116452904322553,
  "ThreeDay_Fluctuation": 0.005496894752453158,
  "Week": 0.000000000000116452904322553,
  "Week_Fluctuation": 0.005496894752453159,
  "Duration": "1.01:16:25.6193212",
  "Updated": "2021-01-27T12:39:17.4375109Z",
  "Failed": 0,
  "HashRate_Live": 504309333.0,
  "HashRate_Average": 592873419.8850272,
  "BlockRate_Live": 360.0,
  "BlockRate_Average": 361.00687526529634,
  "Actual24h_Week": 0.00000470320234638917,
  "Estimate24h_Week": 0.00000469072232153211,
  "ErrorRatio": 1.00074029584962
}
