{
  "Live": 0.0000000000001072287,
  "Minute": 0.0000000000001072287,
  "Minute_Fluctuation": 0.0,
  "Minute_5": 0.000000000000103459119947875,
  "Minute_5_Fluctuation": 0.0640827227711643,
  "Minute_10": 0.000000000000101041748963452,
  "Minute_10_Fluctuation": 0.07205333264882585,
  "Hour": 0.00000000000010152812439289,
  "Hour_Fluctuation": 0.06325671882132075,
  "Day": 0.000000000000101540173614753,
  "Day_Fluctuation": 0.06346865678250467,
  "ThreeDay": 0.000000000000101540173614753,
  "ThreeDay_Fluctuation": 0.06346865678250467,
  "Week": 0.000000000000101540173614753,
  "Week_Fluctuation": 0.06346865678250467,
  "Duration": "01:17:30.9429092",
  "Updated": "2021-01-27T12:38:13.3557811Z",
  "Failed": 0,
  "HashRate_Live": 2440510924.0,
  "HashRate_Average": 1458470755.5865796,
  "BlockRate_Live": 69.0,
  "BlockRate_Average": 67.160462789581,
  "Actual24h_Week": 0.0000788807089649072,
  "Estimate24h_Week": 0.000102219573475154,
  "ErrorRatio": 0.996501903483107
}
