{
  "Live": 0.00000000000003748,
  "Minute": 0.00000000000003748,
  "Minute_Fluctuation": 0.0,
  "Minute_5": 0.0000000000000350947701204851,
  "Minute_5_Fluctuation": 0.08086462973965251,
  "Minute_10": 0.0000000000000338695052681751,
  "Minute_10_Fluctuation": 0.08715038573720722,
  "Hour": 0.0000000000000394822413177923,
  "Hour_Fluctuation": 0.13021292028897702,
  "Day": 0.0000000000000396690966648495,
  "Day_Fluctuation": 0.13009443765489936,
  "ThreeDay": 0.0000000000000396690966648495,
  "ThreeDay_Fluctuation": 0.13009443765489936,
  "Week": 0.0000000000000396690966648495,
  "Week_Fluctuation": 0.13009443765489936,
  "Duration": "01:17:30.9429092",
  "Updated": "2021-01-27T12:36:09.7852413Z",
  "Failed": 0,
  "HashRate_Live": 0.0,
  "HashRate_Average": 0.0,
  "BlockRate_Live": 0.0,
  "BlockRate_Average": 0.0,
  "Actual24h_Week": 0.0,
  "Estimate24h_Week": 0.00000006,
  "ErrorRatio": 0.984679034673057
}
