{
  "Live": 0.00000000000000238885,
  "Minute": 0.00000000000000238885,
  "Minute_Fluctuation": 0.0,
  "Minute_5": 0.00000000000000238885,
  "Minute_5_Fluctuation": 0.0,
  "Minute_10": 0.00000000000000238885,
  "Minute_10_Fluctuation": 0.0,
  "Hour": 0.00000000000000238885,
  "Hour_Fluctuation": 0.0,
  "Day": 0.00000000000000238885,
  "Day_Fluctuation": 0.0,
  "ThreeDay": 0.00000000000000238885,
  "ThreeDay_Fluctuation": 0.0,
  "Week": 0.00000000000000238885,
  "Week_Fluctuation": 0.0,
  "Duration": "01:17:30.9429092",
  "Updated": "2021-01-27T11:22:54.1526956Z",
  "Failed": 0,
  "HashRate_Live": 0.0,
  "HashRate_Average": 0.0,
  "BlockRate_Live": 4.0,
  "BlockRate_Average": 4.0,
  "Actual24h_Week": 0.00000057,
  "Estimate24h_Week": 0.00000277415832779091,
  "ErrorRatio": 0.987826998561374
}
