{
  "Live": 0.00000000000032,
  "Minute": 0.00000000000032,
  "Minute_Fluctuation": 0.0,
  "Minute_5": 0.000000000000321510929712485,
  "Minute_5_Fluctuation": 0.011199087876652422,
  "Minute_10": 0.000000000000322784856611426,
  "Minute_10_Fluctuation": 0.01676675469723021,
  "Hour": 0.000000000000344919753155935,
  "Hour_Fluctuation": 0.058041617069454716,
  "Day": 0.000000000000377752393473308,
  "Day_Fluctuation": 0.005812242113870757,
  "ThreeDay": 0.000000000000377835532541139,
  "ThreeDay_Fluctuation": 0.005600815560221134,
  "Week": 0.000000000000377835532541139,
  "Week_Fluctuation": 0.005600815560221134,
  "Duration": "1.01:27:41.9766011",
  "Updated": "2021-01-27T12:39:13.7092301Z",
  "Failed": 0,
  "HashRate_Live": 10628612.0,
  "HashRate_Average": 7114434.918299641,
  "BlockRate_Live": 5.0,
  "BlockRate_Average": 5.0,
  "Actual24h_Week": 0.000000025146324241261,
  "Estimate24h_Week": 0.0000000265992715910266,
  "ErrorRatio": 0.984697460327288
}
