{
  "Live": 0.00000000000000000005337635,
  "Minute": 0.00000000000000000005337635,
  "Minute_Fluctuation": 0.0,
  "Minute_5": 0.0000000000000000000533465307,
  "Minute_5_Fluctuation": 0.0005635826420653271,
  "Minute_10": 0.0000000000000000000533065113,
  "Minute_10_Fluctuation": 0.0020886646696077096,
  "Hour": 0.0000000000000000000534828232,
  "Hour_Fluctuation": 0.010793169555215018,
  "Day": 0.0000000000000000000534927524,
  "Day_Fluctuation": 0.011339362940673878,
  "ThreeDay": 0.0000000000000000000534927524,
  "ThreeDay_Fluctuation": 0.011339362940673878,
  "Week": 0.0000000000000000000534927524,
  "Week_Fluctuation": 0.011339362940673878,
  "Duration": "01:24:52.1883102",
  "Updated": "2021-01-27T12:38:12.6426309Z",
  "Failed": 0,
  "HashRate_Live": 0.0,
  "HashRate_Average": 0.0,
  "BlockRate_Live": 4.0,
  "BlockRate_Average": 3.7048096221641496,
  "Actual24h_Week": 0.0,
  "Estimate24h_Week": 0.0000454069818271084,
  "ErrorRatio": 0.983231643002826
}
