{
  "Live": 0.00000000012152236,
  "Minute": 0.00000000012152236,
  "Minute_Fluctuation": 0.0,
  "Minute_5": 0.000000000121930755251352,
  "Minute_5_Fluctuation": 0.02238773318454044,
  "Minute_10": 0.000000000119743260165525,
  "Minute_10_Fluctuation": 0.040593773700594894,
  "Hour": 0.000000000107570321411441,
  "Hour_Fluctuation": 0.11510238097018409,
  "Day": 0.000000000106689163929485,
  "Day_Fluctuation": 0.11415489316076458,
  "ThreeDay": 0.000000000106689163929485,
  "ThreeDay_Fluctuation": 0.11415489316076459,
  "Week": 0.000000000106689163929485,
  "Week_Fluctuation": 0.11415489316076458,
  "Duration": "01:24:52.1883102",
  "Updated": "2021-01-27T12:38:12.2386012Z",
  "Failed": 0,
  "HashRate_Live": 0.0,
  "HashRate_Average": 0.0,
  "BlockRate_Live": 0.0,
  "BlockRate_Average": 0.0,
  "Actual24h_Week": 0.0,
  "Estimate24h_Week": 0.0000885327954450714,
  "ErrorRatio": 0.983231643002826
}
