{
  "Live": 0.00000000000058,
  "Minute": 0.00000000000058,
  "Minute_Fluctuation": 0.016949152542372812,
  "Minute_5": 0.000000000000585541713727056,
  "Minute_5_Fluctuation": 0.008948318823727788,
  "Minute_10": 0.000000000000584493019784431,
  "Minute_10_Fluctuation": 0.007447210003374906,
  "Hour": 0.000000000000578270921623015,
  "Hour_Fluctuation": 0.008252753711418464,
  "Day": 0.000000000000570546271995878,
  "Day_Fluctuation": 0.000936499298179202,
  "ThreeDay": 0.000000000000570530960714675,
  "ThreeDay_Fluctuation": 0.000910788945856073,
  "Week": 0.000000000000570530960714675,
  "Week_Fluctuation": 0.000910788945856073,
  "Duration": "1.01:16:25.6193212",
  "Updated": "2021-01-27T12:39:16.8212759Z",
  "Failed": 0,
  "HashRate_Live": 140141238.0,
  "HashRate_Average": 150923429.60452694,
  "BlockRate_Live": 0.0,
  "BlockRate_Average": 0.0,
  "Actual24h_Week": 0.000000106404575382451,
  "Estimate24h_Week": 0.0000000315445926147364,
  "ErrorRatio": 1.05307429769907
}
