{
  "Live": 0.00000000000029513,
  "Minute": 0.00000000000029513,
  "Minute_Fluctuation": 0.0,
  "Minute_5": 0.000000000000296714105917372,
  "Minute_5_Fluctuation": 0.005603301647820409,
  "Minute_10": 0.000000000000296691716330617,
  "Minute_10_Fluctuation": 0.005978470138287434,
  "Hour": 0.000000000000292588397025341,
  "Hour_Fluctuation": 0.020390245568890564,
  "Day": 0.00000000000029242763404152,
  "Day_Fluctuation": 0.02054183809776328,
  "ThreeDay": 0.00000000000029242763404152,
  "ThreeDay_Fluctuation": 0.02054183809776328,
  "Week": 0.00000000000029242763404152,
  "Week_Fluctuation": 0.02054183809776328,
  "Duration": "01:17:30.9429092",
  "Updated": "2021-01-27T12:38:13.339013Z",
  "Failed": 0,
  "HashRate_Live": 0.0,
  "HashRate_Average": 0.0,
  "BlockRate_Live": 0.0,
  "BlockRate_Average": 0.0,
  "Actual24h_Week": 0.0,
  "Estimate24h_Week": 0.00000028,
  "ErrorRatio": 0.984679034673057
}
