{
  "Live": 0.00000000854777,
  "Minute": 0.00000000854777,
  "Minute_Fluctuation": 0.0,
  "Minute_5": 0.00000000853982689424906,
  "Minute_5_Fluctuation": 0.004611162757138939,
  "Minute_10": 0.00000000848480974249544,
  "Minute_10_Fluctuation": 0.018924933170703727,
  "Hour": 0.00000000778044175325875,
  "Hour_Fluctuation": 0.08043880329449385,
  "Day": 0.00000000772917559175759,
  "Day_Fluctuation": 0.07894205076745045,
  "ThreeDay": 0.00000000772917559175759,
  "ThreeDay_Fluctuation": 0.07894205076745045,
  "Week": 0.00000000772917559175759,
  "Week_Fluctuation": 0.07894205076745045,
  "Duration": "01:24:52.1883102",
  "Updated": "2021-01-27T12:38:12.1431741Z",
  "Failed": 0,
  "HashRate_Live": 71603.0,
  "HashRate_Average": 70996.0349762829,
  "BlockRate_Live": 58.0,
  "BlockRate_Average": 55.51099877082529,
  "Actual24h_Week": 0.00000787947179577953,
  "Estimate24h_Week": 0.00000900700726459674,
  "ErrorRatio": 0.997900865768986
}
