{
  "Live": 0.00000000000017602,
  "Minute": 0.00000000000017602,
  "Minute_Fluctuation": 0.0,
  "Minute_5": 0.000000000000181503989659736,
  "Minute_5_Fluctuation": 0.02349459643291271,
  "Minute_10": 0.000000000000185750727551965,
  "Minute_10_Fluctuation": 0.04439450320023199,
  "Hour": 0.000000000000200458422586984,
  "Hour_Fluctuation": 0.05138078910913473,
  "Day": 0.000000000000201089140394318,
  "Day_Fluctuation": 0.04989446640559755,
  "ThreeDay": 0.000000000000201089140394318,
  "ThreeDay_Fluctuation": 0.04989446640559755,
  "Week": 0.000000000000201089140394318,
  "Week_Fluctuation": 0.04989446640559755,
  "Duration": "01:17:30.9429092",
  "Updated": "2021-01-27T12:38:13.7449543Z",
  "Failed": 0,
  "HashRate_Live": 0.0,
  "HashRate_Average": 0.0,
  "BlockRate_Live": 0.0,
  "BlockRate_Average": 0.0,
  "Actual24h_Week": 0.000000146477796046802,
  "Estimate24h_Week": 0.00000019,
  "ErrorRatio": 0.99649051485411
}
