{
  "Live": 0.00000000256973,
  "Minute": 0.00000000256973,
  "Minute_Fluctuation": 0.0,
  "Minute_5": 0.00000000267909983429784,
  "Minute_5_Fluctuation": 0.0402555108117533,
  "Minute_10": 0.00000000271607083178104,
  "Minute_10_Fluctuation": 0.04338075359903193,
  "Hour": 0.00000000287789816978333,
  "Hour_Fluctuation": 0.06142409817086119,
  "Day": 0.00000000288821150134084,
  "Day_Fluctuation": 0.061791857999034173,
  "ThreeDay": 0.00000000288821150134084,
  "ThreeDay_Fluctuation": 0.061791857999034173,
  "Week": 0.00000000288821150134084,
  "Week_Fluctuation": 0.061791857999034173,
  "Duration": "01:24:52.1883102",
  "Updated": "2021-01-27T12:38:11.9812074Z",
  "Failed": 0,
  "HashRate_Live": 45.0,
  "HashRate_Average": 9769.617817055943,
  "BlockRate_Live": 171.0,
  "BlockRate_Average": 170.79201820524463,
  "Actual24h_Week": 0.00000239701646936916,
  "Estimate24h_Week": 0.00000296421424783681,
  "ErrorRatio": 0.996791401011486
}
