{
  "Live": 0.00000000000000001034127,
  "Minute": 0.00000000000000001034127,
  "Minute_Fluctuation": 0.0,
  "Minute_5": 0.0000000000000000095782571752,
  "Minute_5_Fluctuation": 0.11996355866590548,
  "Minute_10": 0.0000000000000000091056503933,
  "Minute_10_Fluctuation": 0.1362844100352173,
  "Hour": 0.0000000000000000079928413559,
  "Hour_Fluctuation": 0.18331900722578318,
  "Day": 0.000000000000000007910198707,
  "Day_Fluctuation": 0.1839898566069442,
  "ThreeDay": 0.000000000000000007910198707,
  "ThreeDay_Fluctuation": 0.1839898566069442,
  "Week": 0.000000000000000007910198707,
  "Week_Fluctuation": 0.1839898566069442,
  "Duration": "01:24:52.1883102",
  "Updated": "2021-01-27T12:38:12.7951324Z",
  "Failed": 0,
  "HashRate_Live": 8223830938307.0,
  "HashRate_Average": 7696507080440.81,
  "BlockRate_Live": 4.0,
  "BlockRate_Average": 4.093506074908384,
  "Actual24h_Week": 0.0000147236408332899,
  "Estimate24h_Week": 0.000011554712664202,
  "ErrorRatio": 1.0
}
