{
  "Live": 0.00000000001216,
  "Minute": 0.00000000001216,
  "Minute_Fluctuation": 0.0049586776859504925,
  "Minute_5": 0.000000000012319872199325,
  "Minute_5_Fluctuation": 0.027919082863603374,
  "Minute_10": 0.0000000000121996490784833,
  "Minute_10_Fluctuation": 0.04892923412747095,
  "Hour": 0.0000000000128414719731352,
  "Hour_Fluctuation": 0.1042812720989741,
  "Day": 0.0000000000130268205376906,
  "Day_Fluctuation": 0.007859388108424535,
  "ThreeDay": 0.0000000000130274966734338,
  "ThreeDay_Fluctuation": 0.007685086105967016,
  "Week": 0.0000000000130274966734338,
  "Week_Fluctuation": 0.007685086105967016,
  "Duration": "1.01:16:25.6193212",
  "Updated": "2021-01-27T12:39:17.1243496Z",
  "Failed": 0,
  "HashRate_Live": 4512400.0,
  "HashRate_Average": 5069771.169457054,
  "BlockRate_Live": 63.0,
  "BlockRate_Average": 58.66810345933582,
  "Actual24h_Week": 0.00000072598177784793,
  "Estimate24h_Week": 0.000000662619159666352,
  "ErrorRatio": 1.02660717179332
}
