{
  "Live": 0.00000000000000869,
  "Minute": 0.00000000000000869,
  "Minute_Fluctuation": 0.0,
  "Minute_5": 0.0000000000000085593990213915,
  "Minute_5_Fluctuation": 0.03308909883776072,
  "Minute_10": 0.0000000000000082857977404972,
  "Minute_10_Fluctuation": 0.06836182367214817,
  "Hour": 0.0000000000000075248825143361,
  "Hour_Fluctuation": 0.09175981893355568,
  "Day": 0.0000000000000080800232637654,
  "Day_Fluctuation": 0.008067724028990775,
  "ThreeDay": 0.00000000000000808084024303,
  "ThreeDay_Fluctuation": 0.00793260891606278,
  "Week": 0.00000000000000808084024303,
  "Week_Fluctuation": 0.00793260891606278,
  "Duration": "1.01:16:25.6193212",
  "Updated": "2021-01-27T12:39:17.3767054Z",
  "Failed": 0,
  "HashRate_Live": 2550866976.0,
  "HashRate_Average": 2542657165.4988527,
  "BlockRate_Live": 16.0,
  "BlockRate_Average": 16.743743001965488,
  "Actual24h_Week": 0.000000604870169425175,
  "Estimate24h_Week": 0.000000438965494685901,
  "ErrorRatio": 1.05307429769907
}
