{
  "Live": 0.00000000493791,
  "Minute": 0.00000000493791,
  "Minute_Fluctuation": 0.0,
  "Minute_5": 0.00000000491903847157556,
  "Minute_5_Fluctuation": 0.01924142535115322,
  "Minute_10": 0.0000000047730662929282,
  "Minute_10_Fluctuation": 0.08910272217062278,
  "Hour": 0.00000000414659263562322,
  "Hour_Fluctuation": 0.15874483243168802,
  "Day": 0.00000000409668287955494,
  "Day_Fluctuation": 0.15656427007834894,
  "ThreeDay": 0.00000000409668287955494,
  "ThreeDay_Fluctuation": 0.15656427007834894,
  "Week": 0.00000000409668287955494,
  "Week_Fluctuation": 0.15656427007834894,
  "Duration": "01:24:52.1883102",
  "Updated": "2021-01-27T12:38:12.6542742Z",
  "Failed": 0,
  "HashRate_Live": 0.0,
  "HashRate_Average": 0.0,
  "BlockRate_Live": 0.0,
  "BlockRate_Average": 0.0,
  "Actual24h_Week": 0.0,
  "Estimate24h_Week": 0.00000413105823128285,
  "ErrorRatio": 0.983231643002826
}
