{
  "Live": 0.00000000000007996063,
  "Minute": 0.00000000000007996063,
  "Minute_Fluctuation": 0.0,
  "Minute_5": 0.0000000000000900764777680191,
  "Minute_5_Fluctuation": 0.14731921078089003,
  "Minute_10": 0.0000000000000919455246566717,
  "Minute_10_Fluctuation": 0.15780133100932028,
  "Hour": 0.0000000000000830494069161623,
  "Hour_Fluctuation": 0.2075627304616967,
  "Day": 0.0000000000000821769030735938,
  "Day_Fluctuation": 0.2093968579497854,
  "ThreeDay": 0.0000000000000821769030735938,
  "ThreeDay_Fluctuation": 0.2093968579497854,
  "Week": 0.0000000000000821769030735938,
  "Week_Fluctuation": 0.20939685794978538,
  "Duration": "01:24:52.1883102",
  "Updated": "2021-01-27T12:38:12.6156056Z",
  "Failed": 0,
  "HashRate_Live": 882151386.0,
  "HashRate_Average": 640580245.5195074,
  "BlockRate_Live": 158.0,
  "BlockRate_Average": 148.35654036991372,
  "Actual24h_Week": 0.0000320349941614176,
  "Estimate24h_Week": 0.0000871311346037092,
  "ErrorRatio": 0.989396766651729
}
