{
  "Live": 0.00000000000726319,
  "Minute": 0.00000000000726319,
  "Minute_Fluctuation": 0.0,
  "Minute_5": 0.00000000000726361551332963,
  "Minute_5_Fluctuation": 0.0006466898485635376,
  "Minute_10": 0.00000000000733197102309986,
  "Minute_10_Fluctuation": 0.04409969356737091,
  "Hour": 0.00000000000869143556713665,
  "Hour_Fluctuation": 0.2382649828194627,
  "Day": 0.00000000000874141145413857,
  "Day_Fluctuation": 0.2406919364671155,
  "ThreeDay": 0.00000000000874141145413857,
  "ThreeDay_Fluctuation": 0.2406919364671155,
  "Week": 0.00000000000874141145413857,
  "Week_Fluctuation": 0.2406919364671155,
  "Duration": "01:17:30.9429092",
  "Updated": "2021-01-27T12:34:05.5027711Z",
  "Failed": 0,
  "HashRate_Live": 0.0,
  "HashRate_Average": 62661.76149429312,
  "BlockRate_Live": 0.0,
  "BlockRate_Average": 0.0,
  "Actual24h_Week": 0.00000153948267914642,
  "Estimate24h_Week": 0.00000838228328830654,
  "ErrorRatio": 0.987492869512251
}
