{
  "Live": 0.00000000000000281567,
  "Minute": 0.00000000000000281567,
  "Minute_Fluctuation": 0.0,
  "Minute_5": 0.0000000000000025908574002455,
  "Minute_5_Fluctuation": 0.09808161758352595,
  "Minute_10": 0.0000000000000025890228386457,
  "Minute_10_Fluctuation": 0.1163739643026032,
  "Hour": 0.0000000000000027133345287722,
  "Hour_Fluctuation": 0.23591260773526557,
  "Day": 0.0000000000000027292977655922,
  "Day_Fluctuation": 0.24493034625044102,
  "ThreeDay": 0.0000000000000027292977655922,
  "ThreeDay_Fluctuation": 0.24493034625044102,
  "Week": 0.0000000000000027292977655922,
  "Week_Fluctuation": 0.24493034625044108,
  "Duration": "01:24:52.1883102",
  "Updated": "2021-01-27T12:38:12.2091896Z",
  "Failed": 0,
  "HashRate_Live": 0.0,
  "HashRate_Average": 36686895.30270665,
  "BlockRate_Live": 3.0,
  "BlockRate_Average": 3.0,
  "Actual24h_Week": 0.00000106050933756001,
  "Estimate24h_Week": 0.00000271796790716498,
  "ErrorRatio": 0.989774398391572
}
