{
  "Live": 0.00000000000070859,
  "Minute": 0.00000000000070859,
  "Minute_Fluctuation": 0.0,
  "Minute_5": 0.000000000000706355511812321,
  "Minute_5_Fluctuation": 0.015022857222547219,
  "Minute_10": 0.000000000000714382704263183,
  "Minute_10_Fluctuation": 0.04929206109731739,
  "Hour": 0.000000000000758642969150725,
  "Hour_Fluctuation": 0.08647665326559635,
  "Day": 0.000000000000762911093736992,
  "Day_Fluctuation": 0.0866989408759538,
  "ThreeDay": 0.000000000000762911093736992,
  "ThreeDay_Fluctuation": 0.0866989408759538,
  "Week": 0.000000000000762911093736992,
  "Week_Fluctuation": 0.0866989408759538,
  "Duration": "01:24:52.1883102",
  "Updated": "2021-01-27T12:28:53.1673825Z",
  "Failed": 0,
  "HashRate_Live": 0.0,
  "HashRate_Average": 0.0,
  "BlockRate_Live": 8.0,
  "BlockRate_Average": 8.0,
  "Actual24h_Week": 0.000000479965622480987,
  "Estimate24h_Week": 0.000000845872223175375,
  "ErrorRatio": 0.992746360100308
}
