{
  "Live": 0.00000000000411,
  "Minute": 0.00000000000411,
  "Minute_Fluctuation": 0.0,
  "Minute_5": 0.00000000000411000001762534,
  "Minute_5_Fluctuation": 8.571010379050141E-08,
  "Minute_10": 0.00000000000411016934092649,
  "Minute_10_Fluctuation": 0.0003421246067910555,
  "Hour": 0.00000000000423522387340775,
  "Hour_Fluctuation": 0.0358312625599209,
  "Day": 0.00000000000451866881014754,
  "Day_Fluctuation": 0.004592701629750696,
  "ThreeDay": 0.00000000000451936944014658,
  "ThreeDay_Fluctuation": 0.004445283935408644,
  "Week": 0.00000000000451936944014658,
  "Week_Fluctuation": 0.004445283935408644,
  "Duration": "1.01:27:41.9766011",
  "Updated": "2021-01-27T12:39:13.1739889Z",
  "Failed": 0,
  "HashRate_Live": 183320657.0,
  "HashRate_Average": 254151462.07314757,
  "BlockRate_Live": 189.0,
  "BlockRate_Average": 191.8414593898145,
  "Actual24h_Week": 0.000000265762746019556,
  "Estimate24h_Week": 0.000000281142388057716,
  "ErrorRatio": 0.984674901353482
}
