{
  "Live": 0.00000000000007873609,
  "Minute": 0.00000000000007873609,
  "Minute_Fluctuation": 0.0,
  "Minute_5": 0.0000000000000780818033251774,
  "Minute_5_Fluctuation": 0.01935476871714395,
  "Minute_10": 0.0000000000000771404441983446,
  "Minute_10_Fluctuation": 0.026129381209393104,
  "Hour": 0.0000000000000746524979500312,
  "Hour_Fluctuation": 0.04367130709043496,
  "Day": 0.0000000000000745446093303187,
  "Day_Fluctuation": 0.043642212455959416,
  "ThreeDay": 0.0000000000000745446093303187,
  "ThreeDay_Fluctuation": 0.043642212455959416,
  "Week": 0.0000000000000745446093303187,
  "Week_Fluctuation": 0.04364221245595941,
  "Duration": "01:17:30.9429092",
  "Updated": "2021-01-27T12:38:13.7658755Z",
  "Failed": 0,
  "HashRate_Live": 82463372.0,
  "HashRate_Average": 56970773.357856676,
  "BlockRate_Live": 15.0,
  "BlockRate_Average": 15.0,
  "Actual24h_Week": 0.0000597776471714272,
  "Estimate24h_Week": 0.0000814822509073693,
  "ErrorRatio": 0.995918921267266
}
