{
  "Live": 0.00000000000131585,
  "Minute": 0.00000000000131585,
  "Minute_Fluctuation": 0.0,
  "Minute_5": 0.00000000000127741565966554,
  "Minute_5_Fluctuation": 0.056858451035693,
  "Minute_10": 0.00000000000126339773775504,
  "Minute_10_Fluctuation": 0.06215399802732397,
  "Hour": 0.00000000000125636533119201,
  "Hour_Fluctuation": 0.06499866140403761,
  "Day": 0.00000000000125636533119201,
  "Day_Fluctuation": 0.06499866140403761,
  "ThreeDay": 0.00000000000125636533119201,
  "ThreeDay_Fluctuation": 0.06499866140403761,
  "Week": 0.00000000000125636533119201,
  "Week_Fluctuation": 0.06499866140403761,
  "Duration": "00:16:34.3657023",
  "Updated": "2021-01-27T12:38:13.787513Z",
  "Failed": 0,
  "HashRate_Live": 0.0,
  "HashRate_Average": 0.0,
  "BlockRate_Live": 24.0,
  "BlockRate_Average": 24.0,
  "Actual24h_Week": 0.000001791998106621,
  "Estimate24h_Week": 0.0000018713325422237,
  "ErrorRatio": 0.999860710637025
}
