{
  "Live": 0.00000000000011149431,
  "Minute": 0.00000000000011149431,
  "Minute_Fluctuation": 0.0,
  "Minute_5": 0.00000000000011076345521097,
  "Minute_5_Fluctuation": 0.01833022822073655,
  "Minute_10": 0.000000000000109779105019502,
  "Minute_10_Fluctuation": 0.0226632200107851,
  "Hour": 0.000000000000109683932725547,
  "Hour_Fluctuation": 0.019366361903166245,
  "Day": 0.000000000000109706955379852,
  "Day_Fluctuation": 0.019155338926926706,
  "ThreeDay": 0.000000000000109706955379852,
  "ThreeDay_Fluctuation": 0.019155338926926703,
  "Week": 0.000000000000109706955379852,
  "Week_Fluctuation": 0.019155338926926706,
  "Duration": "01:24:52.1883102",
  "Updated": "2021-01-27T12:38:12.3332738Z",
  "Failed": 0,
  "HashRate_Live": 2303841037.0,
  "HashRate_Average": 2681927181.2071347,
  "BlockRate_Live": 0.0,
  "BlockRate_Average": 0.0,
  "Actual24h_Week": 0.0,
  "Estimate24h_Week": 0.000111296623054449,
  "ErrorRatio": 0.983231643002826
}
