{
  "Live": 0.00000000000042257,
  "Minute": 0.00000000000042257,
  "Minute_Fluctuation": 0.0,
  "Minute_5": 0.000000000000421957006324756,
  "Minute_5_Fluctuation": 0.0020174672615854436,
  "Minute_10": 0.000000000000421144542285237,
  "Minute_10_Fluctuation": 0.003769482582032619,
  "Hour": 0.000000000000417161683983714,
  "Hour_Fluctuation": 0.007293731744022324,
  "Day": 0.000000000000416872669039691,
  "Day_Fluctuation": 0.007045113569144204,
  "ThreeDay": 0.000000000000416872669039691,
  "ThreeDay_Fluctuation": 0.007045113569144204,
  "Week": 0.000000000000416872669039691,
  "Week_Fluctuation": 0.007045113569144204,
  "Duration": "01:24:52.1883102",
  "Updated": "2021-01-27T12:38:12.1903377Z",
  "Failed": 0,
  "HashRate_Live": 4415689503.0,
  "HashRate_Average": 3938822650.4715886,
  "BlockRate_Live": 1826.0,
  "BlockRate_Average": 1831.1899868288194,
  "Actual24h_Week": 0.000000341421918375442,
  "Estimate24h_Week": 0.000000409970635869177,
  "ErrorRatio": 0.997196264156343
}
