{
  "Live": 0.00000000000000000665654582,
  "Minute": 0.00000000000000000665654582,
  "Minute_Fluctuation": 0.0,
  "Minute_5": 0.0000000000000000066636743043,
  "Minute_5_Fluctuation": 0.0013264663251295774,
  "Minute_10": 0.0000000000000000066493672347,
  "Minute_10_Fluctuation": 0.0074111578307362955,
  "Hour": 0.0000000000000000064538147111,
  "Hour_Fluctuation": 0.02122560360764427,
  "Day": 0.0000000000000000064463843573,
  "Day_Fluctuation": 0.0207785158429535,
  "ThreeDay": 0.0000000000000000064463843573,
  "ThreeDay_Fluctuation": 0.0207785158429535,
  "Week": 0.0000000000000000064463843573,
  "Week_Fluctuation": 0.0207785158429535,
  "Duration": "01:17:30.9429092",
  "Updated": "2021-01-27T12:38:13.072656Z",
  "Failed": 0,
  "HashRate_Live": 1138568069333500.0,
  "HashRate_Average": 660183707480890.8,
  "BlockRate_Live": 2.0,
  "BlockRate_Average": 2.0,
  "Actual24h_Week": 0.00545501329049582,
  "Estimate24h_Week": 0.00676295039627793,
  "ErrorRatio": 0.997036964952672
}
