{
  "Live": 0.00000000000164591,
  "Minute": 0.00000000000164591,
  "Minute_Fluctuation": 0.0,
  "Minute_5": 0.00000000000165770247092473,
  "Minute_5_Fluctuation": 0.018786375891693477,
  "Minute_10": 0.00000000000168273409263042,
  "Minute_10_Fluctuation": 0.0242916300178682,
  "Hour": 0.00000000000177546212349919,
  "Hour_Fluctuation": 0.03191504618589948,
  "Day": 0.00000000000178201880360752,
  "Day_Fluctuation": 0.030074028617068826,
  "ThreeDay": 0.00000000000178201880360752,
  "ThreeDay_Fluctuation": 0.030074028617068826,
  "Week": 0.00000000000178201880360752,
  "Week_Fluctuation": 0.030074028617068826,
  "Duration": "01:24:52.1883102",
  "Updated": "2021-01-27T12:38:12.5062342Z",
  "Failed": 0,
  "HashRate_Live": 810822081.0,
  "HashRate_Average": 729569796.2897197,
  "BlockRate_Live": 0.0,
  "BlockRate_Average": 0.0,
  "Actual24h_Week": 0.00000295365943824604,
  "Estimate24h_Week": 0.00000213786962446605,
  "ErrorRatio": 1.0
}
