{
  "Live": 0.00000000021112,
  "Minute": 0.00000000021112,
  "Minute_Fluctuation": 0.0,
  "Minute_5": 0.000000000218645030923461,
  "Minute_5_Fluctuation": 0.04524069928711603,
  "Minute_10": 0.000000000226695623091957,
  "Minute_10_Fluctuation": 0.06006987688433918,
  "Hour": 0.000000000242444269530051,
  "Hour_Fluctuation": 0.06732558013459712,
  "Day": 0.00000000024316886757404,
  "Day_Fluctuation": 0.06647492875148471,
  "ThreeDay": 0.00000000024316886757404,
  "ThreeDay_Fluctuation": 0.06647492875148471,
  "Week": 0.00000000024316886757404,
  "Week_Fluctuation": 0.06647492875148471,
  "Duration": "01:17:30.9429092",
  "Updated": "2021-01-27T12:38:13.0361094Z",
  "Failed": 0,
  "HashRate_Live": 0.0,
  "HashRate_Average": 0.0,
  "BlockRate_Live": 0.0,
  "BlockRate_Average": 0.0,
  "Actual24h_Week": 0.0,
  "Estimate24h_Week": 0.000000210277772570651,
  "ErrorRatio": 0.984679034673057
}
