{
  "Live": 0.00000000000019498,
  "Minute": 0.00000000000019498,
  "Minute_Fluctuation": 0.0,
  "Minute_5": 0.000000000000191195111540662,
  "Minute_5_Fluctuation": 0.038024785273701886,
  "Minute_10": 0.000000000000191443915649509,
  "Minute_10_Fluctuation": 0.05794899829245984,
  "Hour": 0.000000000000189482874787737,
  "Hour_Fluctuation": 0.07209121697388751,
  "Day": 0.000000000000189230902198983,
  "Day_Fluctuation": 0.07304538629913264,
  "ThreeDay": 0.000000000000189230902198983,
  "ThreeDay_Fluctuation": 0.07304538629913264,
  "Week": 0.000000000000189230902198983,
  "Week_Fluctuation": 0.07304538629913264,
  "Duration": "01:24:52.1883102",
  "Updated": "2021-01-27T12:38:12.4407814Z",
  "Failed": 0,
  "HashRate_Live": 0.0,
  "HashRate_Average": 8203357.7274338985,
  "BlockRate_Live": 0.0,
  "BlockRate_Average": 0.0,
  "Actual24h_Week": 0.0,
  "Estimate24h_Week": 0.000000189986392232057,
  "ErrorRatio": 0.983231643002826
}
