{
  "Live": 0.00000000000008513047,
  "Minute": 0.00000000000008513047,
  "Minute_Fluctuation": 0.0,
  "Minute_5": 0.0000000000000843762671400615,
  "Minute_5_Fluctuation": 0.024564573394225138,
  "Minute_10": 0.0000000000000833706266401223,
  "Minute_10_Fluctuation": 0.030019464518610768,
  "Hour": 0.0000000000000834744545884169,
  "Hour_Fluctuation": 0.02622843395027837,
  "Day": 0.0000000000000835107720817409,
  "Day_Fluctuation": 0.025994500112950795,
  "ThreeDay": 0.0000000000000835107720817409,
  "ThreeDay_Fluctuation": 0.025994500112950795,
  "Week": 0.0000000000000835107720817409,
  "Week_Fluctuation": 0.025994500112950795,
  "Duration": "01:24:52.1883102",
  "Updated": "2021-01-27T12:38:12.1776915Z",
  "Failed": 0,
  "HashRate_Live": 0.0,
  "HashRate_Average": 11067416.616945216,
  "BlockRate_Live": 2.0,
  "BlockRate_Average": 2.0,
  "Actual24h_Week": 0.0000124772494751579,
  "Estimate24h_Week": 0.0000855358974269689,
  "ErrorRatio": 0.985677668354006
}
