{
  "Live": 0.00000000000000018015,
  "Minute": 0.00000000000000018015,
  "Minute_Fluctuation": 0.0,
  "Minute_5": 0.00000000000000018015,
  "Minute_5_Fluctuation": 3.9089270736505464E-20,
  "Minute_10": 0.00000000000000018015,
  "Minute_10_Fluctuation": 1.3682489025811263E-16,
  "Hour": 0.00000000000000018015,
  "Hour_Fluctuation": 1.320496323880282E-16,
  "Day": 0.00000000000000018015,
  "Day_Fluctuation": 1.3172196900098839E-16,
  "ThreeDay": 0.00000000000000018015,
  "ThreeDay_Fluctuation": 1.3172196900098839E-16,
  "Week": 0.00000000000000018015,
  "Week_Fluctuation": 1.3172196900098839E-16,
  "Duration": "01:24:52.1883102",
  "Updated": "2021-01-27T11:15:51.1607983Z",
  "Failed": 0,
  "HashRate_Live": 0.0,
  "HashRate_Average": 0.0,
  "BlockRate_Live": 12.0,
  "BlockRate_Average": 13.968347617787256,
  "Actual24h_Week": 0.0000000759273973934991,
  "Estimate24h_Week": 0.000000291865278091458,
  "ErrorRatio": 0.987593853244778
}
