{
  "Live": 0.00000000000000053,
  "Minute": 0.00000000000000053,
  "Minute_Fluctuation": 0.019230769230769166,
  "Minute_5": 0.0000000000000005230325285497,
  "Minute_5_Fluctuation": 0.012288025990558097,
  "Minute_10": 0.0000000000000005319973355751,
  "Minute_10_Fluctuation": 0.04412325541661411,
  "Hour": 0.0000000000000005811951487729,
  "Hour_Fluctuation": 0.04193500173500953,
  "Day": 0.0000000000000005991892464046,
  "Day_Fluctuation": 0.0024250001220452624,
  "ThreeDay": 0.0000000000000005992353613039,
  "ThreeDay_Fluctuation": 0.0023124443335419548,
  "Week": 0.0000000000000005992353613039,
  "Week_Fluctuation": 0.0023124443335419548,
  "Duration": "1.01:27:41.9766011",
  "Updated": "2021-01-27T12:39:13.0086914Z",
  "Failed": 0,
  "HashRate_Live": 4528415742720.0,
  "HashRate_Average": 4546307954495.922,
  "BlockRate_Live": 218.0,
  "BlockRate_Average": 222.6721591704919,
  "Actual24h_Week": 0.0000000372709584746728,
  "Estimate24h_Week": 0.000000033692410681967,
  "ErrorRatio": 1.02975487408807
}
