{
  "Live": 0.0000000000000005237,
  "Minute": 0.0000000000000005237,
  "Minute_Fluctuation": 0.0,
  "Minute_5": 0.000000000000000611305071314,
  "Minute_5_Fluctuation": 0.21930292504794713,
  "Minute_10": 0.0000000000000006905352351053,
  "Minute_10_Fluctuation": 0.34126263174632954,
  "Hour": 0.0000000000000006259900956655,
  "Hour_Fluctuation": 0.5031352762088996,
  "Day": 0.0000000000000006232367368299,
  "Day_Fluctuation": 0.5055508135561463,
  "ThreeDay": 0.0000000000000006232367368299,
  "ThreeDay_Fluctuation": 0.5055508135561463,
  "Week": 0.0000000000000006232367368299,
  "Week_Fluctuation": 0.5055508135561463,
  "Duration": "01:22:45.2623729",
  "Updated": "2021-01-27T12:38:12.4281498Z",
  "Failed": 0,
  "HashRate_Live": 173664196568.0,
  "HashRate_Average": 36782988218.726295,
  "BlockRate_Live": 156.0,
  "BlockRate_Average": 153.90424580725715,
  "Actual24h_Week": 0.000000505399372832638,
  "Estimate24h_Week": 0.000000576653227034989,
  "ErrorRatio": 0.997979459062434
}
