{
  "Live": 0.00000000021112,
  "Minute": 0.00000000021112,
  "Minute_Fluctuation": 0.0,
  "Minute_5": 0.00000000021864514837892,
  "Minute_5_Fluctuation": 0.045277536612021496,
  "Minute_10": 0.00000000022665500625288,
  "Minute_10_Fluctuation": 0.0604159683809019,
  "Hour": 0.000000000242700623235765,
  "Hour_Fluctuation": 0.06899966422034085,
  "Day": 0.00000000024385689997518,
  "Day_Fluctuation": 0.06827126361627966,
  "ThreeDay": 0.00000000024385689997518,
  "ThreeDay_Fluctuation": 0.06827126361627966,
  "Week": 0.00000000024385689997518,
  "Week_Fluctuation": 0.0682712636162797,
  "Duration": "01:24:52.1883102",
  "Updated": "2021-01-27T12:38:11.9400776Z",
  "Failed": 0,
  "HashRate_Live": 3812.0,
  "HashRate_Average": 6792.186762582013,
  "BlockRate_Live": 0.0,
  "BlockRate_Average": 0.0,
  "Actual24h_Week": 0.0,
  "Estimate24h_Week": 0.000000210238791998036,
  "ErrorRatio": 0.983231643002826
}
