{
  "Live": 0.0000000000000000648524,
  "Minute": 0.0000000000000000648524,
  "Minute_Fluctuation": 0.0,
  "Minute_5": 0.0000000000000000640294312776,
  "Minute_5_Fluctuation": 0.027638329125249127,
  "Minute_10": 0.0000000000000000633090528352,
  "Minute_10_Fluctuation": 0.0345628702169819,
  "Hour": 0.0000000000000000621746761706,
  "Hour_Fluctuation": 0.030997762455573036,
  "Day": 0.0000000000000000621316314701,
  "Day_Fluctuation": 0.030848561365990443,
  "ThreeDay": 0.0000000000000000621316314701,
  "ThreeDay_Fluctuation": 0.030848561365990436,
  "Week": 0.0000000000000000621316314701,
  "Week_Fluctuation": 0.030848561365990443,
  "Duration": "01:17:30.9429092",
  "Updated": "2021-01-27T12:38:13.7204734Z",
  "Failed": 0,
  "HashRate_Live": 0.0,
  "HashRate_Average": 0.0,
  "BlockRate_Live": 0.0,
  "BlockRate_Average": 0.0,
  "Actual24h_Week": 0.0,
  "Estimate24h_Week": 0.0000597373723761754,
  "ErrorRatio": 0.984679034673057
}
