{
  "Live": 0.0000000000897397,
  "Minute": 0.0000000000897397,
  "Minute_Fluctuation": 0.0,
  "Minute_5": 0.0000000000878903344754554,
  "Minute_5_Fluctuation": 0.025864645315794018,
  "Minute_10": 0.000000000086555491741118,
  "Minute_10_Fluctuation": 0.03273474145933366,
  "Hour": 0.0000000000972335993187908,
  "Hour_Fluctuation": 0.11105299441925644,
  "Day": 0.000000000097966406586501,
  "Day_Fluctuation": 0.11094976327386319,
  "ThreeDay": 0.000000000097966406586501,
  "ThreeDay_Fluctuation": 0.11094976327386319,
  "Week": 0.000000000097966406586501,
  "Week_Fluctuation": 0.11094976327386319,
  "Duration": "01:24:52.1883102",
  "Updated": "2021-01-27T12:38:12.1554095Z",
  "Failed": 0,
  "HashRate_Live": 4106168.0,
  "HashRate_Average": 3617552.339282078,
  "BlockRate_Live": 65.0,
  "BlockRate_Average": 66.5013398901147,
  "Actual24h_Week": 0.000242470111591014,
  "Estimate24h_Week": 0.000153669237041476,
  "ErrorRatio": 1.0
}
