{
  "Live": 0.00000000021,
  "Minute": 0.00000000021,
  "Minute_Fluctuation": 0.0,
  "Minute_5": 0.00000000021440546083336,
  "Minute_5_Fluctuation": 0.043345296838304376,
  "Minute_10": 0.000000000222477628981798,
  "Minute_10_Fluctuation": 0.06440559265607523,
  "Hour": 0.000000000243175635210664,
  "Hour_Fluctuation": 0.05534740920711313,
  "Day": 0.000000000258997519645952,
  "Day_Fluctuation": 0.004241584566830609,
  "ThreeDay": 0.000000000259038000022871,
  "ThreeDay_Fluctuation": 0.004077335485868308,
  "Week": 0.000000000259038000022871,
  "Week_Fluctuation": 0.004077335485868308,
  "Duration": "1.01:27:41.9766011",
  "Updated": "2021-01-27T12:39:13.3676881Z",
  "Failed": 0,
  "HashRate_Live": 5020.0,
  "HashRate_Average": 10698.098256872234,
  "BlockRate_Live": 0.0,
  "BlockRate_Average": 0.0,
  "Actual24h_Week": 0.0,
  "Estimate24h_Week": 0.0000000124273119101605,
  "ErrorRatio": 0.719854674119746
}
