{
  "Live": 0.00000000025,
  "Minute": 0.00000000025,
  "Minute_Fluctuation": 0.0,
  "Minute_5": 0.000000000244038266542982,
  "Minute_5_Fluctuation": 0.03051585646830271,
  "Minute_10": 0.000000000238159896194727,
  "Minute_10_Fluctuation": 0.04373406608933167,
  "Hour": 0.000000000236497660036585,
  "Hour_Fluctuation": 0.03962256307278068,
  "Day": 0.000000000249053528918538,
  "Day_Fluctuation": 0.0037203000725622463,
  "ThreeDay": 0.000000000249085313752389,
  "ThreeDay_Fluctuation": 0.0035975716867538707,
  "Week": 0.000000000249085313752389,
  "Week_Fluctuation": 0.0035975716867538707,
  "Duration": "1.01:27:41.9766011",
  "Updated": "2021-01-27T12:39:12.8379713Z",
  "Failed": 0,
  "HashRate_Live": 2833063.0,
  "HashRate_Average": 2794414.9550546054,
  "BlockRate_Live": 58.0,
  "BlockRate_Average": 57.76018980983613,
  "Actual24h_Week": 0.0000000137683968642273,
  "Estimate24h_Week": 0.0000000135951832576358,
  "ErrorRatio": 1.00356927754087
}
