{
  "Live": 0.0000000020832,
  "Minute": 0.0000000020832,
  "Minute_Fluctuation": 0.0,
  "Minute_5": 0.00000000208798038085083,
  "Minute_5_Fluctuation": 0.0018356320324387967,
  "Minute_10": 0.00000000209041504092053,
  "Minute_10_Fluctuation": 0.0024368405397461232,
  "Hour": 0.00000000210298440961729,
  "Hour_Fluctuation": 0.005232890257474798,
  "Day": 0.00000000210346761749339,
  "Day_Fluctuation": 0.005174606395280901,
  "ThreeDay": 0.00000000210346761749339,
  "ThreeDay_Fluctuation": 0.005174606395280901,
  "Week": 0.00000000210346761749339,
  "Week_Fluctuation": 0.005174606395280901,
  "Duration": "01:17:30.9429092",
  "Updated": "2021-01-27T12:38:13.8983028Z",
  "Failed": 0,
  "HashRate_Live": 1674.0,
  "HashRate_Average": 1465.3884626297154,
  "BlockRate_Live": 0.0,
  "BlockRate_Average": 0.0,
  "Actual24h_Week": 0.0,
  "Estimate24h_Week": 0.00000206424808773615,
  "ErrorRatio": 0.984679034673057
}
