{
  "Live": 0.00000000000311961,
  "Minute": 0.00000000000311961,
  "Minute_Fluctuation": 0.0,
  "Minute_5": 0.00000000000308581377069053,
  "Minute_5_Fluctuation": 0.058159076310333346,
  "Minute_10": 0.0000000000028804134243003,
  "Minute_10_Fluctuation": 0.20092036016083778,
  "Hour": 0.00000000000307320291821815,
  "Hour_Fluctuation": 0.28681924815843973,
  "Day": 0.00000000000307980416922259,
  "Day_Fluctuation": 0.30086127799091844,
  "ThreeDay": 0.00000000000307980416922259,
  "ThreeDay_Fluctuation": 0.30086127799091844,
  "Week": 0.00000000000307980416922259,
  "Week_Fluctuation": 0.30086127799091844,
  "Duration": "01:24:52.1883102",
  "Updated": "2021-01-27T12:38:12.4008965Z",
  "Failed": 0,
  "HashRate_Live": 341360.0,
  "HashRate_Average": 355142.2959994582,
  "BlockRate_Live": 31.0,
  "BlockRate_Average": 31.71837045738946,
  "Actual24h_Week": 0.0000194842665988018,
  "Estimate24h_Week": 0.00000264016619501423,
  "ErrorRatio": 1.0
}
