{
  "Live": 0.00000000000000000721805,
  "Minute": 0.00000000000000000721805,
  "Minute_Fluctuation": 0.0,
  "Minute_5": 0.0000000000000000070965788064,
  "Minute_5_Fluctuation": 0.039689522038493914,
  "Minute_10": 0.0000000000000000068339854623,
  "Minute_10_Fluctuation": 0.07575442972910038,
  "Hour": 0.0000000000000000059287766394,
  "Hour_Fluctuation": 0.0642996032803065,
  "Day": 0.0000000000000000058902728273,
  "Day_Fluctuation": 0.059645120777452106,
  "ThreeDay": 0.0000000000000000058902728273,
  "ThreeDay_Fluctuation": 0.059645120777452106,
  "Week": 0.0000000000000000058902728273,
  "Week_Fluctuation": 0.0596451207774521,
  "Duration": "01:17:30.9429092",
  "Updated": "2021-01-27T12:38:13.9476278Z",
  "Failed": 0,
  "HashRate_Live": 7142427534.0,
  "HashRate_Average": 6242208028.798221,
  "BlockRate_Live": 0.0,
  "BlockRate_Average": 0.0,
  "Actual24h_Week": 0.00000445668628209999,
  "Estimate24h_Week": 0.00000781900793606978,
  "ErrorRatio": 0.993411694437492
}
