{
  "Live": 0.00000000000000018015,
  "Minute": 0.00000000000000018015,
  "Minute_Fluctuation": 0.0,
  "Minute_5": 0.00000000000000018015,
  "Minute_5_Fluctuation": 0.0,
  "Minute_10": 0.00000000000000018015,
  "Minute_10_Fluctuation": 0.0,
  "Hour": 0.00000000000000018015,
  "Hour_Fluctuation": 0.0,
  "Day": 0.00000000000000018015,
  "Day_Fluctuation": 0.0,
  "ThreeDay": 0.00000000000000018015,
  "ThreeDay_Fluctuation": 0.0,
  "Week": 0.00000000000000018015,
  "Week_Fluctuation": 0.0,
  "Duration": "01:17:30.9429092",
  "Updated": "2021-01-27T11:22:52.924548Z",
  "Failed": 0,
  "HashRate_Live": 0.0,
  "HashRate_Average": 0.0,
  "BlockRate_Live": 0.0,
  "BlockRate_Average": 0.0,
  "Actual24h_Week": 0.0000000745799142717832,
  "Estimate24h_Week": 0.000000291107075434139,
  "ErrorRatio": 0.988604175547563
}
