{
  "Live": 0.00000000000047185,
  "Minute": 0.00000000000047185,
  "Minute_Fluctuation": 0.0,
  "Minute_5": 0.000000000000474084087186165,
  "Minute_5_Fluctuation": 0.009620877683524341,
  "Minute_10": 0.000000000000479398822684223,
  "Minute_10_Fluctuation": 0.023424349914998317,
  "Hour": 0.000000000000514873431926441,
  "Hour_Fluctuation": 0.051624535965008767,
  "Day": 0.000000000000516277880251499,
  "Day_Fluctuation": 0.0505987594230706,
  "ThreeDay": 0.000000000000516277880251499,
  "ThreeDay_Fluctuation": 0.0505987594230706,
  "Week": 0.000000000000516277880251499,
  "Week_Fluctuation": 0.0505987594230706,
  "Duration": "01:17:30.9429092",
  "Updated": "2021-01-27T12:38:13.2328697Z",
  "Failed": 0,
  "HashRate_Live": 234067672.0,
  "HashRate_Average": 206519371.72705385,
  "BlockRate_Live": 5.0,
  "BlockRate_Average": 5.0,
  "Actual24h_Week": 0.000000455023462963108,
  "Estimate24h_Week": 0.000000506888024759891,
  "ErrorRatio": 0.998432365504468
}
