{
  "Live": 0.00000000000000861479,
  "Minute": 0.00000000000000861479,
  "Minute_Fluctuation": 0.0,
  "Minute_5": 0.0000000000000086061193329897,
  "Minute_5_Fluctuation": 0.011736378496560163,
  "Minute_10": 0.00000000000000860152105819,
  "Minute_10_Fluctuation": 0.023331965459180357,
  "Hour": 0.0000000000000091453253433375,
  "Hour_Fluctuation": 0.04757605075969573,
  "Day": 0.0000000000000091869960988482,
  "Day_Fluctuation": 0.04617879984991711,
  "ThreeDay": 0.0000000000000091869960988482,
  "ThreeDay_Fluctuation": 0.04617879984991711,
  "Week": 0.0000000000000091869960988482,
  "Week_Fluctuation": 0.04617879984991711,
  "Duration": "01:24:52.1883102",
  "Updated": "2021-01-27T12:36:08.3598585Z",
  "Failed": 0,
  "HashRate_Live": 0.0,
  "HashRate_Average": 1695613725.8542542,
  "BlockRate_Live": 87.0,
  "BlockRate_Average": 86.16786057733462,
  "Actual24h_Week": 0.00000163416672640596,
  "Estimate24h_Week": 0.00000895399886781329,
  "ErrorRatio": 0.986291984138202
}
