{
  "Live": 0.0000000013,
  "Minute": 0.0000000013,
  "Minute_Fluctuation": 0.02255639097744353,
  "Minute_5": 0.00000000131792246033727,
  "Minute_5_Fluctuation": 0.01787523119005495,
  "Minute_10": 0.00000000129824318255779,
  "Minute_10_Fluctuation": 0.032653565503163375,
  "Hour": 0.00000000123875168151197,
  "Hour_Fluctuation": 0.023242099164958938,
  "Day": 0.00000000121157043461479,
  "Day_Fluctuation": 0.001483863277263381,
  "ThreeDay": 0.00000000121151345972251,
  "ThreeDay_Fluctuation": 0.0014363455723585207,
  "Week": 0.00000000121151345972251,
  "Week_Fluctuation": 0.0014363455723585207,
  "Duration": "1.01:16:25.6193212",
  "Updated": "2021-01-27T12:39:17.6995194Z",
  "Failed": 0,
  "HashRate_Live": 103804.0,
  "HashRate_Average": 94730.99365969704,
  "BlockRate_Live": 0.0,
  "BlockRate_Average": 0.0,
  "Actual24h_Week": 0.0000000284418458001721,
  "Estimate24h_Week": 0.00000004143435599648,
  "ErrorRatio": 0.912750677752583
}
