{
  "Live": 0.00000000000157,
  "Minute": 0.00000000000157,
  "Minute_Fluctuation": 0.0,
  "Minute_5": 0.00000000000157,
  "Minute_5_Fluctuation": 0.0,
  "Minute_10": 0.00000000000157,
  "Minute_10_Fluctuation": 0.0,
  "Hour": 0.00000000000157,
  "Hour_Fluctuation": 0.0,
  "Day": 0.00000000000157,
  "Day_Fluctuation": 0.0,
  "ThreeDay": 0.00000000000157,
  "ThreeDay_Fluctuation": 0.0,
  "Week": 0.00000000000157,
  "Week_Fluctuation": 0.0,
  "Duration": "1.01:27:41.9766011",
  "Updated": "2021-01-27T12:39:12.9901546Z",
  "Failed": 0,
  "HashRate_Live": 148444807.0,
  "HashRate_Average": 134870579.77588412,
  "BlockRate_Live": 9.0,
  "BlockRate_Average": 9.0,
  "Actual24h_Week": 0.00000011284027497779,
  "Estimate24h_Week": 0.0000000928019031064706,
  "ErrorRatio": 1.06049074458699
}
