{
  "Live": 0.0000010581844,
  "Minute": 0.0000010581844,
  "Minute_Fluctuation": 0.0,
  "Minute_5": 0.00000105541811657626,
  "Minute_5_Fluctuation": 0.010586338944274668,
  "Minute_10": 0.00000107049104805843,
  "Minute_10_Fluctuation": 0.03562308591650659,
  "Hour": 0.00000116540800837137,
  "Hour_Fluctuation": 0.05391380419569202,
  "Day": 0.00000117281238891445,
  "Day_Fluctuation": 0.05088654600929102,
  "ThreeDay": 0.00000117281238891445,
  "ThreeDay_Fluctuation": 0.05088654600929102,
  "Week": 0.00000117281238891445,
  "Week_Fluctuation": 0.05088654600929102,
  "Duration": "01:24:52.1883102",
  "Updated": "2021-01-27T12:38:12.6508142Z",
  "Failed": 0,
  "HashRate_Live": 0.0,
  "HashRate_Average": 0.0,
  "BlockRate_Live": 0.0,
  "BlockRate_Average": 0.0,
  "Actual24h_Week": 0.0,
  "Estimate24h_Week": 0.00115529247072299,
  "ErrorRatio": 0.983231643002826
}
