{
  "Live": 0.00000000000000114,
  "Minute": 0.00000000000000114,
  "Minute_Fluctuation": 0.0,
  "Minute_5": 0.0000000000000012883038476805,
  "Minute_5_Fluctuation": 0.13071515580667153,
  "Minute_10": 0.0000000000000014586176039846,
  "Minute_10_Fluctuation": 0.21323390460141073,
  "Hour": 0.0000000000000020553970532793,
  "Hour_Fluctuation": 0.2620518739014667,
  "Day": 0.0000000000000020832387523031,
  "Day_Fluctuation": 0.019958104038933253,
  "ThreeDay": 0.0000000000000020832797300405,
  "ThreeDay_Fluctuation": 0.01938433753372855,
  "Week": 0.0000000000000020832797300405,
  "Week_Fluctuation": 0.01938433753372855,
  "Duration": "1.01:27:41.9766011",
  "Updated": "2021-01-27T12:39:13.3488076Z",
  "Failed": 0,
  "HashRate_Live": 636280048916.0,
  "HashRate_Average": 150233514708.26685,
  "BlockRate_Live": 2.0,
  "BlockRate_Average": 1.0342626286870513,
  "Actual24h_Week": 0.000000198749979124781,
  "Estimate24h_Week": 0.000000121510626984295,
  "ErrorRatio": 1.06090250695718
}
