{
  "Live": 0.00000000000000000001606488,
  "Minute": 0.00000000000000000001606488,
  "Minute_Fluctuation": 0.0,
  "Minute_5": 0.0000000000000000000168355623,
  "Minute_5_Fluctuation": 0.07071213564430179,
  "Minute_10": 0.0000000000000000000178547991,
  "Minute_10_Fluctuation": 0.08613259086078824,
  "Hour": 0.0000000000000000000201645119,
  "Hour_Fluctuation": 0.055641957380344186,
  "Day": 0.0000000000000000000202686808,
  "Day_Fluctuation": 0.05210130432835167,
  "ThreeDay": 0.0000000000000000000202686808,
  "ThreeDay_Fluctuation": 0.05210130432835167,
  "Week": 0.0000000000000000000202686808,
  "Week_Fluctuation": 0.05210130432835167,
  "Duration": "01:17:30.9429092",
  "Updated": "2021-01-27T12:38:13.774528Z",
  "Failed": 0,
  "HashRate_Live": 0.0,
  "HashRate_Average": 0.0,
  "BlockRate_Live": 0.0,
  "BlockRate_Average": 0.0,
  "Actual24h_Week": 0.0,
  "Estimate24h_Week": 0.000015791310972641,
  "ErrorRatio": 0.984679034673057
}
