{
  "Live": 0.00000000000004989452,
  "Minute": 0.00000000000004989452,
  "Minute_Fluctuation": 0.0,
  "Minute_5": 0.0000000000000491441480012174,
  "Minute_5_Fluctuation": 0.04299352651600707,
  "Minute_10": 0.0000000000000481788078016912,
  "Minute_10_Fluctuation": 0.052709771190737595,
  "Hour": 0.0000000000000483101801348668,
  "Hour_Fluctuation": 0.044451662124810803,
  "Day": 0.0000000000000483510842054361,
  "Day_Fluctuation": 0.04398682144136065,
  "ThreeDay": 0.0000000000000483510842054361,
  "ThreeDay_Fluctuation": 0.04398682144136066,
  "Week": 0.0000000000000483510842054361,
  "Week_Fluctuation": 0.04398682144136065,
  "Duration": "01:24:52.1883102",
  "Updated": "2021-01-27T12:38:12.0544989Z",
  "Failed": 0,
  "HashRate_Live": 0.0,
  "HashRate_Average": 0.0,
  "BlockRate_Live": 0.0,
  "BlockRate_Average": 0.0,
  "Actual24h_Week": 0.0,
  "Estimate24h_Week": 0.0000492852059657328,
  "ErrorRatio": 0.983231643002826
}
