{
  "Live": 0.00000000000000053,
  "Minute": 0.00000000000000053,
  "Minute_Fluctuation": 0.019230769230769166,
  "Minute_5": 0.0000000000000005230325285497,
  "Minute_5_Fluctuation": 0.012288025990558097,
  "Minute_10": 0.0000000000000005319973355751,
  "Minute_10_Fluctuation": 0.04412325541661411,
  "Hour": 0.0000000000000005811951487729,
  "Hour_Fluctuation": 0.04193500173500954,
  "Day": 0.0000000000000005991892464046,
  "Day_Fluctuation": 0.0024250001220452616,
  "ThreeDay": 0.0000000000000005992296739645,
  "ThreeDay_Fluctuation": 0.0023295831565289275,
  "Week": 0.0000000000000005992296739645,
  "Week_Fluctuation": 0.002329583156528927,
  "Duration": "1.01:16:25.6193212",
  "Updated": "2021-01-27T12:39:16.8948384Z",
  "Failed": 0,
  "HashRate_Live": 167983145688.0,
  "HashRate_Average": 160011133541.09937,
  "BlockRate_Live": 12.0,
  "BlockRate_Average": 11.401164003752308,
  "Actual24h_Week": 0.0000000326505364543646,
  "Estimate24h_Week": 0.0000000294760947383602,
  "ErrorRatio": 1.02996587770627
}
