{
  "Live": 0.00000000000004989452,
  "Minute": 0.00000000000004989452,
  "Minute_Fluctuation": 0.0,
  "Minute_5": 0.0000000000000491440103094893,
  "Minute_5_Fluctuation": 0.042994604664187516,
  "Minute_10": 0.0000000000000481779556032929,
  "Minute_10_Fluctuation": 0.05271403534409262,
  "Hour": 0.0000000000000486988736353497,
  "Hour_Fluctuation": 0.03728845642745671,
  "Day": 0.0000000000000487073407796172,
  "Day_Fluctuation": 0.037172720731112094,
  "ThreeDay": 0.0000000000000487073407796172,
  "ThreeDay_Fluctuation": 0.03717272073111209,
  "Week": 0.0000000000000487073407796172,
  "Week_Fluctuation": 0.03717272073111209,
  "Duration": "01:17:30.9429092",
  "Updated": "2021-01-27T12:38:13.1734293Z",
  "Failed": 0,
  "HashRate_Live": 0.0,
  "HashRate_Average": 0.0,
  "BlockRate_Live": 0.0,
  "BlockRate_Average": 0.0,
  "Actual24h_Week": 0.0,
  "Estimate24h_Week": 0.0000492900897066897,
  "ErrorRatio": 0.984679034673057
}
