{
  "Live": 0.00000000000005364,
  "Minute": 0.00000000000005364,
  "Minute_Fluctuation": 0.0,
  "Minute_5": 0.000000000000093383929058446,
  "Minute_5_Fluctuation": 0.6295755573957312,
  "Minute_10": 0.000000000000121145744340426,
  "Minute_10_Fluctuation": 0.5735696244578495,
  "Hour": 0.000000000000127393132401055,
  "Hour_Fluctuation": 0.4053011279874683,
  "Day": 0.000000000000127314210360411,
  "Day_Fluctuation": 0.3891995796273313,
  "ThreeDay": 0.000000000000127314210360411,
  "ThreeDay_Fluctuation": 0.38919957962733126,
  "Week": 0.000000000000127314210360411,
  "Week_Fluctuation": 0.3891995796273313,
  "Duration": "01:24:52.1883102",
  "Updated": "2021-01-27T12:38:12.1948492Z",
  "Failed": 0,
  "HashRate_Live": 95061943.0,
  "HashRate_Average": 96912955.25421289,
  "BlockRate_Live": 167.0,
  "BlockRate_Average": 170.49428982260713,
  "Actual24h_Week": 0.000000145217632518743,
  "Estimate24h_Week": 0.00000014810320918278,
  "ErrorRatio": 0.999673292834691
}
