{
  "Live": 0.00000000000000861479,
  "Minute": 0.00000000000000861479,
  "Minute_Fluctuation": 0.0,
  "Minute_5": 0.0000000000000086051103375357,
  "Minute_5_Fluctuation": 0.01190526479975963,
  "Minute_10": 0.0000000000000085930698639446,
  "Minute_10_Fluctuation": 0.023553885095106,
  "Hour": 0.0000000000000091137749645052,
  "Hour_Fluctuation": 0.047752463027861666,
  "Day": 0.0000000000000091321144894106,
  "Day_Fluctuation": 0.047374283663136695,
  "ThreeDay": 0.0000000000000091321144894106,
  "ThreeDay_Fluctuation": 0.047374283663136695,
  "Week": 0.0000000000000091321144894106,
  "Week_Fluctuation": 0.047374283663136695,
  "Duration": "01:17:30.9429092",
  "Updated": "2021-01-27T12:36:09.5462592Z",
  "Failed": 0,
  "HashRate_Live": 0.0,
  "HashRate_Average": 97870362.17196055,
  "BlockRate_Live": 3.0,
  "BlockRate_Average": 3.0,
  "Actual24h_Week": 0.0000016371434642595,
  "Estimate24h_Week": 0.00000895625518190086,
  "ErrorRatio": 0.98747960452527
}
