{
  "Live": 0.00000000001222805,
  "Minute": 0.00000000001222805,
  "Minute_Fluctuation": 0.0,
  "Minute_5": 0.0000000000125377716459583,
  "Minute_5_Fluctuation": 0.03816712021485537,
  "Minute_10": 0.0000000000122817570312456,
  "Minute_10_Fluctuation": 0.058420199920352106,
  "Hour": 0.0000000000118135026124282,
  "Hour_Fluctuation": 0.08168538931828441,
  "Day": 0.0000000000117702627287241,
  "Day_Fluctuation": 0.08303973740589375,
  "ThreeDay": 0.0000000000117702627287241,
  "ThreeDay_Fluctuation": 0.08303973740589378,
  "Week": 0.0000000000117702627287241,
  "Week_Fluctuation": 0.08303973740589378,
  "Duration": "01:24:52.1883102",
  "Updated": "2021-01-27T12:38:12.3744725Z",
  "Failed": 0,
  "HashRate_Live": 5648330.0,
  "HashRate_Average": 4286356.742890705,
  "BlockRate_Live": 10.0,
  "BlockRate_Average": 9.790192361714642,
  "Actual24h_Week": 0.0000151977400595955,
  "Estimate24h_Week": 0.0000114409646127628,
  "ErrorRatio": 1.0
}
