{
  "Live": 0.00000000000000000138,
  "Minute": 0.00000000000000000138,
  "Minute_Fluctuation": 0.0,
  "Minute_5": 0.0000000000000000013706294568,
  "Minute_5_Fluctuation": 0.054411182533071395,
  "Minute_10": 0.0000000000000000015544283515,
  "Minute_10_Fluctuation": 0.31220220224856987,
  "Hour": 0.0000000000000000020755298079,
  "Hour_Fluctuation": 0.30676129538574026,
  "Day": 0.0000000000000000021011644625,
  "Day_Fluctuation": 0.3049098122957038,
  "ThreeDay": 0.0000000000000000021011644625,
  "ThreeDay_Fluctuation": 0.3049098122957038,
  "Week": 0.0000000000000000021011644625,
  "Week_Fluctuation": 0.3049098122957038,
  "Duration": "01:17:30.9429092",
  "Updated": "2021-01-27T12:38:13.8336199Z",
  "Failed": 0,
  "HashRate_Live": 0.0,
  "HashRate_Average": 0.0,
  "BlockRate_Live": 0.0,
  "BlockRate_Average": 0.0,
  "Actual24h_Week": 0.0,
  "Estimate24h_Week": 0.0,
  "ErrorRatio": 1.0
}
