{
  "Live": 0.00000000000006615092,
  "Minute": 0.00000000000006615092,
  "Minute_Fluctuation": 0.0,
  "Minute_5": 0.0000000000000657045970590487,
  "Minute_5_Fluctuation": 0.024427675706924064,
  "Minute_10": 0.0000000000000656892190038268,
  "Minute_10_Fluctuation": 0.05346699655797778,
  "Hour": 0.0000000000000861316290231207,
  "Hour_Fluctuation": 0.28776697204069346,
  "Day": 0.0000000000000876099453898702,
  "Day_Fluctuation": 0.28984043999789555,
  "ThreeDay": 0.0000000000000876099453898702,
  "ThreeDay_Fluctuation": 0.2898404399978955,
  "Week": 0.0000000000000876099453898702,
  "Week_Fluctuation": 0.28984043999789555,
  "Duration": "01:24:52.1883102",
  "Updated": "2021-01-27T12:38:12.7526597Z",
  "Failed": 0,
  "HashRate_Live": 0.0,
  "HashRate_Average": 122518205.46229786,
  "BlockRate_Live": 118.0,
  "BlockRate_Average": 118.54642969864615,
  "Actual24h_Week": 0.0000462892158333597,
  "Estimate24h_Week": 0.0000898081331049408,
  "ErrorRatio": 0.991874447049382
}
