{
  "Live": 0.00000000000009547744,
  "Minute": 0.00000000000009547744,
  "Minute_Fluctuation": 0.0,
  "Minute_5": 0.0000000000000919268988999066,
  "Minute_5_Fluctuation": 0.05323166140771625,
  "Minute_10": 0.00000000000009027727313005,
  "Minute_10_Fluctuation": 0.06236519946407582,
  "Hour": 0.0000000000000993319008645044,
  "Hour_Fluctuation": 0.0992510813453265,
  "Day": 0.0000000000000996515803919428,
  "Day_Fluctuation": 0.09955977519161777,
  "ThreeDay": 0.0000000000000996515803919428,
  "ThreeDay_Fluctuation": 0.09955977519161777,
  "Week": 0.0000000000000996515803919428,
  "Week_Fluctuation": 0.09955977519161777,
  "Duration": "01:17:30.9429092",
  "Updated": "2021-01-27T12:38:13.6406726Z",
  "Failed": 0,
  "HashRate_Live": 11125307.0,
  "HashRate_Average": 65936406.83588737,
  "BlockRate_Live": 0.0,
  "BlockRate_Average": 0.0,
  "Actual24h_Week": 0.0000443312146149873,
  "Estimate24h_Week": 0.0000932244303446695,
  "ErrorRatio": 0.991964646389926
}
