{
  "Live": 0.00000000000010577716,
  "Minute": 0.00000000000010577716,
  "Minute_Fluctuation": 0.0,
  "Minute_5": 0.000000000000108783017400649,
  "Minute_5_Fluctuation": 0.05192712595422081,
  "Minute_10": 0.000000000000108382652465747,
  "Minute_10_Fluctuation": 0.06907594890531142,
  "Hour": 0.000000000000108468898276855,
  "Hour_Fluctuation": 0.08707712491023425,
  "Day": 0.000000000000108430337169651,
  "Day_Fluctuation": 0.08830961589471288,
  "ThreeDay": 0.000000000000108430337169651,
  "ThreeDay_Fluctuation": 0.08830961589471287,
  "Week": 0.000000000000108430337169651,
  "Week_Fluctuation": 0.08830961589471287,
  "Duration": "01:24:52.1883102",
  "Updated": "2021-01-27T12:38:12.1237502Z",
  "Failed": 0,
  "HashRate_Live": 63647147203.0,
  "HashRate_Average": 80871254848.25772,
  "BlockRate_Live": 24.0,
  "BlockRate_Average": 24.24585963268989,
  "Actual24h_Week": 0.0000902721866899261,
  "Estimate24h_Week": 0.000109585840274724,
  "ErrorRatio": 0.997044707259462
}
