{
  "Live": 0.00000000000000067841,
  "Minute": 0.00000000000000067841,
  "Minute_Fluctuation": 0.0,
  "Minute_5": 0.0000000000000011471157595805,
  "Minute_5_Fluctuation": 0.7359927730687573,
  "Minute_10": 0.0000000000000008897016208125,
  "Minute_10_Fluctuation": 0.5263856430955999,
  "Hour": 0.0000000000000003458159296067,
  "Hour_Fluctuation": 0.6181245594030415,
  "Day": 0.0000000000000003193044343889,
  "Day_Fluctuation": 0.5444329587436285,
  "ThreeDay": 0.0000000000000003193044343889,
  "ThreeDay_Fluctuation": 0.5444329587436285,
  "Week": 0.0000000000000003193044343889,
  "Week_Fluctuation": 0.5444329587436284,
  "Duration": "01:17:30.9429092",
  "Updated": "2021-01-27T12:38:13.8801157Z",
  "Failed": 0,
  "HashRate_Live": 1817859225.0,
  "HashRate_Average": 2665675835.2835746,
  "BlockRate_Live": 0.0,
  "BlockRate_Average": 0.3333827262685507,
  "Actual24h_Week": 0.000000279600653942524,
  "Estimate24h_Week": 0.000000547409656120437,
  "ErrorRatio": 0.992504530399244
}
