{
  "Live": 0.00000000000000268835,
  "Minute": 0.00000000000000268835,
  "Minute_Fluctuation": 0.0,
  "Minute_5": 0.0000000000000026026924040719,
  "Minute_5_Fluctuation": 0.07284567160105795,
  "Minute_10": 0.0000000000000024499011113416,
  "Minute_10_Fluctuation": 0.1413089665906619,
  "Hour": 0.0000000000000021427507199695,
  "Hour_Fluctuation": 0.1354463681365581,
  "Day": 0.0000000000000021271588166778,
  "Day_Fluctuation": 0.13238932031316297,
  "ThreeDay": 0.0000000000000021271588166778,
  "ThreeDay_Fluctuation": 0.13238932031316297,
  "Week": 0.0000000000000021271588166778,
  "Week_Fluctuation": 0.13238932031316297,
  "Duration": "01:17:30.9429092",
  "Updated": "2021-01-27T12:36:08.8831039Z",
  "Failed": 0,
  "HashRate_Live": 0.0,
  "HashRate_Average": 25022995.68836507,
  "BlockRate_Live": 8.0,
  "BlockRate_Average": 8.0,
  "Actual24h_Week": 0.000000399709697311449,
  "Estimate24h_Week": 0.00000202161932841975,
  "ErrorRatio": 0.987708258982136
}
