{
  "Live": 0.00000000000000000549372608,
  "Minute": 0.00000000000000000549372608,
  "Minute_Fluctuation": 0.0,
  "Minute_5": 0.0000000000000000054941359035,
  "Minute_5_Fluctuation": 0.0019764903143581736,
  "Minute_10": 0.0000000000000000054909124988,
  "Minute_10_Fluctuation": 0.0028554881137424046,
  "Hour": 0.0000000000000000055131410386,
  "Hour_Fluctuation": 0.00484326791736409,
  "Day": 0.0000000000000000055139049934,
  "Day_Fluctuation": 0.004874065042296117,
  "ThreeDay": 0.0000000000000000055139049934,
  "ThreeDay_Fluctuation": 0.004874065042296117,
  "Week": 0.0000000000000000055139049934,
  "Week_Fluctuation": 0.004874065042296117,
  "Duration": "01:17:30.9429092",
  "Updated": "2021-01-27T12:38:13.7066201Z",
  "Failed": 0,
  "HashRate_Live": 27581146561676.0,
  "HashRate_Average": 20962815767954.28,
  "BlockRate_Live": 69.0,
  "BlockRate_Average": 67.87255553815886,
  "Actual24h_Week": 0.00419574718817186,
  "Estimate24h_Week": 0.00539648955357535,
  "ErrorRatio": 0.996591018667914
}
