{
  "Live": 0.00000000000000035288,
  "Minute": 0.00000000000000035288,
  "Minute_Fluctuation": 0.0,
  "Minute_5": 0.000000000000000355889243867,
  "Minute_5_Fluctuation": 0.02092047220628253,
  "Minute_10": 0.0000000000000003624547102048,
  "Minute_10_Fluctuation": 0.03637196834372207,
  "Hour": 0.0000000000000003721829214164,
  "Hour_Fluctuation": 0.06091240477939615,
  "Day": 0.0000000000000003727135749978,
  "Day_Fluctuation": 0.061489104789231745,
  "ThreeDay": 0.0000000000000003727135749978,
  "ThreeDay_Fluctuation": 0.061489104789231745,
  "Week": 0.0000000000000003727135749978,
  "Week_Fluctuation": 0.061489104789231745,
  "Duration": "01:17:30.9429092",
  "Updated": "2021-01-27T12:36:09.3795131Z",
  "Failed": 0,
  "HashRate_Live": 1817859225.0,
  "HashRate_Average": 4272160339.3807282,
  "BlockRate_Live": 8.0,
  "BlockRate_Average": 7.122675457947529,
  "Actual24h_Week": 0.000000378848094428177,
  "Estimate24h_Week": 0.000000359854848655724,
  "ErrorRatio": 1.0
}
