{
  "Live": 0.00000000000000012689,
  "Minute": 0.00000000000000012689,
  "Minute_Fluctuation": 0.0,
  "Minute_5": 0.0000000000000001247240375935,
  "Minute_5_Fluctuation": 0.09006040388385174,
  "Minute_10": 0.0000000000000001160919956898,
  "Minute_10_Fluctuation": 0.26002688388381606,
  "Hour": 0.0000000000000001400208553485,
  "Hour_Fluctuation": 0.23772930624345606,
  "Day": 0.0000000000000001405003673564,
  "Day_Fluctuation": 0.24207336805635626,
  "ThreeDay": 0.0000000000000001405003673564,
  "ThreeDay_Fluctuation": 0.24207336805635626,
  "Week": 0.0000000000000001405003673564,
  "Week_Fluctuation": 0.24207336805635626,
  "Duration": "01:17:30.9429092",
  "Updated": "2021-01-27T12:38:13.9867325Z",
  "Failed": 0,
  "HashRate_Live": 982934074922.0,
  "HashRate_Average": 1420354658630.5688,
  "BlockRate_Live": 0.0,
  "BlockRate_Average": 0.0,
  "Actual24h_Week": 0.000000132137372268259,
  "Estimate24h_Week": 0.00000013,
  "ErrorRatio": 1.0
}
