{
  "Live": 0.00000000000000014449,
  "Minute": 0.00000000000000014449,
  "Minute_Fluctuation": 0.0,
  "Minute_5": 0.0000000000000001444900178488,
  "Minute_5_Fluctuation": 2.2583635296220453E-06,
  "Minute_10": 0.0000000000000001446282345067,
  "Minute_10_Fluctuation": 0.006692139496794402,
  "Hour": 0.0000000000000001840561370308,
  "Hour_Fluctuation": 0.3178681181749569,
  "Day": 0.0000000000000001867619234586,
  "Day_Fluctuation": 0.32434403582175464,
  "ThreeDay": 0.0000000000000001867619234586,
  "ThreeDay_Fluctuation": 0.32434403582175464,
  "Week": 0.0000000000000001867619234586,
  "Week_Fluctuation": 0.32434403582175464,
  "Duration": "01:24:52.1883102",
  "Updated": "2021-01-27T11:29:17.720898Z",
  "Failed": 0,
  "HashRate_Live": 0.0,
  "HashRate_Average": 0.0,
  "BlockRate_Live": 0.0,
  "BlockRate_Average": 0.0,
  "Actual24h_Week": 0.0,
  "Estimate24h_Week": 0.000000417375602407661,
  "ErrorRatio": 0.983231643002826
}
