{
  "Live": 0.00000000000009608154,
  "Minute": 0.00000000000009608154,
  "Minute_Fluctuation": 0.0,
  "Minute_5": 0.0000000000000931670170004084,
  "Minute_5_Fluctuation": 0.04917847047973349,
  "Minute_10": 0.0000000000000931874329709707,
  "Minute_10_Fluctuation": 0.07103753541641031,
  "Hour": 0.000000000000101363769496669,
  "Hour_Fluctuation": 0.11460131210646089,
  "Day": 0.000000000000101715471615743,
  "Day_Fluctuation": 0.1151758034158538,
  "ThreeDay": 0.000000000000101715471615743,
  "ThreeDay_Fluctuation": 0.1151758034158538,
  "Week": 0.000000000000101715471615743,
  "Week_Fluctuation": 0.1151758034158538,
  "Duration": "01:17:30.9429092",
  "Updated": "2021-01-27T12:38:13.3015908Z",
  "Failed": 0,
  "HashRate_Live": 10215759.0,
  "HashRate_Average": 52202173.76933917,
  "BlockRate_Live": 34.0,
  "BlockRate_Average": 34.07996632801268,
  "Actual24h_Week": 0.0000890018525880084,
  "Estimate24h_Week": 0.000104181743784267,
  "ErrorRatio": 0.997767645479555
}
