{
  "Live": 0.00000000000001099021,
  "Minute": 0.00000000000001099021,
  "Minute_Fluctuation": 0.0,
  "Minute_5": 0.0000000000000109895286760509,
  "Minute_5_Fluctuation": 0.00034080301097423854,
  "Minute_10": 0.0000000000000109812081029644,
  "Minute_10_Fluctuation": 0.0020021611278070776,
  "Hour": 0.0000000000000109267882751228,
  "Hour_Fluctuation": 0.002378970252794787,
  "Day": 0.0000000000000109245690850697,
  "Day_Fluctuation": 0.002252212641486634,
  "ThreeDay": 0.0000000000000109245690850697,
  "ThreeDay_Fluctuation": 0.002252212641486634,
  "Week": 0.0000000000000109245690850697,
  "Week_Fluctuation": 0.002252212641486634,
  "Duration": "01:17:30.9429092",
  "Updated": "2021-01-27T12:18:33.0132163Z",
  "Failed": 0,
  "HashRate_Live": 0.0,
  "HashRate_Average": 0.0,
  "BlockRate_Live": 0.0,
  "BlockRate_Average": 0.0,
  "Actual24h_Week": 0.0,
  "Estimate24h_Week": 0.0000100181197408569,
  "ErrorRatio": 0.984679034673057
}
