{
  "Live": 0.00000000000001534,
  "Minute": 0.00000000000001534,
  "Minute_Fluctuation": 0.0,
  "Minute_5": 0.0000000000000138405393381073,
  "Minute_5_Fluctuation": 0.13016751464660184,
  "Minute_10": 0.0000000000000127904752697656,
  "Minute_10_Fluctuation": 0.13545459954186237,
  "Hour": 0.0000000000000132485846643975,
  "Hour_Fluctuation": 0.14897624649112703,
  "Day": 0.0000000000000166441050194973,
  "Day_Fluctuation": 0.015421618031151905,
  "ThreeDay": 0.0000000000000166507727180456,
  "ThreeDay_Fluctuation": 0.015034730007901743,
  "Week": 0.0000000000000166507727180456,
  "Week_Fluctuation": 0.015034730007901743,
  "Duration": "1.01:16:25.6193212",
  "Updated": "2021-01-27T12:39:17.4759173Z",
  "Failed": 0,
  "HashRate_Live": 233129539.0,
  "HashRate_Average": 195705696.74468616,
  "BlockRate_Live": 23.0,
  "BlockRate_Average": 23.63961016753711,
  "Actual24h_Week": 0.000000832942092294193,
  "Estimate24h_Week": 0.000000886589272365164,
  "ErrorRatio": 0.983163414689317
}
