{
  "Live": 0.00000000000000538,
  "Minute": 0.00000000000000538,
  "Minute_Fluctuation": 0.0,
  "Minute_5": 0.000000000000005542326158768,
  "Minute_5_Fluctuation": 0.023702285288519146,
  "Minute_10": 0.0000000000000056226659160713,
  "Minute_10_Fluctuation": 0.024361742047423345,
  "Hour": 0.0000000000000056484928803464,
  "Hour_Fluctuation": 0.03254642527299342,
  "Day": 0.0000000000000056507219875297,
  "Day_Fluctuation": 0.03296488916571433,
  "ThreeDay": 0.0000000000000056507219875297,
  "ThreeDay_Fluctuation": 0.032964889165714335,
  "Week": 0.0000000000000056507219875297,
  "Week_Fluctuation": 0.03296488916571433,
  "Duration": "01:17:30.9429092",
  "Updated": "2021-01-27T12:38:17.6487625Z",
  "Failed": 0,
  "HashRate_Live": 11845405.269907,
  "HashRate_Average": 7485841.917149779,
  "BlockRate_Live": 110.0,
  "BlockRate_Average": 109.61481702643121,
  "Actual24h_Week": 0.0,
  "Estimate24h_Week": 0.0,
  "ErrorRatio": 1.0
}
