{
  "Live": 0.00000000000002862,
  "Minute": 0.00000000000002862,
  "Minute_Fluctuation": 0.0,
  "Minute_5": 0.0000000000000282860099474238,
  "Minute_5_Fluctuation": 0.0615530082129698,
  "Minute_10": 0.0000000000000273425815654156,
  "Minute_10_Fluctuation": 0.08339044917320486,
  "Hour": 0.0000000000000266641034013641,
  "Hour_Fluctuation": 0.25076716644644637,
  "Day": 0.0000000000000266234839979122,
  "Day_Fluctuation": 0.25654749899761153,
  "ThreeDay": 0.0000000000000266234839979122,
  "ThreeDay_Fluctuation": 0.25654749899761164,
  "Week": 0.0000000000000266234839979122,
  "Week_Fluctuation": 0.25654749899761153,
  "Duration": "01:17:30.9429092",
  "Updated": "2021-01-27T12:38:17.6822786Z",
  "Failed": 0,
  "HashRate_Live": 0.0,
  "HashRate_Average": 2404931.89912,
  "BlockRate_Live": 190.0,
  "BlockRate_Average": 195.61797958925803,
  "Actual24h_Week": 0.0,
  "Estimate24h_Week": 0.0,
  "ErrorRatio": 1.0
}
