{
  "Live": 0.0000000000000000025,
  "Minute": 0.0000000000000000025,
  "Minute_Fluctuation": 0.0,
  "Minute_5": 0.0000000000000000023253657859,
  "Minute_5_Fluctuation": 0.11588841838507695,
  "Minute_10": 0.0000000000000000021146846516,
  "Minute_10_Fluctuation": 0.26305671981428647,
  "Hour": 0.0000000000000000017567144003,
  "Hour_Fluctuation": 0.302098571573158,
  "Day": 0.0000000000000000017370494392,
  "Day_Fluctuation": 0.30039557273298717,
  "ThreeDay": 0.0000000000000000017370494392,
  "ThreeDay_Fluctuation": 0.30039557273298717,
  "Week": 0.0000000000000000017370494392,
  "Week_Fluctuation": 0.30039557273298717,
  "Duration": "01:17:30.9429092",
  "Updated": "2021-01-27T12:38:17.6320874Z",
  "Failed": 0,
  "HashRate_Live": 3116657334.9001,
  "HashRate_Average": 6910158449.450811,
  "BlockRate_Live": 487.0,
  "BlockRate_Average": 482.80274517455535,
  "Actual24h_Week": 0.0,
  "Estimate24h_Week": 0.0,
  "ErrorRatio": 1.0
}
