{
  "Live": 0.00000000102135,
  "Minute": 0.00000000102135,
  "Minute_Fluctuation": 0.0,
  "Minute_5": 0.00000000097425543754679,
  "Minute_5_Fluctuation": 0.05101494861682973,
  "Minute_10": 0.000000000985327015884442,
  "Minute_10_Fluctuation": 0.056779701359153216,
  "Hour": 0.00000000102338591626874,
  "Hour_Fluctuation": 0.038747136987686885,
  "Day": 0.00000000102547466448252,
  "Day_Fluctuation": 0.037942120707054446,
  "ThreeDay": 0.00000000102547466448252,
  "ThreeDay_Fluctuation": 0.03794212070705444,
  "Week": 0.00000000102547466448252,
  "Week_Fluctuation": 0.03794212070705444,
  "Duration": "01:17:30.9429092",
  "Updated": "2021-01-27T12:38:17.8757468Z",
  "Failed": 0,
  "HashRate_Live": 5242.5444445273,
  "HashRate_Average": 5605.962282451397,
  "BlockRate_Live": 98.0,
  "BlockRate_Average": 96.43614509330054,
  "Actual24h_Week": 0.0,
  "Estimate24h_Week": 0.0,
  "ErrorRatio": 1.0
}
