{
  "Live": 0.00000000000000009947,
  "Minute": 0.00000000000000009947,
  "Minute_Fluctuation": 0.0,
  "Minute_5": 0.0000000000000000933984072824,
  "Minute_5_Fluctuation": 0.06496192949465662,
  "Minute_10": 0.0000000000000000913645296969,
  "Minute_10_Fluctuation": 0.06811638194302817,
  "Hour": 0.00000000000000009381587614,
  "Hour_Fluctuation": 0.05994737981942869,
  "Day": 0.0000000000000000939070967327,
  "Day_Fluctuation": 0.060109080239828,
  "ThreeDay": 0.0000000000000000939070967327,
  "ThreeDay_Fluctuation": 0.060109080239828,
  "Week": 0.0000000000000000939070967327,
  "Week_Fluctuation": 0.060109080239828,
  "Duration": "01:17:30.9429092",
  "Updated": "2021-01-27T12:38:17.2835907Z",
  "Failed": 0,
  "HashRate_Live": 25302224555.65,
  "HashRate_Average": 7090879204.409165,
  "BlockRate_Live": 172.0,
  "BlockRate_Average": 172.77337643894933,
  "Actual24h_Week": 0.0,
  "Estimate24h_Week": 0.0,
  "ErrorRatio": 1.0
}
