{
  "Live": 0.00000000000000014577,
  "Minute": 0.00000000000000014577,
  "Minute_Fluctuation": 0.0,
  "Minute_5": 0.0000000000000001706885027039,
  "Minute_5_Fluctuation": 0.3163350539620459,
  "Minute_10": 0.0000000000000003345661033445,
  "Minute_10_Fluctuation": 0.6369316341658154,
  "Hour": 0.0000000000000005620111023048,
  "Hour_Fluctuation": 0.6240525794727385,
  "Day": 0.0000000000000005620111023048,
  "Day_Fluctuation": 0.6240525794727385,
  "ThreeDay": 0.0000000000000005620111023048,
  "ThreeDay_Fluctuation": 0.6240525794727385,
  "Week": 0.0000000000000005620111023048,
  "Week_Fluctuation": 0.6240525794727385,
  "Duration": "00:28:20.8462066",
  "Updated": "2021-01-27T12:36:13.4018871Z",
  "Failed": 0,
  "HashRate_Live": 0.0,
  "HashRate_Average": 463207451.94069505,
  "BlockRate_Live": 234.0,
  "BlockRate_Average": 228.15159368366247,
  "Actual24h_Week": 0.0,
  "Estimate24h_Week": 0.0,
  "ErrorRatio": 1.0
}
