{
  "Live": 0.00000000000148,
  "Minute": 0.00000000000148,
  "Minute_Fluctuation": 0.0,
  "Minute_5": 0.00000000000147999999990389,
  "Minute_5_Fluctuation": 1.546582552205735E-09,
  "Minute_10": 0.00000000000147999486843653,
  "Minute_10_Fluctuation": 3.493925457194265E-05,
  "Hour": 0.00000000000146629882785014,
  "Hour_Fluctuation": 0.014118394709088261,
  "Day": 0.00000000000142354656954547,
  "Day_Fluctuation": 0.002420294422272597,
  "ThreeDay": 0.00000000000142344715119895,
  "ThreeDay_Fluctuation": 0.0023545933795342854,
  "Week": 0.00000000000142344715119895,
  "Week_Fluctuation": 0.0023545933795342854,
  "Duration": "1.01:27:41.9766011",
  "Updated": "2021-01-27T12:38:16.3325507Z",
  "Failed": 0,
  "HashRate_Live": 549419822.0,
  "HashRate_Average": 632521401.8004694,
  "BlockRate_Live": 36.0,
  "BlockRate_Average": 34.58930922704381,
  "Actual24h_Week": 0.0000000857681504249607,
  "Estimate24h_Week": 0.0000000898319873130669,
  "ErrorRatio": 0.987326731341531
}
