{
  "Live": 0.00000000000000968,
  "Minute": 0.00000000000000968,
  "Minute_Fluctuation": 0.0,
  "Minute_5": 0.0000000000000099714616860292,
  "Minute_5_Fluctuation": 0.03783076604001866,
  "Minute_10": 0.0000000000000099871699576726,
  "Minute_10_Fluctuation": 0.04894989649138206,
  "Hour": 0.0000000000000099771393372148,
  "Hour_Fluctuation": 0.07638110977794724,
  "Day": 0.0000000000000099720285432998,
  "Day_Fluctuation": 0.07782153106242225,
  "ThreeDay": 0.0000000000000099720285432998,
  "ThreeDay_Fluctuation": 0.07782153106242225,
  "Week": 0.0000000000000099720285432998,
  "Week_Fluctuation": 0.07782153106242223,
  "Duration": "01:17:30.9429092",
  "Updated": "2021-01-27T12:38:17.3407006Z",
  "Failed": 0,
  "HashRate_Live": 0.0,
  "HashRate_Average": 1638060.7080812752,
  "BlockRate_Live": 269.0,
  "BlockRate_Average": 271.5016350843378,
  "Actual24h_Week": 0.0,
  "Estimate24h_Week": 0.0,
  "ErrorRatio": 1.0
}
