{
  "Live": 0.000000000000007,
  "Minute": 0.000000000000007,
  "Minute_Fluctuation": 0.0,
  "Minute_5": 0.0000000000000060628935130125,
  "Minute_5_Fluctuation": 0.1339551832342678,
  "Minute_10": 0.0000000000000058575834153862,
  "Minute_10_Fluctuation": 0.10674671773881088,
  "Hour": 0.0000000000000056040860330415,
  "Hour_Fluctuation": 0.07981262811084858,
  "Day": 0.0000000000000055914499491243,
  "Day_Fluctuation": 0.07828057272213117,
  "ThreeDay": 0.0000000000000055914499491243,
  "ThreeDay_Fluctuation": 0.07828057272213117,
  "Week": 0.0000000000000055914499491243,
  "Week_Fluctuation": 0.07828057272213117,
  "Duration": "01:17:30.9429092",
  "Updated": "2021-01-27T12:38:17.1145699Z",
  "Failed": 0,
  "HashRate_Live": 2140382.6354039,
  "HashRate_Average": 4363103.625500011,
  "BlockRate_Live": 140.0,
  "BlockRate_Average": 143.59494526239646,
  "Actual24h_Week": 0.0,
  "Estimate24h_Week": 0.0,
  "ErrorRatio": 1.0
}
