{
  "Live": 0.00000000000000665,
  "Minute": 0.00000000000000665,
  "Minute_Fluctuation": 0.0,
  "Minute_5": 0.0000000000000063722382643606,
  "Minute_5_Fluctuation": 0.07342251524098291,
  "Minute_10": 0.0000000000000060208445291354,
  "Minute_10_Fluctuation": 0.11181757014015187,
  "Hour": 0.0000000000000055282757964372,
  "Hour_Fluctuation": 0.19764719278160767,
  "Day": 0.0000000000000055021232665016,
  "Day_Fluctuation": 0.19935760275548034,
  "ThreeDay": 0.0000000000000055021232665016,
  "ThreeDay_Fluctuation": 0.19935760275548034,
  "Week": 0.0000000000000055021232665016,
  "Week_Fluctuation": 0.19935760275548034,
  "Duration": "01:17:30.9429092",
  "Updated": "2021-01-27T12:38:17.2877205Z",
  "Failed": 0,
  "HashRate_Live": 0.0,
  "HashRate_Average": 0.0,
  "BlockRate_Live": 15.0,
  "BlockRate_Average": 15.0,
  "Actual24h_Week": 0.0,
  "Estimate24h_Week": 0.0,
  "ErrorRatio": 1.0
}
