{
  "Live": 0.00000000000086456,
  "Minute": 0.00000000000086456,
  "Minute_Fluctuation": 0.0,
  "Minute_5": 0.000000000000984329706818877,
  "Minute_5_Fluctuation": 0.13827154804675354,
  "Minute_10": 0.000000000000935891763101391,
  "Minute_10_Fluctuation": 0.19325183676260035,
  "Hour": 0.000000000000691154426634057,
  "Hour_Fluctuation": 0.22723241234597819,
  "Day": 0.00000000000067724216303033,
  "Day_Fluctuation": 0.01576533760662768,
  "ThreeDay": 0.000000000000677176329696192,
  "ThreeDay_Fluctuation": 0.015311240255829126,
  "Week": 0.000000000000677176329696192,
  "Week_Fluctuation": 0.015311240255829126,
  "Duration": "1.01:27:41.9766011",
  "Updated": "2021-01-27T12:38:16.4117031Z",
  "Failed": 0,
  "HashRate_Live": 24579812.0,
  "HashRate_Average": 23843129.426416658,
  "BlockRate_Live": 36.0,
  "BlockRate_Average": 36.10952850082261,
  "Actual24h_Week": 0.0000425125850405402,
  "Estimate24h_Week": 0.0000343584773722158,
  "ErrorRatio": 1.06090250695718
}
