{
  "Live": 0.00000000000000000000516402,
  "Minute": 0.00000000000000000000516402,
  "Minute_Fluctuation": 0.0,
  "Minute_5": 0.0000000000000000000052610039,
  "Minute_5_Fluctuation": 0.011013720667274445,
  "Minute_10": 0.0000000000000000000053841132,
  "Minute_10_Fluctuation": 0.026581384681726366,
  "Hour": 0.000000000000000000005827034,
  "Hour_Fluctuation": 0.026345244042516425,
  "Day": 0.0000000000000000000058463017,
  "Day_Fluctuation": 0.025255994333380487,
  "ThreeDay": 0.0000000000000000000058463017,
  "ThreeDay_Fluctuation": 0.025255994333380497,
  "Week": 0.0000000000000000000058463017,
  "Week_Fluctuation": 0.025255994333380487,
  "Duration": "01:17:30.9429092",
  "Updated": "2021-01-27T12:38:17.2752245Z",
  "Failed": 0,
  "HashRate_Live": 449920158085.94,
  "HashRate_Average": 543911714613081.2,
  "BlockRate_Live": 3.0,
  "BlockRate_Average": 3.541625003735021,
  "Actual24h_Week": 0.0,
  "Estimate24h_Week": 0.0,
  "ErrorRatio": 1.0
}
