{
  "Live": 0.00000000000000010481,
  "Minute": 0.00000000000000010481,
  "Minute_Fluctuation": 0.0,
  "Minute_5": 0.0000000000000001022270791552,
  "Minute_5_Fluctuation": 0.025089989705173166,
  "Minute_10": 0.0000000000000001011714864396,
  "Minute_10_Fluctuation": 0.024580374843707824,
  "Hour": 0.0000000000000001022514108574,
  "Hour_Fluctuation": 0.015326872420915315,
  "Day": 0.0000000000000001022855608316,
  "Day_Fluctuation": 0.015057652783100872,
  "ThreeDay": 0.0000000000000001022855608316,
  "ThreeDay_Fluctuation": 0.015057652783100872,
  "Week": 0.0000000000000001022855608316,
  "Week_Fluctuation": 0.015057652783100872,
  "Duration": "01:17:30.9429092",
  "Updated": "2021-01-27T12:38:17.4339139Z",
  "Failed": 0,
  "HashRate_Live": 0.0,
  "HashRate_Average": 0.0,
  "BlockRate_Live": 0.0,
  "BlockRate_Average": 0.0,
  "Actual24h_Week": 0.0,
  "Estimate24h_Week": 0.0,
  "ErrorRatio": 1.0
}
