{
  "Live": 0.00000000000000000576,
  "Minute": 0.00000000000000000576,
  "Minute_Fluctuation": 0.0,
  "Minute_5": 0.000000000000000005760017065,
  "Minute_5_Fluctuation": 2.2101261580690452E-05,
  "Minute_10": 0.0000000000000000057604257047,
  "Minute_10_Fluctuation": 0.00026572888720401226,
  "Hour": 0.0000000000000000057661917964,
  "Hour_Fluctuation": 0.0010009783666692195,
  "Day": 0.0000000000000000057664084536,
  "Day_Fluctuation": 0.000997162113241345,
  "ThreeDay": 0.0000000000000000057664084536,
  "ThreeDay_Fluctuation": 0.000997162113241345,
  "Week": 0.0000000000000000057664084536,
  "Week_Fluctuation": 0.000997162113241345,
  "Duration": "01:17:30.9429092",
  "Updated": "2021-01-27T12:38:17.7687941Z",
  "Failed": 0,
  "HashRate_Live": 93302724.213692,
  "HashRate_Average": 78260496.96331416,
  "BlockRate_Live": 0.0,
  "BlockRate_Average": 0.0,
  "Actual24h_Week": 0.0,
  "Estimate24h_Week": 0.0,
  "ErrorRatio": 1.0
}
