{
  "Live": 0.00000000000000008624,
  "Minute": 0.00000000000000008624,
  "Minute_Fluctuation": 0.0,
  "Minute_5": 0.0000000000000000812046703399,
  "Minute_5_Fluctuation": 0.1432932885101755,
  "Minute_10": 0.0000000000000000827835739465,
  "Minute_10_Fluctuation": 0.14641558888207326,
  "Hour": 0.0000000000000000774288649679,
  "Hour_Fluctuation": 0.14704282332891905,
  "Day": 0.0000000000000000772109355913,
  "Day_Fluctuation": 0.14539164894850645,
  "ThreeDay": 0.0000000000000000772109355913,
  "ThreeDay_Fluctuation": 0.14539164894850645,
  "Week": 0.0000000000000000772109355913,
  "Week_Fluctuation": 0.14539164894850645,
  "Duration": "01:17:30.9429092",
  "Updated": "2021-01-27T12:38:17.1689367Z",
  "Failed": 0,
  "HashRate_Live": 0.0,
  "HashRate_Average": 1351599837.8178685,
  "BlockRate_Live": 14.0,
  "BlockRate_Average": 12.135925803559443,
  "Actual24h_Week": 0.0,
  "Estimate24h_Week": 0.0,
  "ErrorRatio": 1.0
}
