{
  "Live": 0.000000000000009,
  "Minute": 0.000000000000009,
  "Minute_Fluctuation": 0.0,
  "Minute_5": 0.0000000000000090434543501546,
  "Minute_5_Fluctuation": 0.003062538742476189,
  "Minute_10": 0.0000000000000090819220382757,
  "Minute_10_Fluctuation": 0.012868581662140654,
  "Hour": 0.0000000000000084557058317834,
  "Hour_Fluctuation": 0.2039940604166671,
  "Day": 0.0000000000000052556358819801,
  "Day_Fluctuation": 0.052197281541370474,
  "ThreeDay": 0.0000000000000052482980565584,
  "ThreeDay_Fluctuation": 0.05089132588016102,
  "Week": 0.0000000000000052482980565584,
  "Week_Fluctuation": 0.05089132588016103,
  "Duration": "1.01:27:41.9766011",
  "Updated": "2021-01-27T12:38:16.7557847Z",
  "Failed": 0,
  "HashRate_Live": 1429798353010.0,
  "HashRate_Average": 1414226731747.4587,
  "BlockRate_Live": 223.0,
  "BlockRate_Average": 218.37670478823398,
  "Actual24h_Week": 0.000000295170175867508,
  "Estimate24h_Week": 0.00000059154401699395,
  "ErrorRatio": 0.859642319219672
}
