{
  "Live": 0.00000000000797,
  "Minute": 0.00000000000797,
  "Minute_Fluctuation": 0.0,
  "Minute_5": 0.00000000000791919261979904,
  "Minute_5_Fluctuation": 0.007665800113648083,
  "Minute_10": 0.00000000000787111977086348,
  "Minute_10_Fluctuation": 0.019304153528401154,
  "Hour": 0.00000000000723462795713534,
  "Hour_Fluctuation": 0.07929611550122581,
  "Day": 0.00000000000721062717860187,
  "Day_Fluctuation": 0.07863233066752466,
  "ThreeDay": 0.00000000000721062717860187,
  "ThreeDay_Fluctuation": 0.07863233066752466,
  "Week": 0.00000000000721062717860187,
  "Week_Fluctuation": 0.07863233066752466,
  "Duration": "01:17:30.9429092",
  "Updated": "2021-01-27T12:38:17.2417008Z",
  "Failed": 0,
  "HashRate_Live": 93984.624407419,
  "HashRate_Average": 96441.46372025942,
  "BlockRate_Live": 112.0,
  "BlockRate_Average": 113.4159521281455,
  "Actual24h_Week": 0.0,
  "Estimate24h_Week": 0.0,
  "ErrorRatio": 1.0
}
