{
  "Live": 0.00000000000282,
  "Minute": 0.00000000000282,
  "Minute_Fluctuation": 0.0,
  "Minute_5": 0.00000000000346288224592822,
  "Minute_5_Fluctuation": 0.15770710744903538,
  "Minute_10": 0.00000000000409920340698842,
  "Minute_10_Fluctuation": 0.2577447459510323,
  "Hour": 0.00000000000560214352242374,
  "Hour_Fluctuation": 0.45025080801776807,
  "Day": 0.00000000000567094868995003,
  "Day_Fluctuation": 0.45320237218617804,
  "ThreeDay": 0.00000000000567094868995003,
  "ThreeDay_Fluctuation": 0.45320237218617804,
  "Week": 0.00000000000567094868995003,
  "Week_Fluctuation": 0.45320237218617804,
  "Duration": "01:17:30.9429092",
  "Updated": "2021-01-27T12:38:17.5768108Z",
  "Failed": 0,
  "HashRate_Live": 98374.440355641,
  "HashRate_Average": 74571.02368588753,
  "BlockRate_Live": 33.0,
  "BlockRate_Average": 31.22649040942464,
  "Actual24h_Week": 0.0,
  "Estimate24h_Week": 0.0,
  "ErrorRatio": 1.0
}
