{
  "Live": 0.00000000000000000000507204,
  "Minute": 0.00000000000000000000507204,
  "Minute_Fluctuation": 0.0,
  "Minute_5": 0.0000000000000000000054533723,
  "Minute_5_Fluctuation": 0.05907907536747302,
  "Minute_10": 0.000000000000000000005780751,
  "Minute_10_Fluctuation": 0.06014081810628186,
  "Hour": 0.0000000000000000000059056699,
  "Hour_Fluctuation": 0.022123341865106016,
  "Day": 0.0000000000000000000059140177,
  "Day_Fluctuation": 0.02026958998095855,
  "ThreeDay": 0.0000000000000000000059140177,
  "ThreeDay_Fluctuation": 0.02026958998095855,
  "Week": 0.0000000000000000000059140177,
  "Week_Fluctuation": 0.02026958998095855,
  "Duration": "01:17:30.9429092",
  "Updated": "2021-01-27T12:38:17.0756133Z",
  "Failed": 0,
  "HashRate_Live": 0.0,
  "HashRate_Average": 386465858245073.9,
  "BlockRate_Live": 78.0,
  "BlockRate_Average": 77.00539165382442,
  "Actual24h_Week": 0.0,
  "Estimate24h_Week": 0.0,
  "ErrorRatio": 1.0
}
