{
  "Live": 0.00000039354,
  "Minute": 0.00000039354,
  "Minute_Fluctuation": 0.0,
  "Minute_5": 0.000000422763587762878,
  "Minute_5_Fluctuation": 0.07151712899993819,
  "Minute_10": 0.00000045561104027508,
  "Minute_10_Fluctuation": 0.12984819073297568,
  "Hour": 0.000000540795594408798,
  "Hour_Fluctuation": 0.0951141722132587,
  "Day": 0.000000545680136395184,
  "Day_Fluctuation": 0.006249470649501875,
  "ThreeDay": 0.000000545690058996763,
  "ThreeDay_Fluctuation": 0.00601893328425042,
  "Week": 0.000000545690058996763,
  "Week_Fluctuation": 0.00601893328425042,
  "Duration": "1.01:27:41.9766011",
  "Updated": "2021-01-27T12:38:16.2872872Z",
  "Failed": 0,
  "HashRate_Live": 1207.96,
  "HashRate_Average": 1406.0361656487944,
  "BlockRate_Live": 143.0,
  "BlockRate_Average": 146.18753321983723,
  "Actual24h_Week": 0.0000319226783894925,
  "Estimate24h_Week": 0.0000309759632480732,
  "ErrorRatio": 1.0085620524432
}
