{
  "Live": 0.00000000000000539,
  "Minute": 0.00000000000000539,
  "Minute_Fluctuation": 0.0,
  "Minute_5": 0.0000000000000055124558064742,
  "Minute_5_Fluctuation": 0.02541395016621332,
  "Minute_10": 0.0000000000000055857215045998,
  "Minute_10_Fluctuation": 0.031207514228956852,
  "Hour": 0.0000000000000055321693684259,
  "Hour_Fluctuation": 0.0475122526414471,
  "Day": 0.0000000000000055310598470911,
  "Day_Fluctuation": 0.048202403576509734,
  "ThreeDay": 0.0000000000000055310598470911,
  "ThreeDay_Fluctuation": 0.048202403576509734,
  "Week": 0.0000000000000055310598470911,
  "Week_Fluctuation": 0.048202403576509734,
  "Duration": "01:17:30.9429092",
  "Updated": "2021-01-27T12:38:17.3612243Z",
  "Failed": 0,
  "HashRate_Live": 20231013.951078,
  "HashRate_Average": 12475279.383385947,
  "BlockRate_Live": 188.0,
  "BlockRate_Average": 181.43045288082743,
  "Actual24h_Week": 0.0,
  "Estimate24h_Week": 0.0,
  "ErrorRatio": 1.0
}
