{
  "Live": 0.00000000000289,
  "Minute": 0.00000000000289,
  "Minute_Fluctuation": 0.0,
  "Minute_5": 0.00000000000283835560952445,
  "Minute_5_Fluctuation": 0.08404651452499412,
  "Minute_10": 0.00000000000261417552293824,
  "Minute_10_Fluctuation": 0.22150186634384517,
  "Hour": 0.00000000000734521150985397,
  "Hour_Fluctuation": 0.5951930481997488,
  "Day": 0.0000000000221682465036964,
  "Day_Fluctuation": 0.05166928526707296,
  "ThreeDay": 0.0000000000222030522066964,
  "ThreeDay_Fluctuation": 0.05018946161549394,
  "Week": 0.0000000000222030522066964,
  "Week_Fluctuation": 0.05018946161549394,
  "Duration": "1.01:27:41.9766011",
  "Updated": "2021-01-27T12:38:16.4422776Z",
  "Failed": 0,
  "HashRate_Live": 2251279.0,
  "HashRate_Average": 3286670.1628847346,
  "BlockRate_Live": 79.0,
  "BlockRate_Average": 76.68349622731064,
  "Actual24h_Week": 0.00000125417463417997,
  "Estimate24h_Week": 0.000000144295879857389,
  "ErrorRatio": 1.06090250695718
}
