{
  "Live": 0.00000000000000000015519,
  "Minute": 0.00000000000000000015519,
  "Minute_Fluctuation": 0.0,
  "Minute_5": 0.0000000000000000001395055984,
  "Minute_5_Fluctuation": 0.07214355515606058,
  "Minute_10": 0.0000000000000000001341405314,
  "Minute_10_Fluctuation": 0.07316462163954118,
  "Hour": 0.0000000000000000001657929917,
  "Hour_Fluctuation": 0.2083562882019838,
  "Day": 0.0000000000000000001668188699,
  "Day_Fluctuation": 0.20942024410555657,
  "ThreeDay": 0.0000000000000000001668188699,
  "ThreeDay_Fluctuation": 0.20942024410555657,
  "Week": 0.0000000000000000001668188699,
  "Week_Fluctuation": 0.20942024410555657,
  "Duration": "01:17:30.9429092",
  "Updated": "2021-01-27T12:38:17.7649084Z",
  "Failed": 0,
  "HashRate_Live": 0.0,
  "HashRate_Average": 140908038.97323912,
  "BlockRate_Live": 9.0,
  "BlockRate_Average": 9.0,
  "Actual24h_Week": 0.0,
  "Estimate24h_Week": 0.0,
  "ErrorRatio": 1.0
}
