{
  "Live": 0.00000000000000000213,
  "Minute": 0.00000000000000000213,
  "Minute_Fluctuation": 0.0,
  "Minute_5": 0.0000000000000000022961404006,
  "Minute_5_Fluctuation": 0.08206379872780148,
  "Minute_10": 0.0000000000000000022446053953,
  "Minute_10_Fluctuation": 0.09831417131895338,
  "Hour": 0.0000000000000000022478377694,
  "Hour_Fluctuation": 0.14446370682122983,
  "Day": 0.0000000000000000022457918209,
  "Day_Fluctuation": 0.14716285379427677,
  "ThreeDay": 0.0000000000000000022457918209,
  "ThreeDay_Fluctuation": 0.1471628537942767,
  "Week": 0.0000000000000000022457918209,
  "Week_Fluctuation": 0.14716285379427677,
  "Duration": "01:17:30.9429092",
  "Updated": "2021-01-27T12:38:17.8565234Z",
  "Failed": 0,
  "HashRate_Live": 0.0,
  "HashRate_Average": 64478308.95830771,
  "BlockRate_Live": 0.0,
  "BlockRate_Average": 0.0,
  "Actual24h_Week": 0.0,
  "Estimate24h_Week": 0.0,
  "ErrorRatio": 1.0
}
