{
  "Live": 0.0000000000000000237,
  "Minute": 0.0000000000000000237,
  "Minute_Fluctuation": 0.0,
  "Minute_5": 0.0000000000000000236998000325,
  "Minute_5_Fluctuation": 8.068917662223783E-05,
  "Minute_10": 0.0000000000000000236841149928,
  "Minute_10_Fluctuation": 0.00273922730689312,
  "Hour": 0.0000000000000000233351207034,
  "Hour_Fluctuation": 0.010932231775658571,
  "Day": 0.0000000000000000233223532091,
  "Day_Fluctuation": 0.01074882896809609,
  "ThreeDay": 0.0000000000000000233223532091,
  "ThreeDay_Fluctuation": 0.01074882896809609,
  "Week": 0.0000000000000000233223532091,
  "Week_Fluctuation": 0.01074882896809609,
  "Duration": "01:17:30.9429092",
  "Updated": "2021-01-27T12:38:17.4301102Z",
  "Failed": 0,
  "HashRate_Live": 2500177861.8914,
  "HashRate_Average": 1619480551.3687384,
  "BlockRate_Live": 17.0,
  "BlockRate_Average": 17.635535892777956,
  "Actual24h_Week": 0.0,
  "Estimate24h_Week": 0.0,
  "ErrorRatio": 1.0
}
