{
  "Live": 0.00000102077,
  "Minute": 0.00000102077,
  "Minute_Fluctuation": 0.0,
  "Minute_5": 0.000000986063395368759,
  "Minute_5_Fluctuation": 0.03516008681929296,
  "Minute_10": 0.000000970927782654315,
  "Minute_10_Fluctuation": 0.03741108508789518,
  "Hour": 0.000000979268167016186,
  "Hour_Fluctuation": 0.0325414939061408,
  "Day": 0.000000980184846359066,
  "Day_Fluctuation": 0.0029249791785696615,
  "ThreeDay": 0.000000980203315021477,
  "ThreeDay_Fluctuation": 0.0028662481880896954,
  "Week": 0.000000980203315021477,
  "Week_Fluctuation": 0.0028662481880896954,
  "Duration": "1.01:27:41.9766011",
  "Updated": "2021-01-27T12:38:16.3025027Z",
  "Failed": 0,
  "HashRate_Live": 4143.748,
  "HashRate_Average": 4392.453450888901,
  "BlockRate_Live": 544.0,
  "BlockRate_Average": 540.2926962347553,
  "Actual24h_Week": 0.0000584372724866588,
  "Estimate24h_Week": 0.000064516055609513,
  "ErrorRatio": 0.973604358437309
}
