{
  "Live": 0.00000000000000000005295,
  "Minute": 0.00000000000000000005295,
  "Minute_Fluctuation": 0.0,
  "Minute_5": 0.000000000000000000051906047,
  "Minute_5_Fluctuation": 0.03135265385083498,
  "Minute_10": 0.0000000000000000000553917663,
  "Minute_10_Fluctuation": 0.16469914765403218,
  "Hour": 0.0000000000000000000810359408,
  "Hour_Fluctuation": 0.28247665816182316,
  "Day": 0.0000000000000000000812616755,
  "Day_Fluctuation": 0.2818451091703204,
  "ThreeDay": 0.0000000000000000000812616755,
  "ThreeDay_Fluctuation": 0.2818451091703204,
  "Week": 0.0000000000000000000812616755,
  "Week_Fluctuation": 0.2818451091703204,
  "Duration": "01:08:13.7034278",
  "Updated": "2021-01-27T12:38:17.6595773Z",
  "Failed": 0,
  "HashRate_Live": 0.0,
  "HashRate_Average": 6191259547.644716,
  "BlockRate_Live": 4.0,
  "BlockRate_Average": 4.0,
  "Actual24h_Week": 0.0,
  "Estimate24h_Week": 0.0,
  "ErrorRatio": 1.0
}
