{
  "Live": 0.00000000000000008109,
  "Minute": 0.00000000000000008109,
  "Minute_Fluctuation": 0.0,
  "Minute_5": 0.0000000000000000784573155101,
  "Minute_5_Fluctuation": 0.03362968367406671,
  "Minute_10": 0.0000000000000000773116356021,
  "Minute_10_Fluctuation": 0.03278640799335731,
  "Hour": 0.0000000000000000784564385635,
  "Hour_Fluctuation": 0.02458141523772317,
  "Day": 0.0000000000000000784904222648,
  "Day_Fluctuation": 0.024354716171694518,
  "ThreeDay": 0.0000000000000000784904222648,
  "ThreeDay_Fluctuation": 0.024354716171694518,
  "Week": 0.0000000000000000784904222648,
  "Week_Fluctuation": 0.024354716171694518,
  "Duration": "01:17:30.9429092",
  "Updated": "2021-01-27T12:38:17.2719233Z",
  "Failed": 0,
  "HashRate_Live": 0.0,
  "HashRate_Average": 11336683.148364428,
  "BlockRate_Live": 7.0,
  "BlockRate_Average": 7.0,
  "Actual24h_Week": 0.0,
  "Estimate24h_Week": 0.0,
  "ErrorRatio": 1.0
}
