{
  "Live": 0.00000000000000382,
  "Minute": 0.00000000000000382,
  "Minute_Fluctuation": 0.0,
  "Minute_5": 0.000000000000003820000026801,
  "Minute_5_Fluctuation": 1.3630750090641228E-07,
  "Minute_10": 0.0000000000000038201737006824,
  "Minute_10_Fluctuation": 0.0003733164326101134,
  "Hour": 0.000000000000003846612016506,
  "Hour_Fluctuation": 0.018929858199818024,
  "Day": 0.000000000000003847543197776,
  "Day_Fluctuation": 0.01934203840047402,
  "ThreeDay": 0.000000000000003847543197776,
  "ThreeDay_Fluctuation": 0.01934203840047402,
  "Week": 0.000000000000003847543197776,
  "Week_Fluctuation": 0.01934203840047402,
  "Duration": "01:17:30.9429092",
  "Updated": "2021-01-27T12:38:17.154162Z",
  "Failed": 0,
  "HashRate_Live": 77975990.252339,
  "HashRate_Average": 70034169.77010113,
  "BlockRate_Live": 84.0,
  "BlockRate_Average": 83.46981446273647,
  "Actual24h_Week": 0.0,
  "Estimate24h_Week": 0.0,
  "ErrorRatio": 1.0
}
