{
  "Live": 0.00000000000028,
  "Minute": 0.00000000000028,
  "Minute_Fluctuation": 0.0,
  "Minute_5": 0.000000000000471960669598029,
  "Minute_5_Fluctuation": 0.551601585294794,
  "Minute_10": 0.00000000000075500352252555,
  "Minute_10_Fluctuation": 0.5880517705519597,
  "Hour": 0.000000000000808818163518821,
  "Hour_Fluctuation": 0.2972228247741874,
  "Day": 0.00000000000068724741008311,
  "Day_Fluctuation": 0.017292839622852548,
  "ThreeDay": 0.000000000000686923152048222,
  "ThreeDay_Fluctuation": 0.016459563684895047,
  "Week": 0.000000000000686923152048222,
  "Week_Fluctuation": 0.016459563684895047,
  "Duration": "1.01:27:41.9766011",
  "Updated": "2021-01-27T12:38:16.8643856Z",
  "Failed": 0,
  "HashRate_Live": 74960580.0,
  "HashRate_Average": 64001454.16682238,
  "BlockRate_Live": 117.0,
  "BlockRate_Average": 112.8984257299691,
  "Actual24h_Week": 0.00000040725335556937,
  "Estimate24h_Week": 0.000000128090870930695,
  "ErrorRatio": 1.06090250695718
}
