{
  "Live": 0.0000000058,
  "Minute": 0.0000000058,
  "Minute_Fluctuation": 0.0,
  "Minute_5": 0.00000000570622913746908,
  "Minute_5_Fluctuation": 0.019836522655604764,
  "Minute_10": 0.00000000564605576763349,
  "Minute_10_Fluctuation": 0.02406156677669288,
  "Hour": 0.00000000558697716361547,
  "Hour_Fluctuation": 0.03608765374163069,
  "Day": 0.00000000520506419274946,
  "Day_Fluctuation": 0.0065309998250885105,
  "ThreeDay": 0.00000000520421872751567,
  "ThreeDay_Fluctuation": 0.006380515650527322,
  "Week": 0.00000000520421872751567,
  "Week_Fluctuation": 0.006380515650527322,
  "Duration": "1.01:27:41.9766011",
  "Updated": "2021-01-27T12:38:16.2259417Z",
  "Failed": 0,
  "HashRate_Live": 60449.0,
  "HashRate_Average": 62551.70088599211,
  "BlockRate_Live": 318.0,
  "BlockRate_Average": 323.22509017242965,
  "Actual24h_Week": 0.000000300388534827926,
  "Estimate24h_Week": 0.000000334995478184212,
  "ErrorRatio": 0.971059390183962
}
