{
  "Live": 0.00000000000536,
  "Minute": 0.00000000000536,
  "Minute_Fluctuation": 0.0,
  "Minute_5": 0.00000000000547254147879246,
  "Minute_5_Fluctuation": 0.02654035751251535,
  "Minute_10": 0.00000000000553830401512769,
  "Minute_10_Fluctuation": 0.0334270874203194,
  "Hour": 0.00000000000551135331373818,
  "Hour_Fluctuation": 0.02991596117750403,
  "Day": 0.00000000000550993655588833,
  "Day_Fluctuation": 0.0022774834849767973,
  "ThreeDay": 0.00000000000550994259641624,
  "ThreeDay_Fluctuation": 0.002218210975739653,
  "Week": 0.00000000000550994259641624,
  "Week_Fluctuation": 0.0022182109757396535,
  "Duration": "1.01:27:41.9766011",
  "Updated": "2021-01-27T12:38:16.8476575Z",
  "Failed": 0,
  "HashRate_Live": 32076419.0,
  "HashRate_Average": 21870099.572175637,
  "BlockRate_Live": 188.0,
  "BlockRate_Average": 180.84078760555607,
  "Actual24h_Week": 0.000000323653596081741,
  "Estimate24h_Week": 0.000000343288965160029,
  "ErrorRatio": 0.983976307346053
}
