{
  "Live": 0.00000000000000000088164,
  "Minute": 0.00000000000000000088164,
  "Minute_Fluctuation": 0.0,
  "Minute_5": 0.0000000000000000008618297463,
  "Minute_5_Fluctuation": 0.01929966109131069,
  "Minute_10": 0.0000000000000000008600131737,
  "Minute_10_Fluctuation": 0.026346984054378526,
  "Hour": 0.0000000000000000007835627511,
  "Hour_Fluctuation": 0.15112772142886477,
  "Day": 0.0000000000000000007810162781,
  "Day_Fluctuation": 0.15301403362525562,
  "ThreeDay": 0.0000000000000000007810162781,
  "ThreeDay_Fluctuation": 0.15301403362525562,
  "Week": 0.0000000000000000007810162781,
  "Week_Fluctuation": 0.15301403362525562,
  "Duration": "01:17:30.9429092",
  "Updated": "2021-01-27T12:38:17.6707999Z",
  "Failed": 0,
  "HashRate_Live": 51466204155.73,
  "HashRate_Average": 10254721596.776224,
  "BlockRate_Live": 40.0,
  "BlockRate_Average": 39.00706137503227,
  "Actual24h_Week": 0.0,
  "Estimate24h_Week": 0.0,
  "ErrorRatio": 1.0
}
