{
  "Live": 0.00000000000000000619198,
  "Minute": 0.00000000000000000619198,
  "Minute_Fluctuation": 0.0,
  "Minute_5": 0.0000000000000000062354288576,
  "Minute_5_Fluctuation": 0.02851479780010378,
  "Minute_10": 0.0000000000000000064978323615,
  "Minute_10_Fluctuation": 0.0943140138696045,
  "Hour": 0.0000000000000000059354458169,
  "Hour_Fluctuation": 0.33334709769429793,
  "Day": 0.0000000000000000029383529954,
  "Day_Fluctuation": 0.08360956800562813,
  "ThreeDay": 0.0000000000000000029312062739,
  "ThreeDay_Fluctuation": 0.08131424161310666,
  "Week": 0.0000000000000000029312062739,
  "Week_Fluctuation": 0.08131424161310666,
  "Duration": "1.01:27:41.9766011",
  "Updated": "2021-01-27T12:38:16.6331146Z",
  "Failed": 0,
  "HashRate_Live": 4106764007954820.0,
  "HashRate_Average": 4199107159501091.5,
  "BlockRate_Live": 2221.0,
  "BlockRate_Average": 2268.5264891197558,
  "Actual24h_Week": 0.000167566051672503,
  "Estimate24h_Week": 0.000416964419539036,
  "ErrorRatio": 0.832437052741302
}
