{
  "Live": 0.00000000000000010219,
  "Minute": 0.00000000000000010219,
  "Minute_Fluctuation": 0.0,
  "Minute_5": 0.0000000000000000988306111102,
  "Minute_5_Fluctuation": 0.05666340595566566,
  "Minute_10": 0.0000000000000001007849583339,
  "Minute_10_Fluctuation": 0.04442936011339139,
  "Hour": 0.0000000000000001015668573089,
  "Hour_Fluctuation": 0.04524468562428387,
  "Day": 0.0000000000000001016433175534,
  "Day_Fluctuation": 0.044897542599410936,
  "ThreeDay": 0.0000000000000001016433175534,
  "ThreeDay_Fluctuation": 0.044897542599410936,
  "Week": 0.0000000000000001016433175534,
  "Week_Fluctuation": 0.044897542599410936,
  "Duration": "01:17:30.9429092",
  "Updated": "2021-01-27T12:38:17.3570474Z",
  "Failed": 0,
  "HashRate_Live": 177639847.36256,
  "HashRate_Average": 483104327.7186458,
  "BlockRate_Live": 308.0,
  "BlockRate_Average": 314.14014986042287,
  "Actual24h_Week": 0.0,
  "Estimate24h_Week": 0.0,
  "ErrorRatio": 1.0
}
