{
  "Live": 0.00000000000000000000605177,
  "Minute": 0.00000000000000000000605177,
  "Minute_Fluctuation": 0.0,
  "Minute_5": 0.0000000000000000000062549755,
  "Minute_5_Fluctuation": 0.016576377216896785,
  "Minute_10": 0.0000000000000000000063333541,
  "Minute_10_Fluctuation": 0.02040408542851803,
  "Hour": 0.0000000000000000000062244991,
  "Hour_Fluctuation": 0.016937333262170836,
  "Day": 0.000000000000000000006222304,
  "Day_Fluctuation": 0.01702154570924584,
  "ThreeDay": 0.000000000000000000006222304,
  "ThreeDay_Fluctuation": 0.01702154570924584,
  "Week": 0.000000000000000000006222304,
  "Week_Fluctuation": 0.01702154570924584,
  "Duration": "01:17:30.9429092",
  "Updated": "2021-01-27T12:38:17.2488657Z",
  "Failed": 0,
  "HashRate_Live": 2753346821905800.0,
  "HashRate_Average": 1111053817926382.2,
  "BlockRate_Live": 180.0,
  "BlockRate_Average": 175.26948489956763,
  "Actual24h_Week": 0.0,
  "Estimate24h_Week": 0.0,
  "ErrorRatio": 1.0
}
