{
  "Live": 0.00000000008074,
  "Minute": 0.00000000008074,
  "Minute_Fluctuation": 0.0,
  "Minute_5": 0.0000000000765897633919251,
  "Minute_5_Fluctuation": 0.032563694712472516,
  "Minute_10": 0.000000000075605738149162,
  "Minute_10_Fluctuation": 0.034036667749375346,
  "Hour": 0.000000000097314221332664,
  "Hour_Fluctuation": 0.2009806576064411,
  "Day": 0.000000000137449257265253,
  "Day_Fluctuation": 0.0211820787991954,
  "ThreeDay": 0.000000000137546171407239,
  "ThreeDay_Fluctuation": 0.020510752698729724,
  "Week": 0.000000000137546171407239,
  "Week_Fluctuation": 0.020510752698729724,
  "Duration": "1.01:27:41.9766011",
  "Updated": "2021-01-27T12:38:16.1166035Z",
  "Failed": 0,
  "HashRate_Live": 644692.0,
  "HashRate_Average": 470424.9075587073,
  "BlockRate_Live": 14.0,
  "BlockRate_Average": 14.0,
  "Actual24h_Week": 0.00000837924842671663,
  "Estimate24h_Week": 0.00000836662063927968,
  "ErrorRatio": 1.00042282491094
}
