{
  "Live": 0.00000000000000000000481575,
  "Minute": 0.00000000000000000000481575,
  "Minute_Fluctuation": 0.0,
  "Minute_5": 0.0000000000000000000048157121,
  "Minute_5_Fluctuation": 7.775928972146117E-06,
  "Minute_10": 0.000000000000000000004815197,
  "Minute_10_Fluctuation": 0.00020897872031624165,
  "Hour": 0.0000000000000000000048038394,
  "Hour_Fluctuation": 0.0008434478846438316,
  "Day": 0.000000000000000000004803424,
  "Day_Fluctuation": 0.0008300103863203337,
  "ThreeDay": 0.000000000000000000004803424,
  "ThreeDay_Fluctuation": 0.0008300103863203337,
  "Week": 0.000000000000000000004803424,
  "Week_Fluctuation": 0.0008300103863203337,
  "Duration": "01:17:30.9429092",
  "Updated": "2021-01-27T12:38:17.4031498Z",
  "Failed": 0,
  "HashRate_Live": 15057973004098.0,
  "HashRate_Average": 16448184885209.158,
  "BlockRate_Live": 54.0,
  "BlockRate_Average": 54.0,
  "Actual24h_Week": 0.0,
  "Estimate24h_Week": 0.0,
  "ErrorRatio": 1.0
}
