{
  "Live": 0.00000000000022376,
  "Minute": 0.00000000000022376,
  "Minute_Fluctuation": 0.0,
  "Minute_5": 0.00000000000021417549725257,
  "Minute_5_Fluctuation": 0.047431733740521786,
  "Minute_10": 0.000000000000216813021035901,
  "Minute_10_Fluctuation": 0.05337639599060765,
  "Hour": 0.000000000000234590211618534,
  "Hour_Fluctuation": 0.07186235068709543,
  "Day": 0.000000000000268885646438472,
  "Day_Fluctuation": 0.010171258971856417,
  "ThreeDay": 0.000000000000268964405098223,
  "ThreeDay_Fluctuation": 0.009895424585249153,
  "Week": 0.000000000000268964405098223,
  "Week_Fluctuation": 0.009895424585249153,
  "Duration": "1.01:27:41.9766011",
  "Updated": "2021-01-27T12:38:16.7839873Z",
  "Failed": 0,
  "HashRate_Live": 1952778464.0,
  "HashRate_Average": 1826922872.3255208,
  "BlockRate_Live": 632.0,
  "BlockRate_Average": 634.4613742135068,
  "Actual24h_Week": 0.0000160190917690857,
  "Estimate24h_Week": 0.0000178221004321184,
  "ErrorRatio": 0.971658534223051
}
