{
  "Live": 0.00000000000000000119,
  "Minute": 0.00000000000000000119,
  "Minute_Fluctuation": 0.0,
  "Minute_5": 0.0000000000000000010919053622,
  "Minute_5_Fluctuation": 0.08335365671529454,
  "Minute_10": 0.0000000000000000010715635923,
  "Minute_10_Fluctuation": 0.08641395644919402,
  "Hour": 0.0000000000000000009243894376,
  "Hour_Fluctuation": 0.1915816765664129,
  "Day": 0.0000000000000000009197601509,
  "Day_Fluctuation": 0.19285670816877953,
  "ThreeDay": 0.0000000000000000009197601509,
  "ThreeDay_Fluctuation": 0.19285670816877953,
  "Week": 0.0000000000000000009197601509,
  "Week_Fluctuation": 0.19285670816877953,
  "Duration": "01:17:30.9429092",
  "Updated": "2021-01-27T12:38:17.3369459Z",
  "Failed": 0,
  "HashRate_Live": 134559492864.3,
  "HashRate_Average": 133499635667.33797,
  "BlockRate_Live": 4.0,
  "BlockRate_Average": 4.0,
  "Actual24h_Week": 0.0,
  "Estimate24h_Week": 0.0,
  "ErrorRatio": 1.0
}
