{
  "Live": 0.0000000000000008689,
  "Minute": 0.0000000000000008689,
  "Minute_Fluctuation": 0.0,
  "Minute_5": 0.0000000000000009728496012825,
  "Minute_5_Fluctuation": 0.13031979159573784,
  "Minute_10": 0.0000000000000009272915727632,
  "Minute_10_Fluctuation": 0.16819577593698712,
  "Hour": 0.0000000000000006570307258285,
  "Hour_Fluctuation": 0.2822532209410216,
  "Day": 0.00000000000000064564741773,
  "Day_Fluctuation": 0.27376666277765804,
  "ThreeDay": 0.00000000000000064564741773,
  "ThreeDay_Fluctuation": 0.27376666277765804,
  "Week": 0.00000000000000064564741773,
  "Week_Fluctuation": 0.27376666277765804,
  "Duration": "01:17:30.9429092",
  "Updated": "2021-01-27T12:38:17.1611361Z",
  "Failed": 0,
  "HashRate_Live": 20266289.949136,
  "HashRate_Average": 22251284.74679056,
  "BlockRate_Live": 33.0,
  "BlockRate_Average": 32.38144818802265,
  "Actual24h_Week": 0.0,
  "Estimate24h_Week": 0.0,
  "ErrorRatio": 1.0
}
