{
  "Live": 0.00000000000000016,
  "Minute": 0.00000000000000016,
  "Minute_Fluctuation": 0.0,
  "Minute_5": 0.0000000000000001711348861884,
  "Minute_5_Fluctuation": 0.06341637432753462,
  "Minute_10": 0.0000000000000001767332086916,
  "Minute_10_Fluctuation": 0.06575247459203135,
  "Hour": 0.0000000000000001778516450611,
  "Hour_Fluctuation": 0.0664382074512077,
  "Day": 0.0000000000000001779386506683,
  "Day_Fluctuation": 0.06637542334725162,
  "ThreeDay": 0.0000000000000001779386506683,
  "ThreeDay_Fluctuation": 0.06637542334725162,
  "Week": 0.0000000000000001779386506683,
  "Week_Fluctuation": 0.06637542334725162,
  "Duration": "01:17:30.9429092",
  "Updated": "2021-01-27T12:38:17.5425466Z",
  "Failed": 0,
  "HashRate_Live": 0.0,
  "HashRate_Average": 0.0,
  "BlockRate_Live": 0.0,
  "BlockRate_Average": 0.0,
  "Actual24h_Week": 0.0,
  "Estimate24h_Week": 0.0,
  "ErrorRatio": 1.0
}
