{
  "Live": 0.00000000009947,
  "Minute": 0.00000000009947,
  "Minute_Fluctuation": 0.0,
  "Minute_5": 0.0000000000980157380778196,
  "Minute_5_Fluctuation": 0.02639762883133239,
  "Minute_10": 0.0000000000955732990479536,
  "Minute_10_Fluctuation": 0.05423782056920602,
  "Hour": 0.000000000081053665640331,
  "Hour_Fluctuation": 0.15723593680542958,
  "Day": 0.0000000000804856031768906,
  "Day_Fluctuation": 0.15534927920979677,
  "ThreeDay": 0.0000000000804856031768906,
  "ThreeDay_Fluctuation": 0.15534927920979677,
  "Week": 0.0000000000804856031768906,
  "Week_Fluctuation": 0.15534927920979677,
  "Duration": "01:17:30.9429092",
  "Updated": "2021-01-27T12:34:09.3659083Z",
  "Failed": 0,
  "HashRate_Live": 0.0,
  "HashRate_Average": 129.92272260801835,
  "BlockRate_Live": 12.0,
  "BlockRate_Average": 12.0,
  "Actual24h_Week": 0.0,
  "Estimate24h_Week": 0.0,
  "ErrorRatio": 1.0
}
