{
  "Live": 0.00000000000000010401,
  "Minute": 0.00000000000000010401,
  "Minute_Fluctuation": 0.0,
  "Minute_5": 0.0000000000000000847258645278,
  "Minute_5_Fluctuation": 0.17252218088080779,
  "Minute_10": 0.0000000000000000775439449845,
  "Minute_10_Fluctuation": 0.12939789938943222,
  "Hour": 0.0000000000000000669247695024,
  "Hour_Fluctuation": 0.09486590801964384,
  "Day": 0.0000000000000000664783928023,
  "Day_Fluctuation": 0.09067937984436843,
  "ThreeDay": 0.0000000000000000664783928023,
  "ThreeDay_Fluctuation": 0.09067937984436843,
  "Week": 0.0000000000000000664783928023,
  "Week_Fluctuation": 0.09067937984436843,
  "Duration": "01:17:30.9429092",
  "Updated": "2021-01-27T12:38:17.3706037Z",
  "Failed": 0,
  "HashRate_Live": 31453913371.989,
  "HashRate_Average": 10556047220.253693,
  "BlockRate_Live": 26.0,
  "BlockRate_Average": 26.783620317004218,
  "Actual24h_Week": 0.0,
  "Estimate24h_Week": 0.0,
  "ErrorRatio": 1.0
}
