{
  "Live": 0.00000000000001,
  "Minute": 0.00000000000001,
  "Minute_Fluctuation": 0.0,
  "Minute_5": 0.0000000000000098568056337511,
  "Minute_5_Fluctuation": 0.045493681168243254,
  "Minute_10": 0.0000000000000094821023186801,
  "Minute_10_Fluctuation": 0.08364449969085042,
  "Hour": 0.0000000000000091831905248809,
  "Hour_Fluctuation": 0.1589154740768401,
  "Day": 0.0000000000000091626779272445,
  "Day_Fluctuation": 0.1619788075184673,
  "ThreeDay": 0.0000000000000091626779272445,
  "ThreeDay_Fluctuation": 0.1619788075184673,
  "Week": 0.0000000000000091626779272445,
  "Week_Fluctuation": 0.1619788075184673,
  "Duration": "01:17:30.9429092",
  "Updated": "2021-01-27T12:38:17.3815253Z",
  "Failed": 0,
  "HashRate_Live": 0.0,
  "HashRate_Average": 2279811.7976075825,
  "BlockRate_Live": 143.0,
  "BlockRate_Average": 148.24557015121476,
  "Actual24h_Week": 0.0,
  "Estimate24h_Week": 0.0,
  "ErrorRatio": 1.0
}
