{
  "Live": 0.00000000000000002133,
  "Minute": 0.00000000000000002133,
  "Minute_Fluctuation": 0.0,
  "Minute_5": 0.0000000000000000213298485421,
  "Minute_5_Fluctuation": 6.78714792969001E-05,
  "Minute_10": 0.0000000000000000213176233938,
  "Minute_10_Fluctuation": 0.0024412138241609134,
  "Hour": 0.0000000000000000210002060765,
  "Hour_Fluctuation": 0.016562452160622288,
  "Day": 0.0000000000000000209886662548,
  "Day_Fluctuation": 0.016573600017029178,
  "ThreeDay": 0.0000000000000000209886662548,
  "ThreeDay_Fluctuation": 0.016573600017029178,
  "Week": 0.0000000000000000209886662548,
  "Week_Fluctuation": 0.016573600017029174,
  "Duration": "01:17:30.9429092",
  "Updated": "2021-01-27T12:06:43.1728503Z",
  "Failed": 0,
  "HashRate_Live": 0.0,
  "HashRate_Average": 0.0,
  "BlockRate_Live": 0.0,
  "BlockRate_Average": 0.0,
  "Actual24h_Week": 0.0,
  "Estimate24h_Week": 0.0,
  "ErrorRatio": 1.0
}
