{
  "Live": 0.00000000000000000251,
  "Minute": 0.00000000000000000251,
  "Minute_Fluctuation": 0.0,
  "Minute_5": 0.000000000000000002357840032,
  "Minute_5_Fluctuation": 0.08864009660398023,
  "Minute_10": 0.0000000000000000022100020269,
  "Minute_10_Fluctuation": 0.1381218615809933,
  "Hour": 0.0000000000000000019664925242,
  "Hour_Fluctuation": 0.11795541332594335,
  "Day": 0.0000000000000000019540095768,
  "Day_Fluctuation": 0.11508731158648076,
  "ThreeDay": 0.0000000000000000019540095768,
  "ThreeDay_Fluctuation": 0.1150873115864807,
  "Week": 0.0000000000000000019540095768,
  "Week_Fluctuation": 0.1150873115864807,
  "Duration": "01:17:30.9429092",
  "Updated": "2021-01-27T12:38:17.0312165Z",
  "Failed": 0,
  "HashRate_Live": 0.0,
  "HashRate_Average": 1118436595.4250147,
  "BlockRate_Live": 122.0,
  "BlockRate_Average": 121.91585356207803,
  "Actual24h_Week": 0.0,
  "Estimate24h_Week": 0.0,
  "ErrorRatio": 1.0
}
