{
  "Live": 0.00000000000000753,
  "Minute": 0.00000000000000753,
  "Minute_Fluctuation": 0.0,
  "Minute_5": 0.0000000000000075303362142396,
  "Minute_5_Fluctuation": 0.0005082089146027452,
  "Minute_10": 0.0000000000000075926562005256,
  "Minute_10_Fluctuation": 0.039613651047523304,
  "Hour": 0.0000000000000089260962636645,
  "Hour_Fluctuation": 0.23343006961095017,
  "Day": 0.0000000000000089749470785449,
  "Day_Fluctuation": 0.23597122946016266,
  "ThreeDay": 0.0000000000000089749470785449,
  "ThreeDay_Fluctuation": 0.23597122946016266,
  "Week": 0.0000000000000089749470785449,
  "Week_Fluctuation": 0.23597122946016266,
  "Duration": "01:17:30.9429092",
  "Updated": "2021-01-27T12:38:17.8934626Z",
  "Failed": 0,
  "HashRate_Live": 565056.63491115,
  "HashRate_Average": 4815364.542232292,
  "BlockRate_Live": 124.0,
  "BlockRate_Average": 120.80420348670599,
  "Actual24h_Week": 0.0,
  "Estimate24h_Week": 0.0,
  "ErrorRatio": 1.0
}
