{
  "Live": 0.00000000000000003077,
  "Minute": 0.00000000000000003077,
  "Minute_Fluctuation": 0.0,
  "Minute_5": 0.0000000000000000307448179561,
  "Minute_5_Fluctuation": 0.0004437695500248013,
  "Minute_10": 0.0000000000000000307338365625,
  "Minute_10_Fluctuation": 0.0007784819179858771,
  "Hour": 0.0000000000000000306448353729,
  "Hour_Fluctuation": 0.0022680719880884864,
  "Day": 0.0000000000000000306415214905,
  "Day_Fluctuation": 0.0022345408501170142,
  "ThreeDay": 0.0000000000000000306415214905,
  "ThreeDay_Fluctuation": 0.0022345408501170142,
  "Week": 0.0000000000000000306415214905,
  "Week_Fluctuation": 0.0022345408501170142,
  "Duration": "01:17:30.9429092",
  "Updated": "2021-01-27T12:38:17.7509858Z",
  "Failed": 0,
  "HashRate_Live": 0.0,
  "HashRate_Average": 0.0,
  "BlockRate_Live": 0.0,
  "BlockRate_Average": 0.0,
  "Actual24h_Week": 0.0,
  "Estimate24h_Week": 0.0,
  "ErrorRatio": 1.0
}
