{
  "Live": 0.00000000000000097,
  "Minute": 0.00000000000000097,
  "Minute_Fluctuation": 0.0,
  "Minute_5": 0.0000000000000009694229288396,
  "Minute_5_Fluctuation": 0.034294086342914094,
  "Minute_10": 0.0000000000000010166918113759,
  "Minute_10_Fluctuation": 0.09894351156053438,
  "Hour": 0.0000000000000010807451540935,
  "Hour_Fluctuation": 0.12057022506765827,
  "Day": 0.0000000000000010807451540935,
  "Day_Fluctuation": 0.12057022506765826,
  "ThreeDay": 0.0000000000000010807451540935,
  "ThreeDay_Fluctuation": 0.12057022506765826,
  "Week": 0.0000000000000010807451540935,
  "Week_Fluctuation": 0.12057022506765827,
  "Duration": "00:28:20.8462066",
  "Updated": "2021-01-27T12:38:17.7177216Z",
  "Failed": 0,
  "HashRate_Live": 52684932.164267,
  "HashRate_Average": 65194987.57632403,
  "BlockRate_Live": 366.0,
  "BlockRate_Average": 356.63936049135526,
  "Actual24h_Week": 0.0,
  "Estimate24h_Week": 0.0,
  "ErrorRatio": 1.0
}
