{
  "Live": 0.00000000000023632,
  "Minute": 0.00000000000023632,
  "Minute_Fluctuation": 0.0,
  "Minute_5": 0.000000000000239272374804542,
  "Minute_5_Fluctuation": 0.010828922376142672,
  "Minute_10": 0.000000000000241884842567375,
  "Minute_10_Fluctuation": 0.02498059721896093,
  "Hour": 0.000000000000210718319581408,
  "Hour_Fluctuation": 0.36162408512048955,
  "Day": 0.0000000000000952553076467233,
  "Day_Fluctuation": 0.10261446057968952,
  "ThreeDay": 0.0000000000000949852448530582,
  "ThreeDay_Fluctuation": 0.09994775155080562,
  "Week": 0.0000000000000949852448530582,
  "Week_Fluctuation": 0.09994775155080562,
  "Duration": "1.01:27:41.9766011",
  "Updated": "2021-01-27T12:38:16.7697651Z",
  "Failed": 0,
  "HashRate_Live": 137623351.0,
  "HashRate_Average": 137635807.66504237,
  "BlockRate_Live": 208.0,
  "BlockRate_Average": 208.77282716915042,
  "Actual24h_Week": 0.00000546750409467296,
  "Estimate24h_Week": 0.0000152881039684681,
  "ErrorRatio": 0.820043403834884
}
