{
  "Live": 0.00000000000000009818,
  "Minute": 0.00000000000000009818,
  "Minute_Fluctuation": 0.0,
  "Minute_5": 0.0000000000000000993785283194,
  "Minute_5_Fluctuation": 0.04727105406521793,
  "Minute_10": 0.0000000000000000975746082443,
  "Minute_10_Fluctuation": 0.10379044438231205,
  "Hour": 0.0000000000000000988491842012,
  "Hour_Fluctuation": 0.11735268676083857,
  "Day": 0.0000000000000000987735440601,
  "Day_Fluctuation": 0.12007114122141375,
  "ThreeDay": 0.0000000000000000987735440601,
  "ThreeDay_Fluctuation": 0.12007114122141375,
  "Week": 0.0000000000000000987735440601,
  "Week_Fluctuation": 0.12007114122141375,
  "Duration": "01:17:30.9429092",
  "Updated": "2021-01-27T12:38:17.2271055Z",
  "Failed": 0,
  "HashRate_Live": 115086977295.97,
  "HashRate_Average": 80581781299.28674,
  "BlockRate_Live": 18.0,
  "BlockRate_Average": 18.0,
  "Actual24h_Week": 0.0,
  "Estimate24h_Week": 0.0,
  "ErrorRatio": 1.0
}
