{
  "Live": 0.00000000000005672,
  "Minute": 0.00000000000005672,
  "Minute_Fluctuation": 0.0,
  "Minute_5": 0.0000000000000532517569333748,
  "Minute_5_Fluctuation": 0.07457796337909484,
  "Minute_10": 0.0000000000000508670071334598,
  "Minute_10_Fluctuation": 0.07102382121570024,
  "Hour": 0.0000000000000468383127813324,
  "Hour_Fluctuation": 0.06931213467048111,
  "Day": 0.0000000000000466621092792925,
  "Day_Fluctuation": 0.0675813616488264,
  "ThreeDay": 0.0000000000000466621092792925,
  "ThreeDay_Fluctuation": 0.0675813616488264,
  "Week": 0.0000000000000466621092792925,
  "Week_Fluctuation": 0.0675813616488264,
  "Duration": "01:17:30.9429092",
  "Updated": "2021-01-27T12:38:17.1064988Z",
  "Failed": 0,
  "HashRate_Live": 1572072.5627972,
  "HashRate_Average": 15024987.406598786,
  "BlockRate_Live": 35.0,
  "BlockRate_Average": 35.0,
  "Actual24h_Week": 0.0,
  "Estimate24h_Week": 0.0,
  "ErrorRatio": 1.0
}
