{
  "Live": 0.00000000000000092,
  "Minute": 0.00000000000000092,
  "Minute_Fluctuation": 0.0,
  "Minute_5": 0.00000000000000092,
  "Minute_5_Fluctuation": 0.0,
  "Minute_10": 0.00000000000000092,
  "Minute_10_Fluctuation": 0.0,
  "Hour": 0.00000000000000092,
  "Hour_Fluctuation": 0.0,
  "Day": 0.00000000000000092,
  "Day_Fluctuation": 0.0,
  "ThreeDay": 0.00000000000000092,
  "ThreeDay_Fluctuation": 0.0,
  "Week": 0.00000000000000092,
  "Week_Fluctuation": 0.0,
  "Duration": "01:17:30.9429092",
  "Updated": "2021-01-27T12:38:17.1224277Z",
  "Failed": 0,
  "HashRate_Live": 2274543.0971807,
  "HashRate_Average": 2727129.0535492185,
  "BlockRate_Live": 19.0,
  "BlockRate_Average": 19.0,
  "Actual24h_Week": 0.0,
  "Estimate24h_Week": 0.0,
  "ErrorRatio": 1.0
}
