{
  "Live": 0.00000000000000004427,
  "Minute": 0.00000000000000004427,
  "Minute_Fluctuation": 0.0,
  "Minute_5": 0.0000000000000000441069165428,
  "Minute_5_Fluctuation": 0.03441628731169201,
  "Minute_10": 0.0000000000000000454990661989,
  "Minute_10_Fluctuation": 0.06333706890584843,
  "Hour": 0.000000000000000046755802591,
  "Hour_Fluctuation": 0.04826098635195913,
  "Day": 0.0000000000000000468473242963,
  "Day_Fluctuation": 0.04774339242776462,
  "ThreeDay": 0.0000000000000000468473242963,
  "ThreeDay_Fluctuation": 0.04774339242776462,
  "Week": 0.0000000000000000468473242963,
  "Week_Fluctuation": 0.04774339242776462,
  "Duration": "01:17:30.9429092",
  "Updated": "2021-01-27T12:38:17.0352563Z",
  "Failed": 0,
  "HashRate_Live": 0.0,
  "HashRate_Average": 0.0,
  "BlockRate_Live": 0.0,
  "BlockRate_Average": 0.0,
  "Actual24h_Week": 0.0,
  "Estimate24h_Week": 0.0,
  "ErrorRatio": 1.0
}
