{
  "Live": 0.00000000000000001594,
  "Minute": 0.00000000000000001594,
  "Minute_Fluctuation": 0.0,
  "Minute_5": 0.0000000000000000158834011673,
  "Minute_5_Fluctuation": 0.0018945665452346806,
  "Minute_10": 0.0000000000000000158649637363,
  "Minute_10_Fluctuation": 0.0017010990440983907,
  "Hour": 0.0000000000000000158084286966,
  "Hour_Fluctuation": 0.0022353491031103113,
  "Day": 0.0000000000000000158039997539,
  "Day_Fluctuation": 0.0021047939913524305,
  "ThreeDay": 0.0000000000000000158039997539,
  "ThreeDay_Fluctuation": 0.0021047939913524305,
  "Week": 0.0000000000000000158039997539,
  "Week_Fluctuation": 0.0021047939913524305,
  "Duration": "01:26:49.0155731",
  "Updated": "2021-01-27T12:38:16.5256196Z",
  "Failed": 0,
  "HashRate_Live": 0.0,
  "HashRate_Average": 0.0,
  "BlockRate_Live": 0.0,
  "BlockRate_Average": 0.0,
  "Actual24h_Week": 0.0,
  "Estimate24h_Week": 0.0000161853451122999,
  "ErrorRatio": 0.982848599557866
}
