{
  "Live": 0.00000000005647,
  "Minute": 0.00000000005647,
  "Minute_Fluctuation": 0.0,
  "Minute_5": 0.0000000000536856857365135,
  "Minute_5_Fluctuation": 0.0644035822416612,
  "Minute_10": 0.0000000000513949145172875,
  "Minute_10_Fluctuation": 0.07549334111435399,
  "Hour": 0.0000000000502317957657429,
  "Hour_Fluctuation": 0.0950449678547368,
  "Day": 0.0000000000596565384644636,
  "Day_Fluctuation": 0.013280691785632327,
  "ThreeDay": 0.0000000000596784657136175,
  "ThreeDay_Fluctuation": 0.012937632456989465,
  "Week": 0.0000000000596784657136175,
  "Week_Fluctuation": 0.012937632456989465,
  "Duration": "1.01:27:41.9766011",
  "Updated": "2021-01-27T12:38:16.151974Z",
  "Failed": 0,
  "HashRate_Live": 0.0,
  "HashRate_Average": 10025.372036448534,
  "BlockRate_Live": 35.0,
  "BlockRate_Average": 35.0,
  "Actual24h_Week": 0.00000356651653086763,
  "Estimate24h_Week": 0.00000292668483250545,
  "ErrorRatio": 1.06090250695718
}
