{
  "Live": 0.00000000000000257,
  "Minute": 0.00000000000000257,
  "Minute_Fluctuation": 0.0,
  "Minute_5": 0.0000000000000033870139948428,
  "Minute_5_Fluctuation": 0.16089131726337313,
  "Minute_10": 0.000000000000003596272505456,
  "Minute_10_Fluctuation": 0.14373417452513826,
  "Hour": 0.0000000000000029309222937024,
  "Hour_Fluctuation": 0.2327745585503359,
  "Day": 0.0000000000000020507783770674,
  "Day_Fluctuation": 0.029432585557663198,
  "ThreeDay": 0.000000000000002048605284826,
  "ThreeDay_Fluctuation": 0.028413419692331,
  "Week": 0.000000000000002048605284826,
  "Week_Fluctuation": 0.028413419692331004,
  "Duration": "1.01:27:41.9766011",
  "Updated": "2021-01-27T12:38:16.3813241Z",
  "Failed": 0,
  "HashRate_Live": 105695251051.0,
  "HashRate_Average": 110746900069.62988,
  "BlockRate_Live": 487.0,
  "BlockRate_Average": 481.25388817471116,
  "Actual24h_Week": 0.000000135420603448675,
  "Estimate24h_Week": 0.000000169244996085632,
  "ErrorRatio": 0.944011665235954
}
