{
  "Live": 0.00000000000000008017,
  "Minute": 0.00000000000000008017,
  "Minute_Fluctuation": 0.0,
  "Minute_5": 0.0000000000000000832052730831,
  "Minute_5_Fluctuation": 0.02698137398851508,
  "Minute_10": 0.0000000000000000839354992103,
  "Minute_10_Fluctuation": 0.02133083250980871,
  "Hour": 0.0000000000000000850841429757,
  "Hour_Fluctuation": 0.014624943757271143,
  "Day": 0.0000000000000000851362642687,
  "Day_Fluctuation": 0.014286475416702988,
  "ThreeDay": 0.0000000000000000851362642687,
  "ThreeDay_Fluctuation": 0.014286475416702988,
  "Week": 0.0000000000000000851362642687,
  "Week_Fluctuation": 0.014286475416702988,
  "Duration": "01:17:30.9429092",
  "Updated": "2021-01-27T12:38:17.4175771Z",
  "Failed": 0,
  "HashRate_Live": 2500177861.8914,
  "HashRate_Average": 1619480551.3687384,
  "BlockRate_Live": 119.0,
  "BlockRate_Average": 121.67008611628398,
  "Actual24h_Week": 0.0,
  "Estimate24h_Week": 0.0,
  "ErrorRatio": 1.0
}
