{
  "Live": 0.00000000139,
  "Minute": 0.00000000139,
  "Minute_Fluctuation": 0.0,
  "Minute_5": 0.0000000013501632271794,
  "Minute_5_Fluctuation": 0.06444875946077029,
  "Minute_10": 0.00000000138967000728699,
  "Minute_10_Fluctuation": 0.06658349194167781,
  "Hour": 0.00000000128956529069271,
  "Hour_Fluctuation": 0.12355300032600348,
  "Day": 0.00000000110283149932426,
  "Day_Fluctuation": 0.01352281044013391,
  "ThreeDay": 0.00000000110236582453277,
  "ThreeDay_Fluctuation": 0.013088975880850139,
  "Week": 0.00000000110236582453277,
  "Week_Fluctuation": 0.013088975880850139,
  "Duration": "1.01:27:41.9766011",
  "Updated": "2021-01-27T12:38:16.2420957Z",
  "Failed": 0,
  "HashRate_Live": 182089.0,
  "HashRate_Average": 220648.76056541037,
  "BlockRate_Live": 94.0,
  "BlockRate_Average": 97.02304584308708,
  "Actual24h_Week": 0.0000000614113900411961,
  "Estimate24h_Week": 0.000000117683510897044,
  "ErrorRatio": 0.866044346272724
}
