{
  "Live": 0.00000000000000015397,
  "Minute": 0.00000000000000015397,
  "Minute_Fluctuation": 0.0,
  "Minute_5": 0.0000000000000001654298683053,
  "Minute_5_Fluctuation": 0.07328157017246223,
  "Minute_10": 0.0000000000000001748620897767,
  "Minute_10_Fluctuation": 0.07832286401262145,
  "Hour": 0.0000000000000002064191766322,
  "Hour_Fluctuation": 0.11949466420180467,
  "Day": 0.0000000000000002077007103941,
  "Day_Fluctuation": 0.11711396602269519,
  "ThreeDay": 0.0000000000000002077007103941,
  "ThreeDay_Fluctuation": 0.11711396602269519,
  "Week": 0.0000000000000002077007103941,
  "Week_Fluctuation": 0.11711396602269519,
  "Duration": "01:17:30.9429092",
  "Updated": "2021-01-27T12:38:17.8138589Z",
  "Failed": 0,
  "HashRate_Live": 810677253.23676,
  "HashRate_Average": 650822926.314862,
  "BlockRate_Live": 287.0,
  "BlockRate_Average": 285.3956922902316,
  "Actual24h_Week": 0.0,
  "Estimate24h_Week": 0.0,
  "ErrorRatio": 1.0
}
