{
  "Live": 0.00000000000000000349,
  "Minute": 0.00000000000000000349,
  "Minute_Fluctuation": 0.0,
  "Minute_5": 0.0000000000000000041550665149,
  "Minute_5_Fluctuation": 0.1504663009950411,
  "Minute_10": 0.0000000000000000043458744387,
  "Minute_10_Fluctuation": 0.1516256549838784,
  "Hour": 0.0000000000000000041348654308,
  "Hour_Fluctuation": 0.16303672542169184,
  "Day": 0.0000000000000000041246679049,
  "Day_Fluctuation": 0.16379871655640582,
  "ThreeDay": 0.0000000000000000041246679049,
  "ThreeDay_Fluctuation": 0.16379871655640582,
  "Week": 0.0000000000000000041246679049,
  "Week_Fluctuation": 0.16379871655640582,
  "Duration": "01:17:30.9429092",
  "Updated": "2021-01-27T12:38:17.7829175Z",
  "Failed": 0,
  "HashRate_Live": 70395888370.975,
  "HashRate_Average": 77588099982.22424,
  "BlockRate_Live": 66.0,
  "BlockRate_Average": 66.3301795784035,
  "Actual24h_Week": 0.0,
  "Estimate24h_Week": 0.0,
  "ErrorRatio": 1.0
}
