{
  "Live": 0.00000000000000000067084,
  "Minute": 0.00000000000000000067084,
  "Minute_Fluctuation": 0.0,
  "Minute_5": 0.0000000000000000006708358142,
  "Minute_5_Fluctuation": 7.756619423076675E-06,
  "Minute_10": 0.0000000000000000006708352066,
  "Minute_10_Fluctuation": 7.40193485636508E-06,
  "Hour": 0.0000000000000000006708351965,
  "Hour_Fluctuation": 6.8093233743157125E-06,
  "Day": 0.000000000000000000670835166,
  "Day_Fluctuation": 6.785112874476938E-06,
  "ThreeDay": 0.000000000000000000670835166,
  "ThreeDay_Fluctuation": 6.785112874476938E-06,
  "Week": 0.000000000000000000670835166,
  "Week_Fluctuation": 6.785112874476938E-06,
  "Duration": "01:17:30.9429092",
  "Updated": "2021-01-27T12:38:17.1014933Z",
  "Failed": 0,
  "HashRate_Live": 1572072.5627972,
  "HashRate_Average": 15023712.728188913,
  "BlockRate_Live": 0.0,
  "BlockRate_Average": 0.0,
  "Actual24h_Week": 0.0,
  "Estimate24h_Week": 0.0,
  "ErrorRatio": 1.0
}
