{
  "Live": 0.00000000035444,
  "Minute": 0.00000000035444,
  "Minute_Fluctuation": 0.0,
  "Minute_5": 0.000000000355890072736112,
  "Minute_5_Fluctuation": 0.01469606238597306,
  "Minute_10": 0.000000000364195603397354,
  "Minute_10_Fluctuation": 0.055060337846340145,
  "Hour": 0.000000000421106755724395,
  "Hour_Fluctuation": 0.14792628562771315,
  "Day": 0.000000000423414493924837,
  "Day_Fluctuation": 0.14745485573619826,
  "ThreeDay": 0.000000000423414493924837,
  "ThreeDay_Fluctuation": 0.14745485573619826,
  "Week": 0.000000000423414493924837,
  "Week_Fluctuation": 0.14745485573619826,
  "Duration": "01:17:30.9429092",
  "Updated": "2021-01-27T12:38:17.1422113Z",
  "Failed": 0,
  "HashRate_Live": 291.69986216468,
  "HashRate_Average": 253.9796482674455,
  "BlockRate_Live": 5.0,
  "BlockRate_Average": 5.0,
  "Actual24h_Week": 0.0,
  "Estimate24h_Week": 0.0,
  "ErrorRatio": 1.0
}
