{
  "Live": 0.00000000000000276,
  "Minute": 0.00000000000000276,
  "Minute_Fluctuation": 0.0,
  "Minute_5": 0.0000000000000027599938989618,
  "Minute_5_Fluctuation": 1.852540919119261E-05,
  "Minute_10": 0.0000000000000027596869856294,
  "Minute_10_Fluctuation": 0.00042549297739411966,
  "Hour": 0.0000000000000027531480258937,
  "Hour_Fluctuation": 0.0021246737486604514,
  "Day": 0.0000000000000027527157903974,
  "Day_Fluctuation": 0.002094278539592719,
  "ThreeDay": 0.0000000000000027527157903974,
  "ThreeDay_Fluctuation": 0.002094278539592719,
  "Week": 0.0000000000000027527157903974,
  "Week_Fluctuation": 0.002094278539592719,
  "Duration": "01:23:48.5435650",
  "Updated": "2021-01-27T12:07:35.3897703Z",
  "Failed": 0,
  "HashRate_Live": 0.0,
  "HashRate_Average": 347501.7232240504,
  "BlockRate_Live": 0.0,
  "BlockRate_Average": 0.0,
  "Actual24h_Week": 0.0,
  "Estimate24h_Week": 0.00000287584634957674,
  "ErrorRatio": 0.983440347464336
}
