{
  "Live": 0.00000000000103,
  "Minute": 0.00000000000103,
  "Minute_Fluctuation": 0.0,
  "Minute_5": 0.00000000000101558467977418,
  "Minute_5_Fluctuation": 0.011908843595576488,
  "Minute_10": 0.00000000000101965333034998,
  "Minute_10_Fluctuation": 0.029113045599932216,
  "Hour": 0.00000000000112877781654439,
  "Hour_Fluctuation": 0.10024886837854062,
  "Day": 0.00000000000113290263031904,
  "Day_Fluctuation": 0.10001904494367884,
  "ThreeDay": 0.00000000000113290263031904,
  "ThreeDay_Fluctuation": 0.10001904494367884,
  "Week": 0.00000000000113290263031904,
  "Week_Fluctuation": 0.10001904494367884,
  "Duration": "01:17:30.9429092",
  "Updated": "2021-01-27T12:38:17.8795394Z",
  "Failed": 0,
  "HashRate_Live": 810746.65990844,
  "HashRate_Average": 506806.50178622693,
  "BlockRate_Live": 0.0,
  "BlockRate_Average": 0.0,
  "Actual24h_Week": 0.0,
  "Estimate24h_Week": 0.0,
  "ErrorRatio": 1.0
}
