{
  "Live": 0.00000000000000000001601,
  "Minute": 0.00000000000000000001601,
  "Minute_Fluctuation": 0.0,
  "Minute_5": 0.0000000000000000000159534304,
  "Minute_5_Fluctuation": 0.0018726982011956577,
  "Minute_10": 0.0000000000000000000159356988,
  "Minute_10_Fluctuation": 0.001567282476076771,
  "Hour": 0.0000000000000000000158810908,
  "Hour_Fluctuation": 0.0023791591663256625,
  "Day": 0.0000000000000000000158789781,
  "Day_Fluctuation": 0.0023201287697519374,
  "ThreeDay": 0.0000000000000000000158789781,
  "ThreeDay_Fluctuation": 0.0023201287697519374,
  "Week": 0.0000000000000000000158789781,
  "Week_Fluctuation": 0.0023201287697519374,
  "Duration": "01:17:30.9429092",
  "Updated": "2021-01-27T12:38:17.7552116Z",
  "Failed": 0,
  "HashRate_Live": 0.0,
  "HashRate_Average": 0.0,
  "BlockRate_Live": 0.0,
  "BlockRate_Average": 0.0,
  "Actual24h_Week": 0.0,
  "Estimate24h_Week": 0.0,
  "ErrorRatio": 1.0
}
