{
  "Live": 0.00000000000000000083388,
  "Minute": 0.00000000000000000083388,
  "Minute_Fluctuation": 0.0,
  "Minute_5": 0.0000000000000000012017549774,
  "Minute_5_Fluctuation": 0.20190762846105537,
  "Minute_10": 0.0000000000000000014098478143,
  "Minute_10_Fluctuation": 0.20890075647011475,
  "Hour": 0.0000000000000000018762523922,
  "Hour_Fluctuation": 0.2933398799220512,
  "Day": 0.0000000000000000018965001532,
  "Day_Fluctuation": 0.29218030420876523,
  "ThreeDay": 0.0000000000000000018965001532,
  "ThreeDay_Fluctuation": 0.29218030420876523,
  "Week": 0.0000000000000000018965001532,
  "Week_Fluctuation": 0.29218030420876523,
  "Duration": "01:17:30.9429092",
  "Updated": "2021-01-27T12:38:17.212624Z",
  "Failed": 0,
  "HashRate_Live": 251637690929.4,
  "HashRate_Average": 359311821691.94055,
  "BlockRate_Live": 4.0,
  "BlockRate_Average": 4.614983013603462,
  "Actual24h_Week": 0.0,
  "Estimate24h_Week": 0.0,
  "ErrorRatio": 1.0
}
