{
  "Live": 0.00000000000000000000566609,
  "Minute": 0.00000000000000000000566609,
  "Minute_Fluctuation": 0.0,
  "Minute_5": 0.000000000000000000005666094,
  "Minute_5_Fluctuation": 3.8145436289472017E-06,
  "Minute_10": 0.0000000000000000000056663857,
  "Minute_10_Fluctuation": 0.00012918261425222556,
  "Hour": 0.0000000000000000000056698961,
  "Hour_Fluctuation": 0.0009932162394073445,
  "Day": 0.0000000000000000000056700293,
  "Day_Fluctuation": 0.0010142021065132646,
  "ThreeDay": 0.0000000000000000000056700293,
  "ThreeDay_Fluctuation": 0.0010142021065132646,
  "Week": 0.0000000000000000000056700293,
  "Week_Fluctuation": 0.0010142021065132646,
  "Duration": "01:17:30.9429092",
  "Updated": "2021-01-27T12:38:17.5541747Z",
  "Failed": 0,
  "HashRate_Live": 2280944201898.8,
  "HashRate_Average": 2039778969223.4685,
  "BlockRate_Live": 0.0,
  "BlockRate_Average": 0.0,
  "Actual24h_Week": 0.0,
  "Estimate24h_Week": 0.0,
  "ErrorRatio": 1.0
}
