{
  "Live": 0.00000000000000289,
  "Minute": 0.00000000000000289,
  "Minute_Fluctuation": 0.0,
  "Minute_5": 0.000000000000002853348985302,
  "Minute_5_Fluctuation": 0.06928900413183921,
  "Minute_10": 0.0000000000000026425202288697,
  "Minute_10_Fluctuation": 0.21518811598256446,
  "Hour": 0.0000000000000027115577668909,
  "Hour_Fluctuation": 0.32917269966719964,
  "Day": 0.0000000000000027053967077901,
  "Day_Fluctuation": 0.3377556753013656,
  "ThreeDay": 0.0000000000000027053967077901,
  "ThreeDay_Fluctuation": 0.3377556753013656,
  "Week": 0.0000000000000027053967077901,
  "Week_Fluctuation": 0.3377556753013656,
  "Duration": "01:17:30.9429092",
  "Updated": "2021-01-27T12:38:17.5058534Z",
  "Failed": 0,
  "HashRate_Live": 2338520.2127005,
  "HashRate_Average": 2984323.6439924343,
  "BlockRate_Live": 79.0,
  "BlockRate_Average": 77.98863073153167,
  "Actual24h_Week": 0.0,
  "Estimate24h_Week": 0.0,
  "ErrorRatio": 1.0
}
