{
  "Live": 0.00000000000000000031,
  "Minute": 0.00000000000000000031,
  "Minute_Fluctuation": 0.0,
  "Minute_5": 0.0000000000000000003101550738,
  "Minute_5_Fluctuation": 0.0027530511357873404,
  "Minute_10": 0.0000000000000000003122834986,
  "Minute_10_Fluctuation": 0.02173299930556695,
  "Hour": 0.0000000000000000003166397422,
  "Hour_Fluctuation": 0.16073186341895862,
  "Day": 0.0000000000000000003168720735,
  "Day_Fluctuation": 0.1655980689517813,
  "ThreeDay": 0.0000000000000000003168720735,
  "ThreeDay_Fluctuation": 0.1655980689517813,
  "Week": 0.0000000000000000003168720735,
  "Week_Fluctuation": 0.16559806895178136,
  "Duration": "01:17:30.9429092",
  "Updated": "2021-01-27T12:38:17.3664682Z",
  "Failed": 0,
  "HashRate_Live": 1403270040.1429,
  "HashRate_Average": 1319252279.596769,
  "BlockRate_Live": 28.0,
  "BlockRate_Average": 27.98597559367967,
  "Actual24h_Week": 0.0,
  "Estimate24h_Week": 0.0,
  "ErrorRatio": 1.0
}
