{
  "Live": 0.00000000793,
  "Minute": 0.00000000793,
  "Minute_Fluctuation": 0.0,
  "Minute_5": 0.00000000787418167198246,
  "Minute_5_Fluctuation": 0.007104169204121302,
  "Minute_10": 0.00000000781963474047164,
  "Minute_10_Fluctuation": 0.01974768181613243,
  "Hour": 0.00000000763725421459015,
  "Hour_Fluctuation": 0.0596638279001753,
  "Day": 0.00000000864163136580153,
  "Day_Fluctuation": 0.01091011003282536,
  "ThreeDay": 0.00000000864378428690753,
  "ThreeDay_Fluctuation": 0.010681884324581392,
  "Week": 0.00000000864378428690753,
  "Week_Fluctuation": 0.01068188432458139,
  "Duration": "1.01:27:41.9766011",
  "Updated": "2021-01-27T12:38:16.8925318Z",
  "Failed": 0,
  "HashRate_Live": 94023.0,
  "HashRate_Average": 96332.12975587955,
  "BlockRate_Live": 112.0,
  "BlockRate_Average": 113.95920287604136,
  "Actual24h_Week": 0.000000502631909823068,
  "Estimate24h_Week": 0.00000049481616033548,
  "ErrorRatio": 1.00442496802391
}
