{
  "Live": 0.00000000000000009057,
  "Minute": 0.00000000000000009057,
  "Minute_Fluctuation": 0.0,
  "Minute_5": 0.0000000000000000860906251821,
  "Minute_5_Fluctuation": 0.04377998940179685,
  "Minute_10": 0.0000000000000000834433701401,
  "Minute_10_Fluctuation": 0.056468065915792114,
  "Hour": 0.0000000000000000727654729658,
  "Hour_Fluctuation": 0.12148115540871121,
  "Day": 0.0000000000000000723445859499,
  "Day_Fluctuation": 0.11958308161186555,
  "ThreeDay": 0.0000000000000000723445859499,
  "ThreeDay_Fluctuation": 0.11958308161186555,
  "Week": 0.0000000000000000723445859499,
  "Week_Fluctuation": 0.11958308161186554,
  "Duration": "01:17:30.9429092",
  "Updated": "2021-01-27T12:38:17.6557793Z",
  "Failed": 0,
  "HashRate_Live": 115005355.02165,
  "HashRate_Average": 1430026245.7640567,
  "BlockRate_Live": 13.0,
  "BlockRate_Average": 13.0,
  "Actual24h_Week": 0.0,
  "Estimate24h_Week": 0.0,
  "ErrorRatio": 1.0
}
