{
  "Live": 0.00000000000000006314,
  "Minute": 0.00000000000000006314,
  "Minute_Fluctuation": 0.0,
  "Minute_5": 0.000000000000000060521020672,
  "Minute_5_Fluctuation": 0.04488401773126913,
  "Minute_10": 0.0000000000000000602809301125,
  "Minute_10_Fluctuation": 0.07774003776404267,
  "Hour": 0.000000000000000081466181936,
  "Hour_Fluctuation": 0.29732227367787667,
  "Day": 0.0000000000000000822334373385,
  "Day_Fluctuation": 0.2981721908490071,
  "ThreeDay": 0.0000000000000000822334373385,
  "ThreeDay_Fluctuation": 0.2981721908490071,
  "Week": 0.0000000000000000822334373385,
  "Week_Fluctuation": 0.2981721908490071,
  "Duration": "01:17:30.9429092",
  "Updated": "2021-01-27T12:38:17.8051458Z",
  "Failed": 0,
  "HashRate_Live": 0.0,
  "HashRate_Average": 336727848.4370562,
  "BlockRate_Live": 366.0,
  "BlockRate_Average": 374.1264612948462,
  "Actual24h_Week": 0.0,
  "Estimate24h_Week": 0.0,
  "ErrorRatio": 1.0
}
