{
  "Live": 0.00000000000000000912,
  "Minute": 0.00000000000000000912,
  "Minute_Fluctuation": 0.0,
  "Minute_5": 0.0000000000000000091202656671,
  "Minute_5_Fluctuation": 0.0002722337040510983,
  "Minute_10": 0.0000000000000000091410784356,
  "Minute_10_Fluctuation": 0.009093126087557524,
  "Hour": 0.0000000000000000096007954145,
  "Hour_Fluctuation": 0.03315277940197042,
  "Day": 0.0000000000000000096176189305,
  "Day_Fluctuation": 0.032504527037560293,
  "ThreeDay": 0.0000000000000000096176189305,
  "ThreeDay_Fluctuation": 0.032504527037560293,
  "Week": 0.0000000000000000096176189305,
  "Week_Fluctuation": 0.032504527037560293,
  "Duration": "01:17:30.9429092",
  "Updated": "2021-01-27T12:38:17.8086118Z",
  "Failed": 0,
  "HashRate_Live": 667864649256.26,
  "HashRate_Average": 1272705841723.4092,
  "BlockRate_Live": 46.0,
  "BlockRate_Average": 45.972607229749556,
  "Actual24h_Week": 0.0,
  "Estimate24h_Week": 0.0,
  "ErrorRatio": 1.0
}
