{
  "Live": 0.00000000000000102572,
  "Minute": 0.00000000000000102572,
  "Minute_Fluctuation": 0.0,
  "Minute_5": 0.0000000000000010658272492933,
  "Minute_5_Fluctuation": 0.08945769302006255,
  "Minute_10": 0.0000000000000010708303237855,
  "Minute_10_Fluctuation": 0.1290650222110272,
  "Hour": 0.0000000000000009225391450335,
  "Hour_Fluctuation": 0.6159787596777845,
  "Day": 0.0000000000000002826955234115,
  "Day_Fluctuation": 0.20094764105294968,
  "ThreeDay": 0.000000000000000281177344394,
  "ThreeDay_Fluctuation": 0.19583341125813702,
  "Week": 0.000000000000000281177344394,
  "Week_Fluctuation": 0.19583341125813702,
  "Duration": "1.01:27:41.9766011",
  "Updated": "2021-01-27T12:38:16.6797901Z",
  "Failed": 0,
  "HashRate_Live": 271896969659.0,
  "HashRate_Average": 277801031353.18976,
  "BlockRate_Live": 129.0,
  "BlockRate_Average": 129.0,
  "Actual24h_Week": 0.0000116538257615403,
  "Estimate24h_Week": 0.0000582318553255571,
  "ErrorRatio": 0.775919602799522
}
