{
  "Live": 0.00000000000000066,
  "Minute": 0.00000000000000066,
  "Minute_Fluctuation": 0.0,
  "Minute_5": 0.0000000000000006494393542677,
  "Minute_5_Fluctuation": 0.03708081416174375,
  "Minute_10": 0.0000000000000006554547104265,
  "Minute_10_Fluctuation": 0.06349696966212154,
  "Hour": 0.0000000000000007024135297043,
  "Hour_Fluctuation": 0.08589484407479336,
  "Day": 0.0000000000000007045756292209,
  "Day_Fluctuation": 0.08582035500916056,
  "ThreeDay": 0.0000000000000007045756292209,
  "ThreeDay_Fluctuation": 0.08582035500916058,
  "Week": 0.0000000000000007045756292209,
  "Week_Fluctuation": 0.08582035500916058,
  "Duration": "01:17:30.9429092",
  "Updated": "2021-01-27T12:34:09.2419889Z",
  "Failed": 0,
  "HashRate_Live": 0.0,
  "HashRate_Average": 0.0,
  "BlockRate_Live": 22.0,
  "BlockRate_Average": 22.0,
  "Actual24h_Week": 0.0,
  "Estimate24h_Week": 0.0,
  "ErrorRatio": 1.0
}
