{
  "Live": 0.00000000000000000043478,
  "Minute": 0.00000000000000000043478,
  "Minute_Fluctuation": 0.0,
  "Minute_5": 0.0000000000000000004872452791,
  "Minute_5_Fluctuation": 0.08020767505056452,
  "Minute_10": 0.000000000000000000506961413,
  "Minute_10_Fluctuation": 0.07367531915636172,
  "Hour": 0.0000000000000000005178056485,
  "Hour_Fluctuation": 0.05184902187350363,
  "Day": 0.0000000000000000005183222458,
  "Day_Fluctuation": 0.05100648790313066,
  "ThreeDay": 0.0000000000000000005183222458,
  "ThreeDay_Fluctuation": 0.05100648790313066,
  "Week": 0.0000000000000000005183222458,
  "Week_Fluctuation": 0.05100648790313066,
  "Duration": "01:17:30.9429092",
  "Updated": "2021-01-27T12:38:17.2044012Z",
  "Failed": 0,
  "HashRate_Live": 0.0,
  "HashRate_Average": 0.0,
  "BlockRate_Live": 0.0,
  "BlockRate_Average": 0.0,
  "Actual24h_Week": 0.0,
  "Estimate24h_Week": 0.0,
  "ErrorRatio": 1.0
}
