{
  "Live": 0.00000000040885,
  "Minute": 0.00000000040885,
  "Minute_Fluctuation": 0.0,
  "Minute_5": 0.000000000408966644127442,
  "Minute_5_Fluctuation": 0.0017315816398973502,
  "Minute_10": 0.000000000410675892681122,
  "Minute_10_Fluctuation": 0.01188057359217488,
  "Hour": 0.000000000420862385823083,
  "Hour_Fluctuation": 0.02221562613511277,
  "Day": 0.000000000421283253711826,
  "Day_Fluctuation": 0.021960344679665546,
  "ThreeDay": 0.000000000421283253711826,
  "ThreeDay_Fluctuation": 0.021960344679665546,
  "Week": 0.000000000421283253711826,
  "Week_Fluctuation": 0.021960344679665546,
  "Duration": "01:17:30.9429092",
  "Updated": "2021-01-27T12:38:17.1460549Z",
  "Failed": 0,
  "HashRate_Live": 37.580963744709,
  "HashRate_Average": 245.05877975950258,
  "BlockRate_Live": 0.0,
  "BlockRate_Average": 0.0,
  "Actual24h_Week": 0.0,
  "Estimate24h_Week": 0.0,
  "ErrorRatio": 1.0
}
