{
  "Live": 0.0000000000000811,
  "Minute": 0.0000000000000811,
  "Minute_Fluctuation": 0.0,
  "Minute_5": 0.0000000000000769474110562649,
  "Minute_5_Fluctuation": 0.03189196973960447,
  "Minute_10": 0.000000000000075948747668918,
  "Minute_10_Fluctuation": 0.03315299977041531,
  "Hour": 0.0000000000000882926340345293,
  "Hour_Fluctuation": 0.1387139379021971,
  "Day": 0.0000000000000887188953260166,
  "Day_Fluctuation": 0.13866574131647233,
  "ThreeDay": 0.0000000000000887188953260166,
  "ThreeDay_Fluctuation": 0.13866574131647233,
  "Week": 0.0000000000000887188953260166,
  "Week_Fluctuation": 0.13866574131647233,
  "Duration": "01:17:30.9429092",
  "Updated": "2021-01-27T12:38:17.2531912Z",
  "Failed": 0,
  "HashRate_Live": 613822.40942332,
  "HashRate_Average": 582483.1423481959,
  "BlockRate_Live": 14.0,
  "BlockRate_Average": 14.0,
  "Actual24h_Week": 0.0,
  "Estimate24h_Week": 0.0,
  "ErrorRatio": 1.0
}
