{
  "Live": 0.00000000000000000058634,
  "Minute": 0.00000000000000000058634,
  "Minute_Fluctuation": 0.0,
  "Minute_5": 0.0000000000000000007901775436,
  "Minute_5_Fluctuation": 0.5360558535105266,
  "Minute_10": 0.0000000000000000006004797263,
  "Minute_10_Fluctuation": 0.3260127477998979,
  "Hour": 0.0000000000000000002639226837,
  "Hour_Fluctuation": 0.4344867309196201,
  "Day": 0.0000000000000000002477133701,
  "Day_Fluctuation": 0.37359001176712103,
  "ThreeDay": 0.0000000000000000002477133701,
  "ThreeDay_Fluctuation": 0.37359001176712103,
  "Week": 0.0000000000000000002477133701,
  "Week_Fluctuation": 0.37359001176712114,
  "Duration": "01:17:30.9429092",
  "Updated": "2021-01-27T12:38:17.7785764Z",
  "Failed": 0,
  "HashRate_Live": 1111997681821.0,
  "HashRate_Average": 177922148336.6746,
  "BlockRate_Live": 360.0,
  "BlockRate_Average": 351.7543667778402,
  "Actual24h_Week": 0.0,
  "Estimate24h_Week": 0.0,
  "ErrorRatio": 1.0
}
