{
  "Live": 0.00000000000000000183,
  "Minute": 0.00000000000000000183,
  "Minute_Fluctuation": 0.0,
  "Minute_5": 0.0000000000000000018270811183,
  "Minute_5_Fluctuation": 0.03583130263670107,
  "Minute_10": 0.000000000000000001829374742,
  "Minute_10_Fluctuation": 0.049191392673947676,
  "Hour": 0.0000000000000000021465610468,
  "Hour_Fluctuation": 0.12787926606788316,
  "Day": 0.0000000000000000021585962148,
  "Day_Fluctuation": 0.1266710589841945,
  "ThreeDay": 0.0000000000000000021585962148,
  "ThreeDay_Fluctuation": 0.1266710589841945,
  "Week": 0.0000000000000000021585962148,
  "Week_Fluctuation": 0.1266710589841945,
  "Duration": "01:17:30.9429092",
  "Updated": "2021-01-27T12:38:17.0925275Z",
  "Failed": 0,
  "HashRate_Live": 0.0,
  "HashRate_Average": 6879028256610.666,
  "BlockRate_Live": 0.0,
  "BlockRate_Average": 0.0,
  "Actual24h_Week": 0.0,
  "Estimate24h_Week": 0.0,
  "ErrorRatio": 1.0
}
