{
  "Live": 0.00000000000294548,
  "Minute": 0.00000000000294548,
  "Minute_Fluctuation": 0.0,
  "Minute_5": 0.00000000000293762358218354,
  "Minute_5_Fluctuation": 0.005052012684396229,
  "Minute_10": 0.00000000000292836474080267,
  "Minute_10_Fluctuation": 0.005447919294583892,
  "Hour": 0.00000000000289713174417191,
  "Hour_Fluctuation": 0.00839407462512558,
  "Day": 0.00000000000289589897517226,
  "Day_Fluctuation": 0.008231611679977262,
  "ThreeDay": 0.00000000000289589897517226,
  "ThreeDay_Fluctuation": 0.008231611679977262,
  "Week": 0.00000000000289589897517226,
  "Week_Fluctuation": 0.008231611679977262,
  "Duration": "01:17:30.9429092",
  "Updated": "2021-01-27T12:38:17.3443812Z",
  "Failed": 0,
  "HashRate_Live": 18382.46002688,
  "HashRate_Average": 19258.103728791397,
  "BlockRate_Live": 65.0,
  "BlockRate_Average": 64.90710537290857,
  "Actual24h_Week": 0.0,
  "Estimate24h_Week": 0.0,
  "ErrorRatio": 1.0
}
