{
  "Live": 0.00000000000000000811,
  "Minute": 0.00000000000000000811,
  "Minute_Fluctuation": 0.0,
  "Minute_5": 0.000000000000000007992266592,
  "Minute_5_Fluctuation": 0.0244340006549898,
  "Minute_10": 0.0000000000000000079263401377,
  "Minute_10_Fluctuation": 0.03467857539424717,
  "Hour": 0.0000000000000000083809152975,
  "Hour_Fluctuation": 0.04822276431386428,
  "Day": 0.0000000000000000083968990031,
  "Day_Fluctuation": 0.048014412116812254,
  "ThreeDay": 0.0000000000000000083968990031,
  "ThreeDay_Fluctuation": 0.048014412116812254,
  "Week": 0.0000000000000000083968990031,
  "Week_Fluctuation": 0.048014412116812254,
  "Duration": "01:17:30.9429092",
  "Updated": "2021-01-27T12:38:17.5604274Z",
  "Failed": 0,
  "HashRate_Live": 570514593.42041,
  "HashRate_Average": 631454372.7471524,
  "BlockRate_Live": 45.0,
  "BlockRate_Average": 46.07558239274642,
  "Actual24h_Week": 0.0,
  "Estimate24h_Week": 0.0,
  "ErrorRatio": 1.0
}
