{
  "Live": 0.0000000000000000149,
  "Minute": 0.0000000000000000149,
  "Minute_Fluctuation": 0.0,
  "Minute_5": 0.0000000000000000122709444964,
  "Minute_5_Fluctuation": 0.2523935728443993,
  "Minute_10": 0.0000000000000000111062443556,
  "Minute_10_Fluctuation": 0.24394839804525265,
  "Hour": 0.0000000000000000118967986439,
  "Hour_Fluctuation": 0.1339018612492084,
  "Day": 0.0000000000000000119177174349,
  "Day_Fluctuation": 0.13117451997713114,
  "ThreeDay": 0.0000000000000000119177174349,
  "ThreeDay_Fluctuation": 0.13117451997713114,
  "Week": 0.0000000000000000119177174349,
  "Week_Fluctuation": 0.13117451997713114,
  "Duration": "01:17:30.9429092",
  "Updated": "2021-01-27T12:38:17.2456043Z",
  "Failed": 0,
  "HashRate_Live": 0.0,
  "HashRate_Average": 0.0,
  "BlockRate_Live": 0.0,
  "BlockRate_Average": 0.0,
  "Actual24h_Week": 0.0,
  "Estimate24h_Week": 0.0,
  "ErrorRatio": 1.0
}
