{
  "Live": 0.00000000000000000001074,
  "Minute": 0.00000000000000000001074,
  "Minute_Fluctuation": 0.0,
  "Minute_5": 0.0000000000000000000107400486,
  "Minute_5_Fluctuation": 4.2983230502833006E-05,
  "Minute_10": 0.0000000000000000000107442249,
  "Minute_10_Fluctuation": 0.0017268072106737858,
  "Hour": 0.0000000000000000000108848599,
  "Hour_Fluctuation": 0.01976120382671008,
  "Day": 0.0000000000000000000108899287,
  "Day_Fluctuation": 0.019971490095793756,
  "ThreeDay": 0.0000000000000000000108899287,
  "ThreeDay_Fluctuation": 0.019971490095793756,
  "Week": 0.0000000000000000000108899287,
  "Week_Fluctuation": 0.019971490095793756,
  "Duration": "01:17:30.9429092",
  "Updated": "2021-01-27T12:12:06.4134767Z",
  "Failed": 0,
  "HashRate_Live": 0.0,
  "HashRate_Average": 78119029810.83171,
  "BlockRate_Live": 0.0,
  "BlockRate_Average": 0.0,
  "Actual24h_Week": 0.0,
  "Estimate24h_Week": 0.0,
  "ErrorRatio": 1.0
}
