{
  "Live": 0.0000000000000000000054261,
  "Minute": 0.0000000000000000000054261,
  "Minute_Fluctuation": 0.0,
  "Minute_5": 0.0000000000000000000055575765,
  "Minute_5_Fluctuation": 0.03512284667485692,
  "Minute_10": 0.0000000000000000000058106772,
  "Minute_10_Fluctuation": 0.040545988956425305,
  "Hour": 0.0000000000000000000060579237,
  "Hour_Fluctuation": 0.055581945404828616,
  "Day": 0.0000000000000000000060713158,
  "Day_Fluctuation": 0.0556695997503303,
  "ThreeDay": 0.0000000000000000000060713158,
  "ThreeDay_Fluctuation": 0.05566959975033029,
  "Week": 0.0000000000000000000060713158,
  "Week_Fluctuation": 0.0556695997503303,
  "Duration": "01:17:30.9429092",
  "Updated": "2021-01-27T12:38:17.5644713Z",
  "Failed": 0,
  "HashRate_Live": 3565232423761.3,
  "HashRate_Average": 392719912805388.6,
  "BlockRate_Live": 120.0,
  "BlockRate_Average": 117.67631095305349,
  "Actual24h_Week": 0.0,
  "Estimate24h_Week": 0.0,
  "ErrorRatio": 1.0
}
