{
  "Live": 0.00000000000000013044,
  "Minute": 0.00000000000000013044,
  "Minute_Fluctuation": 0.0,
  "Minute_5": 0.0000000000000001466259836192,
  "Minute_5_Fluctuation": 0.11925501351498698,
  "Minute_10": 0.0000000000000001557651303847,
  "Minute_10_Fluctuation": 0.116225879555841,
  "Hour": 0.0000000000000001512332727157,
  "Hour_Fluctuation": 0.10221225786469525,
  "Day": 0.0000000000000001511429768703,
  "Day_Fluctuation": 0.10104183337717254,
  "ThreeDay": 0.0000000000000001511429768703,
  "ThreeDay_Fluctuation": 0.10104183337717253,
  "Week": 0.0000000000000001511429768703,
  "Week_Fluctuation": 0.10104183337717253,
  "Duration": "01:17:30.9429092",
  "Updated": "2021-01-27T12:38:17.7866823Z",
  "Failed": 0,
  "HashRate_Live": 0.0,
  "HashRate_Average": 0.0,
  "BlockRate_Live": 6.0,
  "BlockRate_Average": 6.0,
  "Actual24h_Week": 0.0,
  "Estimate24h_Week": 0.0,
  "ErrorRatio": 1.0
}
