{
  "Live": 0.00000000000000000558,
  "Minute": 0.00000000000000000558,
  "Minute_Fluctuation": 0.0,
  "Minute_5": 0.0000000000000000056760266231,
  "Minute_5_Fluctuation": 0.011198671681593192,
  "Minute_10": 0.0000000000000000056859889359,
  "Minute_10_Fluctuation": 0.01829311630791617,
  "Hour": 0.0000000000000000052532474769,
  "Hour_Fluctuation": 0.0766220168951677,
  "Day": 0.0000000000000000052376366935,
  "Day_Fluctuation": 0.07625306140727023,
  "ThreeDay": 0.0000000000000000052376366935,
  "ThreeDay_Fluctuation": 0.07625306140727023,
  "Week": 0.0000000000000000052376366935,
  "Week_Fluctuation": 0.07625306140727023,
  "Duration": "01:17:30.9429092",
  "Updated": "2021-01-27T12:38:17.3490321Z",
  "Failed": 0,
  "HashRate_Live": 1481408666490.2,
  "HashRate_Average": 1493318821073.305,
  "BlockRate_Live": 38.0,
  "BlockRate_Average": 39.15145135800946,
  "Actual24h_Week": 0.0,
  "Estimate24h_Week": 0.0,
  "ErrorRatio": 1.0
}
