{
  "Live": 0.00000000103046,
  "Minute": 0.00000000103046,
  "Minute_Fluctuation": 0.0,
  "Minute_5": 0.000000000992020136546438,
  "Minute_5_Fluctuation": 0.037131974750937075,
  "Minute_10": 0.000000000965863727935751,
  "Minute_10_Fluctuation": 0.04502039289059591,
  "Hour": 0.000000000945947308668173,
  "Hour_Fluctuation": 0.05323304473058679,
  "Day": 0.000000000944649188297866,
  "Day_Fluctuation": 0.053511170824928886,
  "ThreeDay": 0.000000000944649188297866,
  "ThreeDay_Fluctuation": 0.053511170824928886,
  "Week": 0.000000000944649188297866,
  "Week_Fluctuation": 0.053511170824928886,
  "Duration": "01:17:30.9429092",
  "Updated": "2021-01-27T12:38:17.88305Z",
  "Failed": 0,
  "HashRate_Live": 3942.4220607154,
  "HashRate_Average": 1780.6001756305109,
  "BlockRate_Live": 228.0,
  "BlockRate_Average": 231.82621398192828,
  "Actual24h_Week": 0.0,
  "Estimate24h_Week": 0.0,
  "ErrorRatio": 1.0
}
