{
  "Live": 0.0,
  "Minute": 0.0,
  "Minute_Fluctuation": 0.0,
  "Minute_5": 0.0000000000000000009290200702,
  "Minute_5_Fluctuation": 0.9999999983982412,
  "Minute_10": 0.0000000000000496051135470617,
  "Minute_10_Fluctuation": 0.9999144739421602,
  "Hour": 0.000000000132444664115326,
  "Hour_Fluctuation": 0.7716471308356456,
  "Day": 0.000000000545716494393787,
  "Day_Fluctuation": 0.05910949242450356,
  "ThreeDay": 0.000000000546677538410118,
  "ThreeDay_Fluctuation": 0.057452519982555864,
  "Week": 0.000000000546677538410118,
  "Week_Fluctuation": 0.057452519982555864,
  "Duration": "1.01:27:41.9766011",
  "Updated": "2021-01-27T12:38:16.9237818Z",
  "Failed": 0,
  "HashRate_Live": 791.0,
  "HashRate_Average": 1238.0907872979453,
  "BlockRate_Live": 38.0,
  "BlockRate_Average": 36.401082265045815,
  "Actual24h_Week": 0.000000034302786860272,
  "Estimate24h_Week": 0.0000000300270116911916,
  "ErrorRatio": 1.03989202923194
}
