{
  "Live": 0.00000000000253,
  "Minute": 0.00000000000253,
  "Minute_Fluctuation": 0.0,
  "Minute_5": 0.00000000000210672129272636,
  "Minute_5_Fluctuation": 0.18547636251060579,
  "Minute_10": 0.00000000000207087339198084,
  "Minute_10_Fluctuation": 0.1778279821373418,
  "Hour": 0.00000000000179043456342737,
  "Hour_Fluctuation": 0.2411605257104422,
  "Day": 0.00000000000178201837966499,
  "Day_Fluctuation": 0.24368165165916125,
  "ThreeDay": 0.00000000000178201837966499,
  "ThreeDay_Fluctuation": 0.24368165165916125,
  "Week": 0.00000000000178201837966499,
  "Week_Fluctuation": 0.24368165165916125,
  "Duration": "01:17:30.9429092",
  "Updated": "2021-01-27T12:38:17.1932841Z",
  "Failed": 0,
  "HashRate_Live": 13914.35223903,
  "HashRate_Average": 20519.15870098552,
  "BlockRate_Live": 450.0,
  "BlockRate_Average": 456.193790551504,
  "Actual24h_Week": 0.0,
  "Estimate24h_Week": 0.0,
  "ErrorRatio": 1.0
}
