{
  "Live": 0.00000000000001067,
  "Minute": 0.00000000000001067,
  "Minute_Fluctuation": 0.0,
  "Minute_5": 0.0000000000000113719230423569,
  "Minute_5_Fluctuation": 0.07964049532117763,
  "Minute_10": 0.0000000000000111362706605773,
  "Minute_10_Fluctuation": 0.07690522911037849,
  "Hour": 0.0000000000000112176473831981,
  "Hour_Fluctuation": 0.0783995979185093,
  "Day": 0.0000000000000112112317575863,
  "Day_Fluctuation": 0.07875330472634344,
  "ThreeDay": 0.0000000000000112112317575863,
  "ThreeDay_Fluctuation": 0.07875330472634344,
  "Week": 0.0000000000000112112317575863,
  "Week_Fluctuation": 0.07875330472634344,
  "Duration": "01:17:30.9429092",
  "Updated": "2021-01-27T12:38:17.7267249Z",
  "Failed": 0,
  "HashRate_Live": 366414.3974345,
  "HashRate_Average": 4603679.412809861,
  "BlockRate_Live": 363.0,
  "BlockRate_Average": 356.8160527609767,
  "Actual24h_Week": 0.0,
  "Estimate24h_Week": 0.0,
  "ErrorRatio": 1.0
}
