{
  "Live": 0.00000000000000015789,
  "Minute": 0.00000000000000015789,
  "Minute_Fluctuation": 0.0,
  "Minute_5": 0.0000000000000001850732637112,
  "Minute_5_Fluctuation": 0.09028765258236929,
  "Minute_10": 0.0000000000000001910953754626,
  "Minute_10_Fluctuation": 0.06932587581654007,
  "Hour": 0.0000000000000002131426313515,
  "Hour_Fluctuation": 0.09543355533899761,
  "Day": 0.0000000000000002139402755364,
  "Day_Fluctuation": 0.09479642675173401,
  "ThreeDay": 0.0000000000000002139402755364,
  "ThreeDay_Fluctuation": 0.09479642675173401,
  "Week": 0.0000000000000002139402755364,
  "Week_Fluctuation": 0.09479642675173401,
  "Duration": "01:17:30.9429092",
  "Updated": "2021-01-27T12:38:17.298165Z",
  "Failed": 0,
  "HashRate_Live": 3016785.0287104,
  "HashRate_Average": 6445447.00968534,
  "BlockRate_Live": 208.0,
  "BlockRate_Average": 209.1969172429106,
  "Actual24h_Week": 0.0,
  "Estimate24h_Week": 0.0,
  "ErrorRatio": 1.0
}
