{
  "Live": 0.0,
  "Minute": 0.0,
  "Minute_Fluctuation": 0.0,
  "Minute_5": 0.0000000000000000004965452099,
  "Minute_5_Fluctuation": 0.9999999983982412,
  "Minute_10": 0.0000000000000265130779303262,
  "Minute_10_Fluctuation": 0.9999144739421602,
  "Hour": 0.0000000000707893894409499,
  "Hour_Fluctuation": 0.7716471308356456,
  "Day": 0.000000000291676057348404,
  "Day_Fluctuation": 0.05910949242450356,
  "ThreeDay": 0.000000000292189718805407,
  "ThreeDay_Fluctuation": 0.057452519982555864,
  "Week": 0.000000000292189718805407,
  "Week_Fluctuation": 0.057452519982555864,
  "Duration": "1.01:27:41.9766011",
  "Updated": "2021-01-27T12:38:16.9389466Z",
  "Failed": 0,
  "HashRate_Live": 975.0,
  "HashRate_Average": 1060.3480128924623,
  "BlockRate_Live": 442.0,
  "BlockRate_Average": 421.3923762275467,
  "Actual24h_Week": 0.0000000173792230557442,
  "Estimate24h_Week": 0.0000000269337790586828,
  "ErrorRatio": 0.900620547927846
}
