{
  "Live": 0.000000000000000027,
  "Minute": 0.000000000000000027,
  "Minute_Fluctuation": 0.0,
  "Minute_5": 0.0000000000000000270026532979,
  "Minute_5_Fluctuation": 0.0009066740006064599,
  "Minute_10": 0.0000000000000000272441466405,
  "Minute_10_Fluctuation": 0.03473554924423916,
  "Hour": 0.0000000000000000335355039444,
  "Hour_Fluctuation": 0.15957369861758353,
  "Day": 0.0000000000000000337641878122,
  "Day_Fluctuation": 0.15815562777657743,
  "ThreeDay": 0.0000000000000000337641878122,
  "ThreeDay_Fluctuation": 0.1581556277765775,
  "Week": 0.0000000000000000337641878122,
  "Week_Fluctuation": 0.1581556277765775,
  "Duration": "01:17:30.9429092",
  "Updated": "2021-01-27T12:06:42.474402Z",
  "Failed": 0,
  "HashRate_Live": 0.0,
  "HashRate_Average": 0.0,
  "BlockRate_Live": 25.0,
  "BlockRate_Average": 25.0,
  "Actual24h_Week": 0.0,
  "Estimate24h_Week": 0.0,
  "ErrorRatio": 1.0
}
