{
  "Live": 0.00000000000000002361,
  "Minute": 0.00000000000000002361,
  "Minute_Fluctuation": 1.1102230246251565E-16,
  "Minute_5": 0.00000000000000010754011166,
  "Minute_5_Fluctuation": 0.7153159061881502,
  "Minute_10": 0.0000000000000001041806126795,
  "Minute_10_Fluctuation": 0.6438032329896213,
  "Hour": 0.0000000000000000560233300659,
  "Hour_Fluctuation": 0.7599559636261174,
  "Day": 0.0000000000000000540804962264,
  "Day_Fluctuation": 0.7367068961114084,
  "ThreeDay": 0.0000000000000000540804962264,
  "ThreeDay_Fluctuation": 0.7367068961114084,
  "Week": 0.0000000000000000540804962264,
  "Week_Fluctuation": 0.7367068961114085,
  "Duration": "01:17:30.9429092",
  "Updated": "2021-01-27T12:38:17.3987831Z",
  "Failed": 0,
  "HashRate_Live": 27093455430.397,
  "HashRate_Average": 23333102913.38793,
  "BlockRate_Live": 721.0,
  "BlockRate_Average": 705.9268115545927,
  "Actual24h_Week": 0.0,
  "Estimate24h_Week": 0.0,
  "ErrorRatio": 1.0
}
