{
  "Live": 0.00000000293223,
  "Minute": 0.00000000293223,
  "Minute_Fluctuation": 0.0,
  "Minute_5": 0.00000000292803957973086,
  "Minute_5_Fluctuation": 0.004059307301510594,
  "Minute_10": 0.00000000291908197439594,
  "Minute_10_Fluctuation": 0.005658455587452018,
  "Hour": 0.00000000280704418537619,
  "Hour_Fluctuation": 0.048975034560965996,
  "Day": 0.00000000254886256707324,
  "Day_Fluctuation": 0.007909921560147505,
  "ThreeDay": 0.00000000254825311856922,
  "ThreeDay_Fluctuation": 0.0076839279130167725,
  "Week": 0.00000000254825311856922,
  "Week_Fluctuation": 0.007683927913016771,
  "Duration": "1.01:27:41.9766011",
  "Updated": "2021-01-27T12:38:16.4279125Z",
  "Failed": 0,
  "HashRate_Live": 19098.0,
  "HashRate_Average": 19687.175211855665,
  "BlockRate_Live": 65.0,
  "BlockRate_Average": 64.97901497735162,
  "Actual24h_Week": 0.000150840655668662,
  "Estimate24h_Week": 0.000150089249048526,
  "ErrorRatio": 1.00140251919309
}
