{
  "Live": 0.00000000000000005774,
  "Minute": 0.00000000000000005774,
  "Minute_Fluctuation": 0.0,
  "Minute_5": 0.0000000000000000550823207357,
  "Minute_5_Fluctuation": 0.04917768949621073,
  "Minute_10": 0.0000000000000000538903708916,
  "Minute_10_Fluctuation": 0.047051457439432856,
  "Hour": 0.0000000000000000545938599288,
  "Hour_Fluctuation": 0.02958054142975318,
  "Day": 0.0000000000000000546112640019,
  "Day_Fluctuation": 0.028973349578302363,
  "ThreeDay": 0.0000000000000000546112640019,
  "ThreeDay_Fluctuation": 0.028973349578302363,
  "Week": 0.0000000000000000546112640019,
  "Week_Fluctuation": 0.02897334957830236,
  "Duration": "01:17:30.9429092",
  "Updated": "2021-01-27T12:38:17.0718656Z",
  "Failed": 0,
  "HashRate_Live": 0.0,
  "HashRate_Average": 146339.40497557906,
  "BlockRate_Live": 3.0,
  "BlockRate_Average": 3.0,
  "Actual24h_Week": 0.0,
  "Estimate24h_Week": 0.0,
  "ErrorRatio": 1.0
}
