{
  "Live": 0.00000000000000005024,
  "Minute": 0.00000000000000005024,
  "Minute_Fluctuation": 0.0,
  "Minute_5": 0.000000000000000047247758832,
  "Minute_5_Fluctuation": 0.08263415052686829,
  "Minute_10": 0.0000000000000000447078370198,
  "Minute_10_Fluctuation": 0.09027511077003036,
  "Hour": 0.0000000000000000409032573428,
  "Hour_Fluctuation": 0.046918611673781946,
  "Day": 0.0000000000000000407198711077,
  "Day_Fluctuation": 0.0435875914967492,
  "ThreeDay": 0.0000000000000000407198711077,
  "ThreeDay_Fluctuation": 0.0435875914967492,
  "Week": 0.0000000000000000407198711077,
  "Week_Fluctuation": 0.0435875914967492,
  "Duration": "01:17:30.9429092",
  "Updated": "2021-01-27T12:38:17.3055677Z",
  "Failed": 0,
  "HashRate_Live": 0.0,
  "HashRate_Average": 0.0,
  "BlockRate_Live": 5.0,
  "BlockRate_Average": 5.0,
  "Actual24h_Week": 0.0,
  "Estimate24h_Week": 0.0,
  "ErrorRatio": 1.0
}
