{
  "Live": 0.00000000000000006067,
  "Minute": 0.00000000000000006067,
  "Minute_Fluctuation": 0.0,
  "Minute_5": 0.0000000000000000709761806562,
  "Minute_5_Fluctuation": 0.1143249722046368,
  "Minute_10": 0.0000000000000000779772208184,
  "Minute_10_Fluctuation": 0.13549715023103698,
  "Hour": 0.0000000000000000867572870805,
  "Hour_Fluctuation": 0.12595213679073577,
  "Day": 0.0000000000000000872327884688,
  "Day_Fluctuation": 0.12443709592451314,
  "ThreeDay": 0.0000000000000000872327884688,
  "ThreeDay_Fluctuation": 0.12443709592451314,
  "Week": 0.0000000000000000872327884688,
  "Week_Fluctuation": 0.12443709592451314,
  "Duration": "01:17:30.9429092",
  "Updated": "2021-01-27T12:38:17.4938963Z",
  "Failed": 0,
  "HashRate_Live": 134052640.19455,
  "HashRate_Average": 1870696125.3955462,
  "BlockRate_Live": 181.0,
  "BlockRate_Average": 180.07697327687632,
  "Actual24h_Week": 0.0,
  "Estimate24h_Week": 0.0,
  "ErrorRatio": 1.0
}
