{
  "Live": 0.00000000000000000000508788,
  "Minute": 0.00000000000000000000508788,
  "Minute_Fluctuation": 0.0,
  "Minute_5": 0.0000000000000000000050901724,
  "Minute_5_Fluctuation": 0.0009376763630576585,
  "Minute_10": 0.0000000000000000000050900383,
  "Minute_10_Fluctuation": 0.001249702267025843,
  "Hour": 0.0000000000000000000051109584,
  "Hour_Fluctuation": 0.002363107323035869,
  "Day": 0.0000000000000000000051117685,
  "Day_Fluctuation": 0.002363754665293837,
  "ThreeDay": 0.0000000000000000000051117685,
  "ThreeDay_Fluctuation": 0.002363754665293837,
  "Week": 0.0000000000000000000051117685,
  "Week_Fluctuation": 0.002363754665293837,
  "Duration": "01:17:30.9429092",
  "Updated": "2021-01-27T12:38:17.6405204Z",
  "Failed": 0,
  "HashRate_Live": 0.0,
  "HashRate_Average": 0.0,
  "BlockRate_Live": 0.0,
  "BlockRate_Average": 0.0,
  "Actual24h_Week": 0.0,
  "Estimate24h_Week": 0.0,
  "ErrorRatio": 1.0
}
