{
  "Live": 0.0000000000000000000066284,
  "Minute": 0.0000000000000000000066284,
  "Minute_Fluctuation": 0.0,
  "Minute_5": 0.0000000000000000000065162307,
  "Minute_5_Fluctuation": 0.02766162598068481,
  "Minute_10": 0.0000000000000000000064491042,
  "Minute_10_Fluctuation": 0.049852779581812376,
  "Hour": 0.0000000000000000000060820278,
  "Hour_Fluctuation": 0.09311282130130696,
  "Day": 0.0000000000000000000060702155,
  "Day_Fluctuation": 0.09506029628334739,
  "ThreeDay": 0.0000000000000000000060702155,
  "ThreeDay_Fluctuation": 0.09506029628334739,
  "Week": 0.0000000000000000000060702155,
  "Week_Fluctuation": 0.09506029628334739,
  "Duration": "01:17:30.9429092",
  "Updated": "2021-01-27T12:38:17.2322697Z",
  "Failed": 0,
  "HashRate_Live": 1277364817044700.0,
  "HashRate_Average": 1226349554216319.5,
  "BlockRate_Live": 7.0,
  "BlockRate_Average": 6.573016120830513,
  "Actual24h_Week": 0.0,
  "Estimate24h_Week": 0.0,
  "ErrorRatio": 1.0
}
