{
  "Live": 0.00000000000583,
  "Minute": 0.00000000000583,
  "Minute_Fluctuation": 0.0,
  "Minute_5": 0.00000000000571856452797654,
  "Minute_5_Fluctuation": 0.02092493556380263,
  "Minute_10": 0.00000000000565897524020791,
  "Minute_10_Fluctuation": 0.022234001933865124,
  "Hour": 0.00000000000577975925902335,
  "Hour_Fluctuation": 0.02615175339614949,
  "Day": 0.00000000000578308745082572,
  "Day_Fluctuation": 0.026342400598267177,
  "ThreeDay": 0.00000000000578308745082572,
  "ThreeDay_Fluctuation": 0.026342400598267174,
  "Week": 0.00000000000578308745082572,
  "Week_Fluctuation": 0.026342400598267177,
  "Duration": "01:17:30.9429092",
  "Updated": "2021-01-27T12:38:17.1803146Z",
  "Failed": 0,
  "HashRate_Live": 61591.176211147,
  "HashRate_Average": 62837.004119709745,
  "BlockRate_Live": 318.0,
  "BlockRate_Average": 321.53764142322586,
  "Actual24h_Week": 0.0,
  "Estimate24h_Week": 0.0,
  "ErrorRatio": 1.0
}
