{
  "Live": 0.00000000000000000000590409,
  "Minute": 0.00000000000000000000590409,
  "Minute_Fluctuation": 0.0,
  "Minute_5": 0.00000000000000000000591067,
  "Minute_5_Fluctuation": 0.000732112168164783,
  "Minute_10": 0.0000000000000000000059176013,
  "Minute_10_Fluctuation": 0.0013009222601570545,
  "Hour": 0.0000000000000000000059387969,
  "Hour_Fluctuation": 0.0012760376369328687,
  "Day": 0.0000000000000000000059397623,
  "Day_Fluctuation": 0.0012196836205322897,
  "ThreeDay": 0.0000000000000000000059397623,
  "ThreeDay_Fluctuation": 0.0012196836205322894,
  "Week": 0.0000000000000000000059397623,
  "Week_Fluctuation": 0.0012196836205322894,
  "Duration": "01:17:30.9429092",
  "Updated": "2021-01-27T12:38:17.0886672Z",
  "Failed": 0,
  "HashRate_Live": 0.0,
  "HashRate_Average": 6879028256610.666,
  "BlockRate_Live": 0.0,
  "BlockRate_Average": 0.0,
  "Actual24h_Week": 0.0,
  "Estimate24h_Week": 0.0,
  "ErrorRatio": 1.0
}
