{
  "Live": 0.00000000000000466,
  "Minute": 0.00000000000000466,
  "Minute_Fluctuation": 0.0,
  "Minute_5": 0.0000000000000054805445443717,
  "Minute_5_Fluctuation": 0.12346441049216932,
  "Minute_10": 0.0000000000000060500149313491,
  "Minute_10_Fluctuation": 0.16502389613598564,
  "Hour": 0.0000000000000059867304329712,
  "Hour_Fluctuation": 0.20279979229529702,
  "Day": 0.000000000000005990780589327,
  "Day_Fluctuation": 0.20928902699823285,
  "ThreeDay": 0.000000000000005990780589327,
  "ThreeDay_Fluctuation": 0.20928902699823285,
  "Week": 0.000000000000005990780589327,
  "Week_Fluctuation": 0.20928902699823285,
  "Duration": "01:23:48.5435650",
  "Updated": "2021-01-27T12:38:16.5396778Z",
  "Failed": 0,
  "HashRate_Live": 529524800.0,
  "HashRate_Average": 1857547365.4510415,
  "BlockRate_Live": 0.0,
  "BlockRate_Average": 0.0,
  "Actual24h_Week": 0.0,
  "Estimate24h_Week": 0.00000611247618209602,
  "ErrorRatio": 0.983440347464336
}
