{
  "Live": 0.0000000000000099,
  "Minute": 0.0000000000000099,
  "Minute_Fluctuation": 0.0,
  "Minute_5": 0.0000000000000099005603928472,
  "Minute_5_Fluctuation": 0.0004783078420220742,
  "Minute_10": 0.000000000000009945092179336,
  "Minute_10_Fluctuation": 0.019368791663481107,
  "Hour": 0.0000000000000112942831719514,
  "Hour_Fluctuation": 0.12791988496029202,
  "Day": 0.000000000000011343070544926,
  "Day_Fluctuation": 0.12794965783083007,
  "ThreeDay": 0.000000000000011343070544926,
  "ThreeDay_Fluctuation": 0.12794965783083007,
  "Week": 0.000000000000011343070544926,
  "Week_Fluctuation": 0.12794965783083007,
  "Duration": "01:17:30.9429092",
  "Updated": "2021-01-27T12:38:17.722302Z",
  "Failed": 0,
  "HashRate_Live": 1460288.88064,
  "HashRate_Average": 74421770.66093276,
  "BlockRate_Live": 267.0,
  "BlockRate_Average": 265.7783973249597,
  "Actual24h_Week": 0.0,
  "Estimate24h_Week": 0.0,
  "ErrorRatio": 1.0
}
