{
  "Live": 0.00000000000088,
  "Minute": 0.00000000000088,
  "Minute_Fluctuation": 0.0,
  "Minute_5": 0.000000000000952583476362706,
  "Minute_5_Fluctuation": 0.11677203470638071,
  "Minute_10": 0.00000000000105007354587154,
  "Minute_10_Fluctuation": 0.1667641300456082,
  "Hour": 0.00000000000116760485654261,
  "Hour_Fluctuation": 0.13894525026064303,
  "Day": 0.0000000000011744433802313,
  "Day_Fluctuation": 0.13728256439487146,
  "ThreeDay": 0.0000000000011744433802313,
  "ThreeDay_Fluctuation": 0.13728256439487146,
  "Week": 0.0000000000011744433802313,
  "Week_Fluctuation": 0.13728256439487146,
  "Duration": "01:17:30.9429092",
  "Updated": "2021-01-27T12:38:17.0627554Z",
  "Failed": 0,
  "HashRate_Live": 92191.473008787,
  "HashRate_Average": 328998.9180131518,
  "BlockRate_Live": 2.0,
  "BlockRate_Average": 2.0,
  "Actual24h_Week": 0.0,
  "Estimate24h_Week": 0.0,
  "ErrorRatio": 1.0
}
