{
  "Live": 0.00000000000092,
  "Minute": 0.00000000000092,
  "Minute_Fluctuation": 0.0,
  "Minute_5": 0.00000000000098856334770311,
  "Minute_5_Fluctuation": 0.048887250479481906,
  "Minute_10": 0.000000000000982712099370194,
  "Minute_10_Fluctuation": 0.08043417230370556,
  "Hour": 0.00000000000081323062578548,
  "Hour_Fluctuation": 0.12630388690290012,
  "Day": 0.000000000000806582078953476,
  "Day_Fluctuation": 0.12228557440278287,
  "ThreeDay": 0.000000000000806582078953476,
  "ThreeDay_Fluctuation": 0.12228557440278287,
  "Week": 0.000000000000806582078953476,
  "Week_Fluctuation": 0.12228557440278287,
  "Duration": "01:17:30.9429092",
  "Updated": "2021-01-27T12:38:17.1651705Z",
  "Failed": 0,
  "HashRate_Live": 10755.313937052,
  "HashRate_Average": 3179.6572254947946,
  "BlockRate_Live": 56.0,
  "BlockRate_Average": 58.365580764761994,
  "Actual24h_Week": 0.0,
  "Estimate24h_Week": 0.0,
  "ErrorRatio": 1.0
}
