{
  "Live": 0.00000000000000019737,
  "Minute": 0.00000000000000019737,
  "Minute_Fluctuation": 0.0,
  "Minute_5": 0.0000000000000001981762213352,
  "Minute_5_Fluctuation": 0.01086820307738497,
  "Minute_10": 0.0000000000000002015185095515,
  "Minute_10_Fluctuation": 0.03824375395134237,
  "Hour": 0.0000000000000002202402051633,
  "Hour_Fluctuation": 0.047948248213867145,
  "Day": 0.000000000000000221011964416,
  "Day_Fluctuation": 0.04600197997372434,
  "ThreeDay": 0.000000000000000221011964416,
  "ThreeDay_Fluctuation": 0.04600197997372434,
  "Week": 0.000000000000000221011964416,
  "Week_Fluctuation": 0.04600197997372434,
  "Duration": "01:17:30.9429092",
  "Updated": "2021-01-27T12:38:17.54603Z",
  "Failed": 0,
  "HashRate_Live": 94051766.510114,
  "HashRate_Average": 98624627.40400538,
  "BlockRate_Live": 53.0,
  "BlockRate_Average": 50.3032422247418,
  "Actual24h_Week": 0.0,
  "Estimate24h_Week": 0.0,
  "ErrorRatio": 1.0
}
