{
  "Live": 0.0000000000000000004523,
  "Minute": 0.0000000000000000004523,
  "Minute_Fluctuation": 0.0,
  "Minute_5": 0.0000000000000000005652625537,
  "Minute_5_Fluctuation": 0.28615708163195497,
  "Minute_10": 0.0000000000000000007109505326,
  "Minute_10_Fluctuation": 0.42847114120358887,
  "Hour": 0.0000000000000000007556985213,
  "Hour_Fluctuation": 0.46754133042435386,
  "Day": 0.0000000000000000007556985213,
  "Day_Fluctuation": 0.46754133042435386,
  "ThreeDay": 0.0000000000000000007556985213,
  "ThreeDay_Fluctuation": 0.46754133042435386,
  "Week": 0.0000000000000000007556985213,
  "Week_Fluctuation": 0.46754133042435386,
  "Duration": "00:18:38.3231685",
  "Updated": "2021-01-27T12:38:17.5279483Z",
  "Failed": 0,
  "HashRate_Live": 154564360180.04,
  "HashRate_Average": 142902082148.65833,
  "BlockRate_Live": 855.0,
  "BlockRate_Average": 861.8234956651874,
  "Actual24h_Week": 0.0,
  "Estimate24h_Week": 0.0,
  "ErrorRatio": 1.0
}
