{
  "Live": 0.00000000000139,
  "Minute": 0.00000000000139,
  "Minute_Fluctuation": 0.0,
  "Minute_5": 0.00000000000138023620404232,
  "Minute_5_Fluctuation": 0.05342567837131884,
  "Minute_10": 0.00000000000142337486939199,
  "Minute_10_Fluctuation": 0.06532187180898379,
  "Hour": 0.00000000000131646608182312,
  "Hour_Fluctuation": 0.14629999937317112,
  "Day": 0.00000000000131353097929877,
  "Day_Fluctuation": 0.14814759676292616,
  "ThreeDay": 0.00000000000131353097929877,
  "ThreeDay_Fluctuation": 0.14814759676292616,
  "Week": 0.00000000000131353097929877,
  "Week_Fluctuation": 0.14814759676292616,
  "Duration": "01:17:30.9429092",
  "Updated": "2021-01-27T12:38:17.199665Z",
  "Failed": 0,
  "HashRate_Live": 238012.77086206,
  "HashRate_Average": 147095.7308598959,
  "BlockRate_Live": 94.0,
  "BlockRate_Average": 95.86401479483645,
  "Actual24h_Week": 0.0,
  "Estimate24h_Week": 0.0,
  "ErrorRatio": 1.0
}
