{
  "Live": 0.00000000000000046708,
  "Minute": 0.00000000000000046708,
  "Minute_Fluctuation": 0.0,
  "Minute_5": 0.0000000000000005336180432366,
  "Minute_5_Fluctuation": 0.21485471408734885,
  "Minute_10": 0.000000000000000507887625551,
  "Minute_10_Fluctuation": 0.23979049272211211,
  "Hour": 0.000000000000000497474845334,
  "Hour_Fluctuation": 0.2569821929303945,
  "Day": 0.0000000000000005202555554333,
  "Day_Fluctuation": 0.02071107178330405,
  "ThreeDay": 0.0000000000000005202828273671,
  "ThreeDay_Fluctuation": 0.020179669697298366,
  "Week": 0.0000000000000005202828273671,
  "Week_Fluctuation": 0.020179669697298366,
  "Duration": "1.01:27:41.9766011",
  "Updated": "2021-01-27T12:38:16.7404763Z",
  "Failed": 0,
  "HashRate_Live": 3013114272491.0,
  "HashRate_Average": 2753039336010.1323,
  "BlockRate_Live": 855.0,
  "BlockRate_Average": 856.3073188314698,
  "Actual24h_Week": 0.0000298393046915492,
  "Estimate24h_Week": 0.0000283401787005293,
  "ErrorRatio": 1.01481900109832
}
