{
  "Live": 0.0000000000000000025,
  "Minute": 0.0000000000000000025,
  "Minute_Fluctuation": 0.0,
  "Minute_5": 0.0000000000000000027805973389,
  "Minute_5_Fluctuation": 0.08064913662879758,
  "Minute_10": 0.0000000000000000028635609899,
  "Minute_10_Fluctuation": 0.08269148830250546,
  "Hour": 0.0000000000000000029169641908,
  "Hour_Fluctuation": 0.08554614768933726,
  "Day": 0.0000000000000000029185323113,
  "Day_Fluctuation": 0.08612004960523482,
  "ThreeDay": 0.0000000000000000029185323113,
  "ThreeDay_Fluctuation": 0.08612004960523484,
  "Week": 0.0000000000000000029185323113,
  "Week_Fluctuation": 0.08612004960523482,
  "Duration": "01:17:30.9429092",
  "Updated": "2021-01-27T12:38:17.466458Z",
  "Failed": 0,
  "HashRate_Live": 9162596.8981333,
  "HashRate_Average": 9084258.036481317,
  "BlockRate_Live": 0.0,
  "BlockRate_Average": 0.0,
  "Actual24h_Week": 0.0,
  "Estimate24h_Week": 0.0,
  "ErrorRatio": 1.0
}
