{
  "Live": 0.00000000000000000000056817,
  "Minute": 0.00000000000000000000056817,
  "Minute_Fluctuation": 0.0,
  "Minute_5": 0.0000000000000000000005681695,
  "Minute_5_Fluctuation": 7.114182068542306E-07,
  "Minute_10": 0.0000000000000000000005681005,
  "Minute_10_Fluctuation": 2.8860494386310375E-05,
  "Hour": 0.0000000000000000000005664785,
  "Hour_Fluctuation": 0.0001310759034188819,
  "Day": 0.0000000000000000000005664193,
  "Day_Fluctuation": 0.00012954315844535002,
  "ThreeDay": 0.0000000000000000000005664193,
  "ThreeDay_Fluctuation": 0.00012954315844535002,
  "Week": 0.0000000000000000000005664193,
  "Week_Fluctuation": 0.00012954315844535002,
  "Duration": "01:17:30.9429092",
  "Updated": "2021-01-27T12:25:51.555239Z",
  "Failed": 0,
  "HashRate_Live": 0.0,
  "HashRate_Average": 0.0,
  "BlockRate_Live": 34.0,
  "BlockRate_Average": 34.0,
  "Actual24h_Week": 0.0,
  "Estimate24h_Week": 0.0,
  "ErrorRatio": 1.0
}
