{
  "Live": 0.00000000000000000897,
  "Minute": 0.00000000000000000897,
  "Minute_Fluctuation": 0.0,
  "Minute_5": 0.0000000000000000089707091414,
  "Minute_5_Fluctuation": 0.0006169129498191383,
  "Minute_10": 0.000000000000000008999305301,
  "Minute_10_Fluctuation": 0.011564439383531399,
  "Hour": 0.0000000000000000094539608261,
  "Hour_Fluctuation": 0.03500717850491222,
  "Day": 0.000000000000000009470895103,
  "Day_Fluctuation": 0.03438370977392679,
  "ThreeDay": 0.000000000000000009470895103,
  "ThreeDay_Fluctuation": 0.034383709773926796,
  "Week": 0.000000000000000009470895103,
  "Week_Fluctuation": 0.034383709773926796,
  "Duration": "01:17:30.9429092",
  "Updated": "2021-01-27T12:38:17.5320491Z",
  "Failed": 0,
  "HashRate_Live": 761363189160.78,
  "HashRate_Average": 178654397514.18732,
  "BlockRate_Live": 223.0,
  "BlockRate_Average": 218.58708291938396,
  "Actual24h_Week": 0.0,
  "Estimate24h_Week": 0.0,
  "ErrorRatio": 1.0
}
