{
  "Live": 0.00000000000000001364,
  "Minute": 0.00000000000000001364,
  "Minute_Fluctuation": 0.0,
  "Minute_5": 0.0000000000000000116701967928,
  "Minute_5_Fluctuation": 0.14867171572517943,
  "Minute_10": 0.0000000000000000108842349287,
  "Minute_10_Fluctuation": 0.1434189969997429,
  "Hour": 0.0000000000000000109824903309,
  "Hour_Fluctuation": 0.1627485846860873,
  "Day": 0.0000000000000000109791728165,
  "Day_Fluctuation": 0.16389005612753607,
  "ThreeDay": 0.0000000000000000109791728165,
  "ThreeDay_Fluctuation": 0.16389005612753607,
  "Week": 0.0000000000000000109791728165,
  "Week_Fluctuation": 0.16389005612753607,
  "Duration": "01:17:30.9429092",
  "Updated": "2021-01-27T12:38:17.6364034Z",
  "Failed": 0,
  "HashRate_Live": 7462018913.8398,
  "HashRate_Average": 7059041959.741002,
  "BlockRate_Live": 272.0,
  "BlockRate_Average": 266.79479968936334,
  "Actual24h_Week": 0.0,
  "Estimate24h_Week": 0.0,
  "ErrorRatio": 1.0
}
