{
  "Live": 0.00000000000000001636,
  "Minute": 0.00000000000000001636,
  "Minute_Fluctuation": 0.0,
  "Minute_5": 0.0000000000000000137269356187,
  "Minute_5_Fluctuation": 0.220277889417003,
  "Minute_10": 0.0000000000000000125389072048,
  "Minute_10_Fluctuation": 0.21347890314162796,
  "Hour": 0.0000000000000000134650633209,
  "Hour_Fluctuation": 0.12822537446301682,
  "Day": 0.0000000000000000134898243222,
  "Day_Fluctuation": 0.12621651243943474,
  "ThreeDay": 0.0000000000000000134898243222,
  "ThreeDay_Fluctuation": 0.12621651243943474,
  "Week": 0.0000000000000000134898243222,
  "Week_Fluctuation": 0.12621651243943474,
  "Duration": "01:17:30.9429092",
  "Updated": "2021-01-27T12:38:17.7582194Z",
  "Failed": 0,
  "HashRate_Live": 0.0,
  "HashRate_Average": 0.0,
  "BlockRate_Live": 0.0,
  "BlockRate_Average": 0.0,
  "Actual24h_Week": 0.0,
  "Estimate24h_Week": 0.0,
  "ErrorRatio": 1.0
}
