{
  "Live": 0.00000000000000000039479,
  "Minute": 0.00000000000000000039479,
  "Minute_Fluctuation": 0.0,
  "Minute_5": 0.0000000000000000003784208569,
  "Minute_5_Fluctuation": 0.05677180110623731,
  "Minute_10": 0.000000000000000000363380134,
  "Minute_10_Fluctuation": 0.07230968028745931,
  "Hour": 0.000000000000000000296622663,
  "Hour_Fluctuation": 0.19744111306633486,
  "Day": 0.0000000000000000002939875127,
  "Day_Fluctuation": 0.1948724263731978,
  "ThreeDay": 0.0000000000000000002939875127,
  "ThreeDay_Fluctuation": 0.1948724263731978,
  "Week": 0.0000000000000000002939875127,
  "Week_Fluctuation": 0.1948724263731978,
  "Duration": "01:17:30.9429092",
  "Updated": "2021-01-27T12:38:17.0667863Z",
  "Failed": 0,
  "HashRate_Live": 1310441938448.5,
  "HashRate_Average": 127030742003.65002,
  "BlockRate_Live": 27.0,
  "BlockRate_Average": 26.099263463350216,
  "Actual24h_Week": 0.0,
  "Estimate24h_Week": 0.0,
  "ErrorRatio": 1.0
}
