{
  "Live": 0.00000000000000000000527416,
  "Minute": 0.00000000000000000000527416,
  "Minute_Fluctuation": 0.0,
  "Minute_5": 0.0000000000000000000047303394,
  "Minute_5_Fluctuation": 0.04923485531063258,
  "Minute_10": 0.0000000000000000000046524843,
  "Minute_10_Fluctuation": 0.08409188527202034,
  "Hour": 0.0000000000000000000058606746,
  "Hour_Fluctuation": 0.15338277672841716,
  "Day": 0.0000000000000000000059057742,
  "Day_Fluctuation": 0.1542168693073051,
  "ThreeDay": 0.0000000000000000000059057742,
  "ThreeDay_Fluctuation": 0.1542168693073051,
  "Week": 0.0000000000000000000059057742,
  "Week_Fluctuation": 0.1542168693073051,
  "Duration": "01:17:30.9429092",
  "Updated": "2021-01-27T12:38:17.4135775Z",
  "Failed": 0,
  "HashRate_Live": 10732171737016.0,
  "HashRate_Average": 416625675830491.6,
  "BlockRate_Live": 161.0,
  "BlockRate_Average": 163.25623238644332,
  "Actual24h_Week": 0.0,
  "Estimate24h_Week": 0.0,
  "ErrorRatio": 1.0
}
