{
  "Live": 0.00000000000000000252,
  "Minute": 0.00000000000000000252,
  "Minute_Fluctuation": 0.0,
  "Minute_5": 0.0000000000000000025200064158,
  "Minute_5_Fluctuation": 3.098338798971076E-05,
  "Minute_10": 0.0000000000000000025190885938,
  "Minute_10_Fluctuation": 0.002744787836832101,
  "Hour": 0.00000000000000000243361877,
  "Hour_Fluctuation": 0.05768859417555884,
  "Day": 0.0000000000000000024305962037,
  "Day_Fluctuation": 0.058421596888539096,
  "ThreeDay": 0.0000000000000000024305962037,
  "ThreeDay_Fluctuation": 0.058421596888539096,
  "Week": 0.0000000000000000024305962037,
  "Week_Fluctuation": 0.058421596888539096,
  "Duration": "01:17:30.9429092",
  "Updated": "2021-01-27T12:06:43.5696747Z",
  "Failed": 0,
  "HashRate_Live": 0.0,
  "HashRate_Average": 5758050309.608858,
  "BlockRate_Live": 133.0,
  "BlockRate_Average": 132.66190568325933,
  "Actual24h_Week": 0.0,
  "Estimate24h_Week": 0.0,
  "ErrorRatio": 1.0
}
