{
  "Live": 0.00000000000000000195306,
  "Minute": 0.00000000000000000195306,
  "Minute_Fluctuation": 0.0,
  "Minute_5": 0.0000000000000000020410101155,
  "Minute_5_Fluctuation": 0.03590448105667195,
  "Minute_10": 0.0000000000000000020908553445,
  "Minute_10_Fluctuation": 0.052181265414025915,
  "Hour": 0.0000000000000000019879935144,
  "Hour_Fluctuation": 0.13206033837547032,
  "Day": 0.0000000000000000019857549678,
  "Day_Fluctuation": 0.13521508482539932,
  "ThreeDay": 0.0000000000000000019857549678,
  "ThreeDay_Fluctuation": 0.13521508482539932,
  "Week": 0.0000000000000000019857549678,
  "Week_Fluctuation": 0.13521508482539932,
  "Duration": "01:17:30.9429092",
  "Updated": "2021-01-27T12:38:17.4092217Z",
  "Failed": 0,
  "HashRate_Live": 777149020537.27,
  "HashRate_Average": 2161436233762.0264,
  "BlockRate_Live": 3.0,
  "BlockRate_Average": 3.0,
  "Actual24h_Week": 0.0,
  "Estimate24h_Week": 0.0,
  "ErrorRatio": 1.0
}
