{
  "Live": 0.00000000000124,
  "Minute": 0.00000000000124,
  "Minute_Fluctuation": 0.0,
  "Minute_5": 0.00000000000123574063227232,
  "Minute_5_Fluctuation": 0.012981214778843907,
  "Minute_10": 0.00000000000121669782784923,
  "Minute_10_Fluctuation": 0.03326408216374837,
  "Hour": 0.00000000000116559198738216,
  "Hour_Fluctuation": 0.0296033887880654,
  "Day": 0.00000000000116306251632309,
  "Day_Fluctuation": 0.028358133478862103,
  "ThreeDay": 0.00000000000116306251632309,
  "ThreeDay_Fluctuation": 0.028358133478862103,
  "Week": 0.00000000000116306251632309,
  "Week_Fluctuation": 0.028358133478862103,
  "Duration": "01:17:30.9429092",
  "Updated": "2021-01-27T12:38:17.131412Z",
  "Failed": 0,
  "HashRate_Live": 1967555.3859871,
  "HashRate_Average": 1961327.5605869314,
  "BlockRate_Live": 13.0,
  "BlockRate_Average": 13.0,
  "Actual24h_Week": 0.0,
  "Estimate24h_Week": 0.0,
  "ErrorRatio": 1.0
}
