{
  "Live": 0.00000000000000122,
  "Minute": 0.00000000000000122,
  "Minute_Fluctuation": 0.0,
  "Minute_5": 0.0000000000000011587143590214,
  "Minute_5_Fluctuation": 0.07607865726055382,
  "Minute_10": 0.0000000000000011779661307643,
  "Minute_10_Fluctuation": 0.1025031814015056,
  "Hour": 0.0000000000000016152662761881,
  "Hour_Fluctuation": 0.16031170821587098,
  "Day": 0.000000000000001632395855767,
  "Day_Fluctuation": 0.15520872102556124,
  "ThreeDay": 0.000000000000001632395855767,
  "ThreeDay_Fluctuation": 0.15520872102556124,
  "Week": 0.000000000000001632395855767,
  "Week_Fluctuation": 0.15520872102556124,
  "Duration": "01:17:30.9429092",
  "Updated": "2021-01-27T12:38:17.3326252Z",
  "Failed": 0,
  "HashRate_Live": 178386599.00976,
  "HashRate_Average": 191450081.77527362,
  "BlockRate_Live": 652.0,
  "BlockRate_Average": 656.7376214316065,
  "Actual24h_Week": 0.0,
  "Estimate24h_Week": 0.0,
  "ErrorRatio": 1.0
}
