{
  "Live": 0.00000000000000426,
  "Minute": 0.00000000000000426,
  "Minute_Fluctuation": 0.0,
  "Minute_5": 0.0000000000000042680867959742,
  "Minute_5_Fluctuation": 0.0118479687859596,
  "Minute_10": 0.000000000000004478880923562,
  "Minute_10_Fluctuation": 0.1271390482044009,
  "Hour": 0.0000000000000065076270413454,
  "Hour_Fluctuation": 0.2396739141660412,
  "Day": 0.0000000000000065862737760833,
  "Day_Fluctuation": 0.2357150028812597,
  "ThreeDay": 0.0000000000000065862737760833,
  "ThreeDay_Fluctuation": 0.2357150028812597,
  "Week": 0.0000000000000065862737760833,
  "Week_Fluctuation": 0.2357150028812597,
  "Duration": "01:17:30.9429092",
  "Updated": "2021-01-27T12:38:17.5197721Z",
  "Failed": 0,
  "HashRate_Live": 827675.98931501,
  "HashRate_Average": 1386235.90975087,
  "BlockRate_Live": 107.0,
  "BlockRate_Average": 106.56080425846565,
  "Actual24h_Week": 0.0,
  "Estimate24h_Week": 0.0,
  "ErrorRatio": 1.0
}
