{
  "Live": 0.00000000040919,
  "Minute": 0.00000000040919,
  "Minute_Fluctuation": 0.0,
  "Minute_5": 0.00000000045406261030862,
  "Minute_5_Fluctuation": 0.1066098582860419,
  "Minute_10": 0.000000000497569934958848,
  "Minute_10_Fluctuation": 0.13276302282097138,
  "Hour": 0.000000000592773855692086,
  "Hour_Fluctuation": 0.09543124949715592,
  "Day": 0.000000000597105964912369,
  "Day_Fluctuation": 0.09103479070594182,
  "ThreeDay": 0.000000000597105964912369,
  "ThreeDay_Fluctuation": 0.09103479070594182,
  "Week": 0.000000000597105964912369,
  "Week_Fluctuation": 0.09103479070594182,
  "Duration": "01:17:30.9429092",
  "Updated": "2021-01-27T12:38:17.6928876Z",
  "Failed": 0,
  "HashRate_Live": 899.25877720051,
  "HashRate_Average": 1062.8720643337463,
  "BlockRate_Live": 143.0,
  "BlockRate_Average": 145.46974792964144,
  "Actual24h_Week": 0.0,
  "Estimate24h_Week": 0.0,
  "ErrorRatio": 1.0
}
