{
  "Live": 0.0000000000000000003674,
  "Minute": 0.0000000000000000003674,
  "Minute_Fluctuation": 0.0,
  "Minute_5": 0.0000000000000000003675623618,
  "Minute_5_Fluctuation": 0.0031446853226946504,
  "Minute_10": 0.0000000000000000003717638646,
  "Minute_10_Fluctuation": 0.044110005075175776,
  "Hour": 0.0000000000000000003569254332,
  "Hour_Fluctuation": 0.19020236668704288,
  "Day": 0.0000000000000000003565589176,
  "Day_Fluctuation": 0.19579507597096998,
  "ThreeDay": 0.0000000000000000003565589176,
  "ThreeDay_Fluctuation": 0.19579507597096998,
  "Week": 0.0000000000000000003565589176,
  "Week_Fluctuation": 0.19579507597096998,
  "Duration": "01:17:30.9429092",
  "Updated": "2021-01-27T12:34:09.1332173Z",
  "Failed": 0,
  "HashRate_Live": 0.0,
  "HashRate_Average": 1216745040081.4714,
  "BlockRate_Live": 23.0,
  "BlockRate_Average": 22.801360046820566,
  "Actual24h_Week": 0.0,
  "Estimate24h_Week": 0.0,
  "ErrorRatio": 1.0
}
