{
  "Live": 0.00000000000000000000671,
  "Minute": 0.00000000000000000000671,
  "Minute_Fluctuation": 0.0,
  "Minute_5": 0.000000000000000000006534556,
  "Minute_5_Fluctuation": 0.028481765185206953,
  "Minute_10": 0.0000000000000000000063010413,
  "Minute_10_Fluctuation": 0.039820288633445874,
  "Hour": 0.0000000000000000000056106727,
  "Hour_Fluctuation": 0.04436988602120329,
  "Day": 0.0000000000000000000055816982,
  "Day_Fluctuation": 0.04283685666644348,
  "ThreeDay": 0.0000000000000000000055816982,
  "ThreeDay_Fluctuation": 0.04283685666644348,
  "Week": 0.0000000000000000000055816982,
  "Week_Fluctuation": 0.04283685666644348,
  "Duration": "01:17:30.9429092",
  "Updated": "2021-01-27T12:38:17.8182491Z",
  "Failed": 0,
  "HashRate_Live": 2191986381.1342,
  "HashRate_Average": 939205159656.385,
  "BlockRate_Live": 10.0,
  "BlockRate_Average": 10.304102177604122,
  "Actual24h_Week": 0.0,
  "Estimate24h_Week": 0.0,
  "ErrorRatio": 1.0
}
