{
  "Live": 0.0,
  "Minute": 0.0,
  "Minute_Fluctuation": 0.0,
  "Minute_5": 0.0000000000000000000000465151,
  "Minute_5_Fluctuation": 0.03270637038459097,
  "Minute_10": 0.0000000000000000024836767197,
  "Minute_10_Fluctuation": 0.9999144739421602,
  "Hour": 0.0000000000000066313673205328,
  "Hour_Fluctuation": 0.7716471308356456,
  "Day": 0.0000000000000273234603399924,
  "Day_Fluctuation": 0.05910949242450356,
  "ThreeDay": 0.0000000000000273715788197065,
  "ThreeDay_Fluctuation": 0.057452519982555864,
  "Week": 0.0000000000000273715788197065,
  "Week_Fluctuation": 0.057452519982555864,
  "Duration": "1.01:27:41.9766011",
  "Updated": "2021-01-27T12:38:16.6500646Z",
  "Failed": 0,
  "HashRate_Live": 263882791.0,
  "HashRate_Average": 1384570206.2982485,
  "BlockRate_Live": 59.0,
  "BlockRate_Average": 61.17384843408015,
  "Actual24h_Week": 0.00000166740263238206,
  "Estimate24h_Week": 0.00000102306373203087,
  "ErrorRatio": 1.06090250695718
}
