{
  "Live": 0.00000000000000000013287,
  "Minute": 0.00000000000000000013287,
  "Minute_Fluctuation": 0.0,
  "Minute_5": 0.0000000000000000001226419621,
  "Minute_5_Fluctuation": 0.11331086474858508,
  "Minute_10": 0.0000000000000000001121766775,
  "Minute_10_Fluctuation": 0.27590236133874024,
  "Hour": 0.0000000000000000001256393943,
  "Hour_Fluctuation": 0.21795216960241995,
  "Day": 0.0000000000000000001257317115,
  "Day_Fluctuation": 0.223875647336968,
  "ThreeDay": 0.0000000000000000001257317115,
  "ThreeDay_Fluctuation": 0.223875647336968,
  "Week": 0.0000000000000000001257317115,
  "Week_Fluctuation": 0.22387564733696796,
  "Duration": "01:17:30.9429092",
  "Updated": "2021-01-27T12:38:17.8528147Z",
  "Failed": 0,
  "HashRate_Live": 101301671305.76,
  "HashRate_Average": 206375547304.18567,
  "BlockRate_Live": 0.0,
  "BlockRate_Average": 0.0,
  "Actual24h_Week": 0.0,
  "Estimate24h_Week": 0.0,
  "ErrorRatio": 1.0
}
