{
  "Live": 0.00000000000000030116,
  "Minute": 0.00000000000000030116,
  "Minute_Fluctuation": 0.0,
  "Minute_5": 0.0000000000000003027685001613,
  "Minute_5_Fluctuation": 0.007811074132693684,
  "Minute_10": 0.0000000000000003037028925214,
  "Minute_10_Fluctuation": 0.013663440930148523,
  "Hour": 0.0000000000000003217407476581,
  "Hour_Fluctuation": 0.06774830141520834,
  "Day": 0.0000000000000003223765443669,
  "Day_Fluctuation": 0.06806422206189375,
  "ThreeDay": 0.0000000000000003223765443669,
  "ThreeDay_Fluctuation": 0.06806422206189376,
  "Week": 0.0000000000000003223765443669,
  "Week_Fluctuation": 0.06806422206189375,
  "Duration": "01:17:30.9429092",
  "Updated": "2021-01-27T12:38:17.8355252Z",
  "Failed": 0,
  "HashRate_Live": 545178065.94523,
  "HashRate_Average": 514760367.31329346,
  "BlockRate_Live": 357.0,
  "BlockRate_Average": 354.76805544776346,
  "Actual24h_Week": 0.0,
  "Estimate24h_Week": 0.0,
  "ErrorRatio": 1.0
}
