{
  "Live": 0.00000000000000000013382,
  "Minute": 0.00000000000000000013382,
  "Minute_Fluctuation": 0.0,
  "Minute_5": 0.0000000000000000001338200187,
  "Minute_5_Fluctuation": 2.540562341272195E-06,
  "Minute_10": 0.0000000000000000001339413926,
  "Minute_10_Fluctuation": 0.006407750479791469,
  "Hour": 0.0000000000000000001524180933,
  "Hour_Fluctuation": 0.24415051874809643,
  "Day": 0.0000000000000000001530688593,
  "Day_Fluctuation": 0.24829860748254862,
  "ThreeDay": 0.0000000000000000001530688593,
  "ThreeDay_Fluctuation": 0.24829860748254862,
  "Week": 0.0000000000000000001530688593,
  "Week_Fluctuation": 0.24829860748254862,
  "Duration": "01:17:30.9429092",
  "Updated": "2021-01-27T12:38:17.0433506Z",
  "Failed": 0,
  "HashRate_Live": 6919593177.4703,
  "HashRate_Average": 124277093312.5373,
  "BlockRate_Live": 208.0,
  "BlockRate_Average": 207.7651770828911,
  "Actual24h_Week": 0.0,
  "Estimate24h_Week": 0.0,
  "ErrorRatio": 1.0
}
