{
  "Live": 0.00000000000000000001003,
  "Minute": 0.00000000000000000001003,
  "Minute_Fluctuation": 0.0,
  "Minute_5": 0.000000000000000000008508649,
  "Minute_5_Fluctuation": 0.09077694726567456,
  "Minute_10": 0.0000000000000000000080757045,
  "Minute_10_Fluctuation": 0.07449758978192847,
  "Hour": 0.0000000000000000000070332588,
  "Hour_Fluctuation": 0.10231004464307394,
  "Day": 0.0000000000000000000069932022,
  "Day_Fluctuation": 0.10156057812556768,
  "ThreeDay": 0.0000000000000000000069932022,
  "ThreeDay_Fluctuation": 0.10156057812556768,
  "Week": 0.0000000000000000000069932022,
  "Week_Fluctuation": 0.10156057812556767,
  "Duration": "01:17:30.9429092",
  "Updated": "2021-01-27T12:38:17.8426442Z",
  "Failed": 0,
  "HashRate_Live": 7007759349862.9,
  "HashRate_Average": 1488185979637.9795,
  "BlockRate_Live": 0.0,
  "BlockRate_Average": 0.0,
  "Actual24h_Week": 0.0,
  "Estimate24h_Week": 0.0,
  "ErrorRatio": 1.0
}
