{
  "Live": 0.00000000000000010771,
  "Minute": 0.00000000000000010771,
  "Minute_Fluctuation": 0.0,
  "Minute_5": 0.0000000000000001015187575755,
  "Minute_5_Fluctuation": 0.08417861771038469,
  "Minute_10": 0.0000000000000000993513447713,
  "Minute_10_Fluctuation": 0.09715275518936976,
  "Hour": 0.0000000000000000949916335866,
  "Hour_Fluctuation": 0.08494715061659139,
  "Day": 0.0000000000000000948729033378,
  "Day_Fluctuation": 0.08461718534760314,
  "ThreeDay": 0.0000000000000000948729033378,
  "ThreeDay_Fluctuation": 0.08461718534760314,
  "Week": 0.0000000000000000948729033378,
  "Week_Fluctuation": 0.08461718534760314,
  "Duration": "01:17:30.9429092",
  "Updated": "2021-01-27T12:38:17.3743206Z",
  "Failed": 0,
  "HashRate_Live": 571058851.67616,
  "HashRate_Average": 249686920.355274,
  "BlockRate_Live": 632.0,
  "BlockRate_Average": 633.2966089731167,
  "Actual24h_Week": 0.0,
  "Estimate24h_Week": 0.0,
  "ErrorRatio": 1.0
}
