{
  "Live": 0.00000000123,
  "Minute": 0.00000000123,
  "Minute_Fluctuation": 0.0,
  "Minute_5": 0.00000000122206210784808,
  "Minute_5_Fluctuation": 0.024295425493717826,
  "Minute_10": 0.00000000119590565145959,
  "Minute_10_Fluctuation": 0.05153385915606329,
  "Hour": 0.00000000109541539022974,
  "Hour_Fluctuation": 0.0911977208437926,
  "Day": 0.000000000914707668510466,
  "Day_Fluctuation": 0.01573615425687058,
  "ThreeDay": 0.000000000914288452512153,
  "ThreeDay_Fluctuation": 0.015303786366731699,
  "Week": 0.000000000914288452512153,
  "Week_Fluctuation": 0.015303786366731699,
  "Duration": "1.01:27:41.9766011",
  "Updated": "2021-01-27T12:38:16.8783551Z",
  "Failed": 0,
  "HashRate_Live": 2006339.0,
  "HashRate_Average": 2025193.811258793,
  "BlockRate_Live": 177.0,
  "BlockRate_Average": 175.9058163234551,
  "Actual24h_Week": 0.0000000524069923808696,
  "Estimate24h_Week": 0.0000000437440639461951,
  "ErrorRatio": 1.05547904539446
}
