{
  "Live": 0.00000000000000007024,
  "Minute": 0.00000000000000007024,
  "Minute_Fluctuation": 0.0,
  "Minute_5": 0.0000000000000000656559940653,
  "Minute_5_Fluctuation": 0.05899728765327736,
  "Minute_10": 0.0000000000000000645107243647,
  "Minute_10_Fluctuation": 0.05863362462330166,
  "Hour": 0.0000000000000000680960746816,
  "Hour_Fluctuation": 0.05659272226486404,
  "Day": 0.0000000000000000682316288206,
  "Day_Fluctuation": 0.05600763005064472,
  "ThreeDay": 0.0000000000000000682316288206,
  "ThreeDay_Fluctuation": 0.05600763005064471,
  "Week": 0.0000000000000000682316288206,
  "Week_Fluctuation": 0.05600763005064473,
  "Duration": "01:17:30.9429092",
  "Updated": "2021-01-27T12:38:17.8319023Z",
  "Failed": 0,
  "HashRate_Live": 0.0,
  "HashRate_Average": 178743917.96142516,
  "BlockRate_Live": 36.0,
  "BlockRate_Average": 35.772343178154436,
  "Actual24h_Week": 0.0,
  "Estimate24h_Week": 0.0,
  "ErrorRatio": 1.0
}
