{
  "Live": 0.00000000000000573,
  "Minute": 0.00000000000000573,
  "Minute_Fluctuation": 0.0,
  "Minute_5": 0.0000000000000057363035760734,
  "Minute_5_Fluctuation": 0.0005990278299794267,
  "Minute_10": 0.0000000000000057383829622095,
  "Minute_10_Fluctuation": 0.0005537595131283337,
  "Hour": 0.0000000000000057442796160621,
  "Hour_Fluctuation": 0.001058253954329025,
  "Day": 0.0000000000000057446632942222,
  "Day_Fluctuation": 0.0010523404829654503,
  "ThreeDay": 0.0000000000000057446632942222,
  "ThreeDay_Fluctuation": 0.0010523404829654503,
  "Week": 0.0000000000000057446632942222,
  "Week_Fluctuation": 0.0010523404829654503,
  "Duration": "01:23:48.5435650",
  "Updated": "2021-01-27T12:38:16.3968492Z",
  "Failed": 0,
  "HashRate_Live": 99363782.0,
  "HashRate_Average": 78355333.44064763,
  "BlockRate_Live": 0.0,
  "BlockRate_Average": 0.0,
  "Actual24h_Week": 0.0,
  "Estimate24h_Week": 0.00000574396947965034,
  "ErrorRatio": 0.983440347464336
}
