{
  "Live": 0.00000101676,
  "Minute": 0.00000101676,
  "Minute_Fluctuation": 0.0,
  "Minute_5": 0.000000968058196357008,
  "Minute_5_Fluctuation": 0.053999862581686514,
  "Minute_10": 0.000000978971434507934,
  "Minute_10_Fluctuation": 0.06028758326566573,
  "Hour": 0.00000098184284705342,
  "Hour_Fluctuation": 0.05577223854499444,
  "Day": 0.000000905355020611641,
  "Day_Fluctuation": 0.0071978071119094995,
  "ThreeDay": 0.000000905179810192515,
  "ThreeDay_Fluctuation": 0.007017193383420724,
  "Week": 0.000000905179810192515,
  "Week_Fluctuation": 0.007017193383420724,
  "Duration": "1.01:27:41.9766011",
  "Updated": "2021-01-27T12:38:16.2727184Z",
  "Failed": 0,
  "HashRate_Live": 5171.856,
  "HashRate_Average": 5512.999349397833,
  "BlockRate_Live": 98.0,
  "BlockRate_Average": 96.4832624815323,
  "Actual24h_Week": 0.0000529187444090811,
  "Estimate24h_Week": 0.0000568451453151369,
  "ErrorRatio": 0.980649836406159
}
