{
  "Live": 0.00000000000000028,
  "Minute": 0.00000000000000028,
  "Minute_Fluctuation": 0.0,
  "Minute_5": 0.0000000000000017956855166862,
  "Minute_5_Fluctuation": 0.8683856105510767,
  "Minute_10": 0.0000000000000068618676648925,
  "Minute_10_Fluctuation": 0.7775703629546081,
  "Hour": 0.0000000000000095325145014584,
  "Hour_Fluctuation": 0.7025713097655386,
  "Day": 0.0000000000000095325145014584,
  "Day_Fluctuation": 0.7025713097655386,
  "ThreeDay": 0.0000000000000095325145014584,
  "ThreeDay_Fluctuation": 0.7025713097655386,
  "Week": 0.0000000000000095325145014584,
  "Week_Fluctuation": 0.7025713097655386,
  "Duration": "00:20:42.7414920",
  "Updated": "2021-01-27T12:38:17.126707Z",
  "Failed": 0,
  "HashRate_Live": 69166038.802323,
  "HashRate_Average": 219166583.6128841,
  "BlockRate_Live": 117.0,
  "BlockRate_Average": 115.15949146810993,
  "Actual24h_Week": 0.0,
  "Estimate24h_Week": 0.0,
  "ErrorRatio": 1.0
}
