{
  "Live": 0.00000000000000000027102,
  "Minute": 0.00000000000000000027102,
  "Minute_Fluctuation": 0.0,
  "Minute_5": 0.0000000000000000002710195715,
  "Minute_5_Fluctuation": 1.5051984019218312E-05,
  "Minute_10": 0.0000000000000000002709858056,
  "Minute_10_Fluctuation": 0.0005148493351398937,
  "Hour": 0.0000000000000000002702112248,
  "Hour_Fluctuation": 0.0023120975026432464,
  "Day": 0.000000000000000000270182925,
  "Day_Fluctuation": 0.0022847183621265577,
  "ThreeDay": 0.000000000000000000270182925,
  "ThreeDay_Fluctuation": 0.0022847183621265577,
  "Week": 0.000000000000000000270182925,
  "Week_Fluctuation": 0.0022847183621265577,
  "Duration": "01:17:30.9429092",
  "Updated": "2021-01-27T12:06:41.860739Z",
  "Failed": 0,
  "HashRate_Live": 0.0,
  "HashRate_Average": 611629468.0312907,
  "BlockRate_Live": 65.0,
  "BlockRate_Average": 64.93346995873512,
  "Actual24h_Week": 0.0,
  "Estimate24h_Week": 0.0,
  "ErrorRatio": 1.0
}
