{
  "Live": 0.00000000000000000000445566,
  "Minute": 0.00000000000000000000445566,
  "Minute_Fluctuation": 0.0,
  "Minute_5": 0.0000000000000000000043547719,
  "Minute_5_Fluctuation": 0.008709632344064045,
  "Minute_10": 0.0000000000000000000043931542,
  "Minute_10_Fluctuation": 0.020238003209740986,
  "Hour": 0.0000000000000000000048098939,
  "Hour_Fluctuation": 0.04178860961202008,
  "Day": 0.00000000000000000000482685,
  "Day_Fluctuation": 0.0415121474993547,
  "ThreeDay": 0.00000000000000000000482685,
  "ThreeDay_Fluctuation": 0.0415121474993547,
  "Week": 0.00000000000000000000482685,
  "Week_Fluctuation": 0.0415121474993547,
  "Duration": "01:17:30.9429092",
  "Updated": "2021-01-27T12:38:17.6673091Z",
  "Failed": 0,
  "HashRate_Live": 0.0,
  "HashRate_Average": 972066734.1474203,
  "BlockRate_Live": 0.0,
  "BlockRate_Average": 0.0,
  "Actual24h_Week": 0.0,
  "Estimate24h_Week": 0.0,
  "ErrorRatio": 1.0
}
