{
  "Live": 0.00000000001117,
  "Minute": 0.00000000001117,
  "Minute_Fluctuation": 0.0,
  "Minute_5": 0.0000000000113748132400831,
  "Minute_5_Fluctuation": 0.024365909646579482,
  "Minute_10": 0.0000000000112545539403975,
  "Minute_10_Fluctuation": 0.04086331921455375,
  "Hour": 0.0000000000117339061917343,
  "Hour_Fluctuation": 0.0829753687907722,
  "Day": 0.0000000000125194256036758,
  "Day_Fluctuation": 0.008675799505318419,
  "ThreeDay": 0.0000000000125214354062599,
  "ThreeDay_Fluctuation": 0.008473581368679489,
  "Week": 0.0000000000125214354062599,
  "Week_Fluctuation": 0.008473581368679489,
  "Duration": "1.01:27:41.9766011",
  "Updated": "2021-01-27T12:38:16.5096573Z",
  "Failed": 0,
  "HashRate_Live": 101277566.0,
  "HashRate_Average": 175477963.36591738,
  "BlockRate_Live": 363.0,
  "BlockRate_Average": 356.9353642014867,
  "Actual24h_Week": 0.000000741747692156423,
  "Estimate24h_Week": 0.000000749998534537192,
  "ErrorRatio": 0.996918080741353
}
