{
  "Live": 0.00000000000000556,
  "Minute": 0.00000000000000556,
  "Minute_Fluctuation": 0.0,
  "Minute_5": 0.0000000000000056526022124017,
  "Minute_5_Fluctuation": 0.010736280705381683,
  "Minute_10": 0.0000000000000056581370232274,
  "Minute_10_Fluctuation": 0.01924988062033243,
  "Hour": 0.0000000000000052481442429549,
  "Hour_Fluctuation": 0.07325682973741782,
  "Day": 0.0000000000000047077033219356,
  "Day_Fluctuation": 0.008196597667934973,
  "ThreeDay": 0.0000000000000047063551227405,
  "ThreeDay_Fluctuation": 0.007918654519047733,
  "Week": 0.0000000000000047063551227405,
  "Week_Fluctuation": 0.00791865451904773,
  "Duration": "1.01:27:41.9766011",
  "Updated": "2021-01-27T12:38:16.7090612Z",
  "Failed": 0,
  "HashRate_Live": 1481474637188.0,
  "HashRate_Average": 1482297245758.867,
  "BlockRate_Live": 69.0,
  "BlockRate_Average": 68.93869336805989,
  "Actual24h_Week": 0.000000270285971363016,
  "Estimate24h_Week": 0.000000346645226648755,
  "ErrorRatio": 0.938289389809852
}
