{
  "Live": 0.00000000099,
  "Minute": 0.00000000099,
  "Minute_Fluctuation": 0.0,
  "Minute_5": 0.00000000111063598938233,
  "Minute_5_Fluctuation": 0.08308884692844132,
  "Minute_10": 0.00000000117391234505186,
  "Minute_10_Fluctuation": 0.09351408786004543,
  "Hour": 0.00000000104688033070094,
  "Hour_Fluctuation": 0.3403588269278129,
  "Day": 0.000000000504600116151307,
  "Day_Fluctuation": 0.08985366685778615,
  "ThreeDay": 0.000000000503326423143183,
  "ThreeDay_Fluctuation": 0.0874773275225161,
  "Week": 0.000000000503326423143183,
  "Week_Fluctuation": 0.0874773275225161,
  "Duration": "1.01:27:41.9766011",
  "Updated": "2021-01-27T12:38:16.2587047Z",
  "Failed": 0,
  "HashRate_Live": 1145555.468,
  "HashRate_Average": 1331058.1177027172,
  "BlockRate_Live": 446.0,
  "BlockRate_Average": 413.59078902177833,
  "Actual24h_Week": 0.0000000303269711058508,
  "Estimate24h_Week": 0.0,
  "ErrorRatio": 1.0
}
