{
  "Live": 0.00000000000000007644,
  "Minute": 0.00000000000000007644,
  "Minute_Fluctuation": 0.0,
  "Minute_5": 0.0000000000000000487302042644,
  "Minute_5_Fluctuation": 0.5344813013710119,
  "Minute_10": 0.0000000000000000403707403563,
  "Minute_10_Fluctuation": 0.41497808086517346,
  "Hour": 0.0000000000000000446276128283,
  "Hour_Fluctuation": 0.2721250399126729,
  "Day": 0.0000000000000000447383926492,
  "Day_Fluctuation": 0.2672279877385321,
  "ThreeDay": 0.0000000000000000447383926492,
  "ThreeDay_Fluctuation": 0.2672279877385321,
  "Week": 0.0000000000000000447383926492,
  "Week_Fluctuation": 0.2672279877385321,
  "Duration": "01:17:30.9429092",
  "Updated": "2021-01-27T12:38:17.2646182Z",
  "Failed": 0,
  "HashRate_Live": 34855001.7843,
  "HashRate_Average": 33823006.557357885,
  "BlockRate_Live": 386.0,
  "BlockRate_Average": 387.1966084151393,
  "Actual24h_Week": 0.0,
  "Estimate24h_Week": 0.0,
  "ErrorRatio": 1.0
}
