{
  "Live": 0.00000000000000083635,
  "Minute": 0.00000000000000083635,
  "Minute_Fluctuation": 0.0,
  "Minute_5": 0.000000000000001167909029148,
  "Minute_5_Fluctuation": 0.1874930798572813,
  "Minute_10": 0.0000000000000013668972210908,
  "Minute_10_Fluctuation": 0.21728055609022645,
  "Hour": 0.000000000000003354975431276,
  "Hour_Fluctuation": 0.4806036921693752,
  "Day": 0.0000000000000082579738898558,
  "Day_Fluctuation": 0.04631877089009083,
  "ThreeDay": 0.0000000000000082693513192977,
  "ThreeDay_Fluctuation": 0.045020979556508446,
  "Week": 0.0000000000000082693513192977,
  "Week_Fluctuation": 0.045020979556508446,
  "Duration": "1.01:27:41.9766011",
  "Updated": "2021-01-27T12:38:16.5854021Z",
  "Failed": 0,
  "HashRate_Live": 397180836746.0,
  "HashRate_Average": 343708600199.8299,
  "BlockRate_Live": 11.0,
  "BlockRate_Average": 11.375216102861254,
  "Actual24h_Week": 0.000467991825343176,
  "Estimate24h_Week": 0.000118306322812806,
  "ErrorRatio": 1.06090250695718
}
