{
  "Live": 0.00000000000381,
  "Minute": 0.00000000000381,
  "Minute_Fluctuation": 0.0,
  "Minute_5": 0.0000000000038100000198763,
  "Minute_5_Fluctuation": 1.0330298631021966E-07,
  "Minute_10": 0.00000000000381014799440286,
  "Minute_10_Fluctuation": 0.00032879435454359276,
  "Hour": 0.00000000000386169347622851,
  "Hour_Fluctuation": 0.020502459716730908,
  "Day": 0.00000000000391747872057553,
  "Day_Fluctuation": 0.0021003683909400586,
  "ThreeDay": 0.00000000000391764795370116,
  "ThreeDay_Fluctuation": 0.0020532793629370726,
  "Week": 0.00000000000391764795370116,
  "Week_Fluctuation": 0.0020532793629370726,
  "Duration": "1.01:27:41.9766011",
  "Updated": "2021-01-27T12:38:16.4574549Z",
  "Failed": 0,
  "HashRate_Live": 84385685.0,
  "HashRate_Average": 69727518.6884792,
  "BlockRate_Live": 84.0,
  "BlockRate_Average": 83.44119774868382,
  "Actual24h_Week": 0.000000234248123291865,
  "Estimate24h_Week": 0.000000268958880188882,
  "ErrorRatio": 0.963845565182171
}
