{
  "Live": 0.00000000000000000258,
  "Minute": 0.00000000000000000258,
  "Minute_Fluctuation": 0.0,
  "Minute_5": 0.00000000000000000350616185,
  "Minute_5_Fluctuation": 0.1798192574902048,
  "Minute_10": 0.0000000000000000037673394228,
  "Minute_10_Fluctuation": 0.1601800080979835,
  "Hour": 0.0000000000000000032659270944,
  "Hour_Fluctuation": 0.18920285792106084,
  "Day": 0.0000000000000000032476052251,
  "Day_Fluctuation": 0.18667166218363399,
  "ThreeDay": 0.0000000000000000032476052251,
  "ThreeDay_Fluctuation": 0.18667166218363399,
  "Week": 0.0000000000000000032476052251,
  "Week_Fluctuation": 0.18667166218363387,
  "Duration": "01:17:30.9429092",
  "Updated": "2021-01-27T12:38:17.8464758Z",
  "Failed": 0,
  "HashRate_Live": 101156673209.85,
  "HashRate_Average": 99277166166.73938,
  "BlockRate_Live": 5.0,
  "BlockRate_Average": 4.237730476625818,
  "Actual24h_Week": 0.0,
  "Estimate24h_Week": 0.0,
  "ErrorRatio": 1.0
}
