{
  "Live": 0.00000000000000000106508,
  "Minute": 0.00000000000000000106508,
  "Minute_Fluctuation": 0.0,
  "Minute_5": 0.0000000000000000010575011157,
  "Minute_5_Fluctuation": 0.09025567162577296,
  "Minute_10": 0.0000000000000000010720799473,
  "Minute_10_Fluctuation": 0.157655648705242,
  "Hour": 0.0000000000000000015819331273,
  "Hour_Fluctuation": 0.4611431845704799,
  "Day": 0.0000000000000000016014114329,
  "Day_Fluctuation": 0.46486742960420074,
  "ThreeDay": 0.0000000000000000016014114329,
  "ThreeDay_Fluctuation": 0.4648674296042008,
  "Week": 0.0000000000000000016014114329,
  "Week_Fluctuation": 0.46486742960420074,
  "Duration": "01:17:30.9429092",
  "Updated": "2021-01-27T12:38:17.2370397Z",
  "Failed": 0,
  "HashRate_Live": 215734971243.76,
  "HashRate_Average": 266741016274.26953,
  "BlockRate_Live": 0.0,
  "BlockRate_Average": 0.0,
  "Actual24h_Week": 0.0,
  "Estimate24h_Week": 0.0,
  "ErrorRatio": 1.0
}
