{
  "Live": 0.00000000000085829,
  "Minute": 0.00000000000085829,
  "Minute_Fluctuation": 0.0,
  "Minute_5": 0.000000000000859699253068586,
  "Minute_5_Fluctuation": 0.0060772995006907644,
  "Minute_10": 0.000000000000868219623754753,
  "Minute_10_Fluctuation": 0.02459309223776729,
  "Hour": 0.000000000000955792905162442,
  "Hour_Fluctuation": 0.07624298302323486,
  "Day": 0.000000000000959180527723475,
  "Day_Fluctuation": 0.07525412237784604,
  "ThreeDay": 0.000000000000959180527723475,
  "ThreeDay_Fluctuation": 0.07525412237784604,
  "Week": 0.000000000000959180527723475,
  "Week_Fluctuation": 0.07525412237784604,
  "Duration": "01:17:30.9429092",
  "Updated": "2021-01-27T12:38:17.7938026Z",
  "Failed": 0,
  "HashRate_Live": 818280.74770446,
  "HashRate_Average": 988944.3284744982,
  "BlockRate_Live": 58.0,
  "BlockRate_Average": 58.11588424653426,
  "Actual24h_Week": 0.0,
  "Estimate24h_Week": 0.0,
  "ErrorRatio": 1.0
}
