{
  "Live": 0.00000000000001364,
  "Minute": 0.00000000000001364,
  "Minute_Fluctuation": 0.0,
  "Minute_5": 0.000000000000013845863206542,
  "Minute_5_Fluctuation": 0.010916506939867315,
  "Minute_10": 0.0000000000000138422382316078,
  "Minute_10_Fluctuation": 0.011401804022245358,
  "Hour": 0.0000000000000136822386901772,
  "Hour_Fluctuation": 0.005365980212328968,
  "Day": 0.0000000000000136746339583123,
  "Day_Fluctuation": 0.0049115373821845415,
  "ThreeDay": 0.0000000000000136746339583123,
  "ThreeDay_Fluctuation": 0.0049115373821845415,
  "Week": 0.0000000000000136746339583123,
  "Week_Fluctuation": 0.004911537382184542,
  "Duration": "01:17:30.9429092",
  "Updated": "2021-01-27T12:38:17.2797515Z",
  "Failed": 0,
  "HashRate_Live": 449920158085.94,
  "HashRate_Average": 543911714613081.2,
  "BlockRate_Live": 0.0,
  "BlockRate_Average": 0.0,
  "Actual24h_Week": 0.0,
  "Estimate24h_Week": 0.0,
  "ErrorRatio": 1.0
}
