{
  "Live": 0.00000000000000031,
  "Minute": 0.00000000000000031,
  "Minute_Fluctuation": 0.0,
  "Minute_5": 0.0000000000000003102445915007,
  "Minute_5_Fluctuation": 0.0038864227607938416,
  "Minute_10": 0.0000000000000003127988481934,
  "Minute_10_Fluctuation": 0.023445185379177648,
  "Hour": 0.0000000000000004655836180161,
  "Hour_Fluctuation": 0.338601480597556,
  "Day": 0.0000000000000008405214194629,
  "Day_Fluctuation": 0.035602510617394986,
  "ThreeDay": 0.0000000000000008414229223562,
  "ThreeDay_Fluctuation": 0.03458006820512906,
  "Week": 0.0000000000000008414229223562,
  "Week_Fluctuation": 0.03458006820512906,
  "Duration": "1.01:27:41.9766011",
  "Updated": "2021-01-27T12:38:16.5704033Z",
  "Failed": 0,
  "HashRate_Live": 1403270040.0,
  "HashRate_Average": 1483307688.9682724,
  "BlockRate_Live": 28.0,
  "BlockRate_Average": 27.718834154914823,
  "Actual24h_Week": 0.000000052998140686539,
  "Estimate24h_Week": 0.0000000197235063381406,
  "ErrorRatio": 1.06090250695718
}
