{
  "Live": 0.00000000000000000016684,
  "Minute": 0.00000000000000000016684,
  "Minute_Fluctuation": 0.0,
  "Minute_5": 0.00000000000000000016684,
  "Minute_5_Fluctuation": 0.0,
  "Minute_10": 0.00000000000000000016684,
  "Minute_10_Fluctuation": 0.0,
  "Hour": 0.00000000000000000016684,
  "Hour_Fluctuation": 0.0,
  "Day": 0.00000000000000000016684,
  "Day_Fluctuation": 0.0,
  "ThreeDay": 0.00000000000000000016684,
  "ThreeDay_Fluctuation": 0.0,
  "Week": 0.00000000000000000016684,
  "Week_Fluctuation": 0.0,
  "Duration": "01:17:30.9429092",
  "Updated": "2021-01-27T11:23:00.4529726Z",
  "Failed": 0,
  "HashRate_Live": 0.0,
  "HashRate_Average": 0.0,
  "BlockRate_Live": 110.0,
  "BlockRate_Average": 114.7487205288962,
  "Actual24h_Week": 0.0,
  "Estimate24h_Week": 0.0,
  "ErrorRatio": 1.0
}
