{
  "Live": 0.00000000000152,
  "Minute": 0.00000000000152,
  "Minute_Fluctuation": 0.0,
  "Minute_5": 0.00000000000151526343186088,
  "Minute_5_Fluctuation": 0.023401058187192413,
  "Minute_10": 0.00000000000154005195182484,
  "Minute_10_Fluctuation": 0.029786461253517523,
  "Hour": 0.00000000000154623595445946,
  "Hour_Fluctuation": 0.04984881162959531,
  "Day": 0.00000000000140264691954867,
  "Day_Fluctuation": 0.008769744143487107,
  "ThreeDay": 0.00000000000140231741806661,
  "ThreeDay_Fluctuation": 0.008550725776079822,
  "Week": 0.00000000000140231741806661,
  "Week_Fluctuation": 0.008550725776079822,
  "Duration": "1.01:27:41.9766011",
  "Updated": "2021-01-27T12:38:16.8327091Z",
  "Failed": 0,
  "HashRate_Live": 443210274.0,
  "HashRate_Average": 434370167.13301027,
  "BlockRate_Live": 554.0,
  "BlockRate_Average": 551.3140301374705,
  "Actual24h_Week": 0.0000000821635391068702,
  "Estimate24h_Week": 0.000000085432309852592,
  "ErrorRatio": 0.989281211670759
}
