{
  "Live": 0.00000000000000000998,
  "Minute": 0.00000000000000000998,
  "Minute_Fluctuation": 0.0,
  "Minute_5": 0.0000000000000000081824281518,
  "Minute_5_Fluctuation": 0.1792069788288166,
  "Minute_10": 0.000000000000000007326689587,
  "Minute_10_Fluctuation": 0.18288802648435415,
  "Hour": 0.0000000000000000057087371904,
  "Hour_Fluctuation": 0.13796143249232545,
  "Day": 0.0000000000000000045113201324,
  "Day_Fluctuation": 0.01987540901954183,
  "ThreeDay": 0.0000000000000000045086227911,
  "ThreeDay_Fluctuation": 0.019305043362627883,
  "Week": 0.0000000000000000045086227911,
  "Week_Fluctuation": 0.019305043362627883,
  "Duration": "1.01:27:41.9766011",
  "Updated": "2021-01-27T12:38:16.1805378Z",
  "Failed": 0,
  "HashRate_Live": 7020302578513.0,
  "HashRate_Average": 1932507923627.7605,
  "BlockRate_Live": 10.0,
  "BlockRate_Average": 10.442249207590535,
  "Actual24h_Week": 0.000000245314881799194,
  "Estimate24h_Week": 0.000000558215645498274,
  "ErrorRatio": 0.84296805881101
}
