{
  "Live": 0.00000000000000007292,
  "Minute": 0.00000000000000007292,
  "Minute_Fluctuation": 0.0,
  "Minute_5": 0.0000000000000000713370549935,
  "Minute_5_Fluctuation": 0.02175441521058955,
  "Minute_10": 0.0000000000000000706509898333,
  "Minute_10_Fluctuation": 0.02492888342861646,
  "Hour": 0.0000000000000000689644103408,
  "Hour_Fluctuation": 0.047523256229564735,
  "Day": 0.0000000000000000688980264438,
  "Day_Fluctuation": 0.048105856133793874,
  "ThreeDay": 0.0000000000000000688980264438,
  "ThreeDay_Fluctuation": 0.048105856133793874,
  "Week": 0.0000000000000000688980264438,
  "Week_Fluctuation": 0.048105856133793874,
  "Duration": "01:17:30.9429092",
  "Updated": "2021-01-27T12:38:17.7004833Z",
  "Failed": 0,
  "HashRate_Live": 0.0,
  "HashRate_Average": 848075.2624898653,
  "BlockRate_Live": 36.0,
  "BlockRate_Average": 36.309072842664285,
  "Actual24h_Week": 0.0,
  "Estimate24h_Week": 0.0,
  "ErrorRatio": 1.0
}
