{
  "Live": 0.00000000000000000000574524,
  "Minute": 0.00000000000000000000574524,
  "Minute_Fluctuation": 0.0,
  "Minute_5": 0.0000000000000000000057432653,
  "Minute_5_Fluctuation": 0.0001726101854372598,
  "Minute_10": 0.0000000000000000000057465942,
  "Minute_10_Fluctuation": 0.0021283393589701994,
  "Hour": 0.00000000000000000000593723,
  "Hour_Fluctuation": 0.02004179683151651,
  "Day": 0.0000000000000000000059440359,
  "Day_Fluctuation": 0.020039932192330148,
  "ThreeDay": 0.0000000000000000000059440359,
  "ThreeDay_Fluctuation": 0.020039932192330148,
  "Week": 0.0000000000000000000059440359,
  "Week_Fluctuation": 0.020039932192330148,
  "Duration": "01:17:30.9429092",
  "Updated": "2021-01-27T12:38:17.1353859Z",
  "Failed": 0,
  "HashRate_Live": 0.0,
  "HashRate_Average": 286681157530712.8,
  "BlockRate_Live": 0.0,
  "BlockRate_Average": 0.0,
  "Actual24h_Week": 0.0,
  "Estimate24h_Week": 0.0,
  "ErrorRatio": 1.0
}
