{
  "Live": 0.0000000000000000000003056,
  "Minute": 0.0000000000000000000003056,
  "Minute_Fluctuation": 0.0,
  "Minute_5": 0.0000000000000000000002889234,
  "Minute_5_Fluctuation": 0.0008741143851729604,
  "Minute_10": 0.0000000000000000000002842668,
  "Minute_10_Fluctuation": 0.0005042065948690215,
  "Hour": 0.0000000000000000000002801122,
  "Hour_Fluctuation": 0.00024441831974871247,
  "Day": 0.0000000000000000000002799277,
  "Day_Fluctuation": 0.00023082670211663106,
  "ThreeDay": 0.0000000000000000000002799277,
  "ThreeDay_Fluctuation": 0.00023082670211663106,
  "Week": 0.0000000000000000000002799277,
  "Week_Fluctuation": 0.00023082670211663106,
  "Duration": "01:17:30.9429092",
  "Updated": "2021-01-27T12:38:17.7612722Z",
  "Failed": 0,
  "HashRate_Live": 0.0,
  "HashRate_Average": 0.0,
  "BlockRate_Live": 0.0,
  "BlockRate_Average": 0.0,
  "Actual24h_Week": 0.0,
  "Estimate24h_Week": 0.0,
  "ErrorRatio": 1.0
}
