{
  "Live": 0.00000000000204,
  "Minute": 0.00000000000204,
  "Minute_Fluctuation": 0.0,
  "Minute_5": 0.00000000000170410041774925,
  "Minute_5_Fluctuation": 0.14362103452696703,
  "Minute_10": 0.0000000000015734704451475,
  "Minute_10_Fluctuation": 0.13174712750250223,
  "Hour": 0.00000000000174877999341644,
  "Hour_Fluctuation": 0.22036668655667976,
  "Day": 0.00000000000175294669145956,
  "Day_Fluctuation": 0.22286077285877595,
  "ThreeDay": 0.00000000000175294669145956,
  "ThreeDay_Fluctuation": 0.22286077285877595,
  "Week": 0.00000000000175294669145956,
  "Week_Fluctuation": 0.22286077285877595,
  "Duration": "01:17:30.9429092",
  "Updated": "2021-01-27T12:38:17.859765Z",
  "Failed": 0,
  "HashRate_Live": 32099.513700399,
  "HashRate_Average": 33394.87165839468,
  "BlockRate_Live": 191.0,
  "BlockRate_Average": 190.48478704523845,
  "Actual24h_Week": 0.0,
  "Estimate24h_Week": 0.0,
  "ErrorRatio": 1.0
}
