{
  "Live": 0.00000000000404,
  "Minute": 0.00000000000404,
  "Minute_Fluctuation": 0.0,
  "Minute_5": 0.00000000000403999999899089,
  "Minute_5_Fluctuation": 5.9894812772140985E-09,
  "Minute_10": 0.00000000000403994611858356,
  "Minute_10_Fluctuation": 0.00013631794147704355,
  "Hour": 0.00000000000389613769242646,
  "Hour_Fluctuation": 0.05798962467711996,
  "Day": 0.00000000000344723898022744,
  "Day_Fluctuation": 0.010538519789452753,
  "ThreeDay": 0.00000000000344619508758901,
  "ThreeDay_Fluctuation": 0.010253647591347921,
  "Week": 0.00000000000344619508758901,
  "Week_Fluctuation": 0.010253647591347921,
  "Duration": "1.01:27:41.9766011",
  "Updated": "2021-01-27T12:38:16.4729928Z",
  "Failed": 0,
  "HashRate_Live": 35789103.0,
  "HashRate_Average": 20948159.81562226,
  "BlockRate_Live": 18.0,
  "BlockRate_Average": 17.357061701221806,
  "Actual24h_Week": 0.000000190795357115626,
  "Estimate24h_Week": 0.000000238901840155417,
  "ErrorRatio": 0.943588520040834
}
