{
  "Live": 0.00000000000094,
  "Minute": 0.00000000000094,
  "Minute_Fluctuation": 0.0,
  "Minute_5": 0.000000000000993216164103456,
  "Minute_5_Fluctuation": 0.04547643401179377,
  "Minute_10": 0.00000000000101643233478389,
  "Minute_10_Fluctuation": 0.045624061179355885,
  "Hour": 0.00000000000103447992264423,
  "Hour_Fluctuation": 0.05269716954801942,
  "Day": 0.00000000000103535341047272,
  "Day_Fluctuation": 0.05298900101109458,
  "ThreeDay": 0.00000000000103535341047272,
  "ThreeDay_Fluctuation": 0.05298900101109458,
  "Week": 0.00000000000103535341047272,
  "Week_Fluctuation": 0.05298900101109458,
  "Duration": "01:17:30.9429092",
  "Updated": "2021-01-27T12:38:17.8712494Z",
  "Failed": 0,
  "HashRate_Live": 22822.382469113,
  "HashRate_Average": 22483.46510774374,
  "BlockRate_Live": 0.0,
  "BlockRate_Average": 0.0,
  "Actual24h_Week": 0.0,
  "Estimate24h_Week": 0.0,
  "ErrorRatio": 1.0
}
