{
  "Live": 0.00000000000000000000474691,
  "Minute": 0.00000000000000000000474691,
  "Minute_Fluctuation": 0.0,
  "Minute_5": 0.0000000000000000000047333465,
  "Minute_5_Fluctuation": 0.002134750534441095,
  "Minute_10": 0.0000000000000000000047184689,
  "Minute_10_Fluctuation": 0.002327626729395109,
  "Hour": 0.0000000000000000000045952966,
  "Hour_Fluctuation": 0.03300995368988288,
  "Day": 0.0000000000000000000045907331,
  "Day_Fluctuation": 0.03368618796265588,
  "ThreeDay": 0.0000000000000000000045907331,
  "ThreeDay_Fluctuation": 0.03368618796265588,
  "Week": 0.0000000000000000000045907331,
  "Week_Fluctuation": 0.03368618796265588,
  "Duration": "01:17:30.9429092",
  "Updated": "2021-01-27T12:34:08.8325288Z",
  "Failed": 0,
  "HashRate_Live": 0.0,
  "HashRate_Average": 0.0,
  "BlockRate_Live": 11.0,
  "BlockRate_Average": 11.0,
  "Actual24h_Week": 0.0,
  "Estimate24h_Week": 0.0,
  "ErrorRatio": 1.0
}
