{
  "Live": 0.00000000000000182,
  "Minute": 0.00000000000000182,
  "Minute_Fluctuation": 0.0,
  "Minute_5": 0.0000000000000018380626252582,
  "Minute_5_Fluctuation": 0.031286484489790684,
  "Minute_10": 0.0000000000000018473901759695,
  "Minute_10_Fluctuation": 0.04019754314766001,
  "Hour": 0.0000000000000021575575349131,
  "Hour_Fluctuation": 0.11929104493500595,
  "Day": 0.000000000000002178263929283,
  "Day_Fluctuation": 0.1168484098507873,
  "ThreeDay": 0.000000000000002178263929283,
  "ThreeDay_Fluctuation": 0.1168484098507873,
  "Week": 0.000000000000002178263929283,
  "Week_Fluctuation": 0.1168484098507873,
  "Duration": "01:23:48.5435650",
  "Updated": "2021-01-27T12:38:16.1666045Z",
  "Failed": 0,
  "HashRate_Live": 0.0,
  "HashRate_Average": 7523137.292934378,
  "BlockRate_Live": 0.0,
  "BlockRate_Average": 0.0,
  "Actual24h_Week": 0.0,
  "Estimate24h_Week": 0.00000298118731949056,
  "ErrorRatio": 0.983440347464336
}
