{
  "Live": 0.00000000000000003466,
  "Minute": 0.00000000000000003466,
  "Minute_Fluctuation": 0.0,
  "Minute_5": 0.00000000000000003120565261,
  "Minute_5_Fluctuation": 0.06603791332189574,
  "Minute_10": 0.0000000000000000306010453468,
  "Minute_10_Fluctuation": 0.07592748752022656,
  "Hour": 0.0000000000000000368919756483,
  "Hour_Fluctuation": 0.1338997736595055,
  "Day": 0.0000000000000000371159846636,
  "Day_Fluctuation": 0.13247548438042256,
  "ThreeDay": 0.0000000000000000371159846636,
  "ThreeDay_Fluctuation": 0.1324754843804226,
  "Week": 0.0000000000000000371159846636,
  "Week_Fluctuation": 0.13247548438042256,
  "Duration": "01:17:30.9429092",
  "Updated": "2021-01-27T12:38:17.7475738Z",
  "Failed": 0,
  "HashRate_Live": 0.0,
  "HashRate_Average": 1867152.0180433383,
  "BlockRate_Live": 11.0,
  "BlockRate_Average": 10.826267486466701,
  "Actual24h_Week": 0.0,
  "Estimate24h_Week": 0.0,
  "ErrorRatio": 1.0
}
