{
  "Live": 0.00000000000000002195,
  "Minute": 0.00000000000000002195,
  "Minute_Fluctuation": 1.1102230246251565E-16,
  "Minute_5": 0.0000000000000000438276333094,
  "Minute_5_Fluctuation": 0.2435502003745468,
  "Minute_10": 0.0000000000000000486592703501,
  "Minute_10_Fluctuation": 0.2194599653443438,
  "Hour": 0.0000000000000000428362788623,
  "Hour_Fluctuation": 0.34124057519370044,
  "Day": 0.000000000000000042616894769,
  "Day_Fluctuation": 0.34006703667367594,
  "ThreeDay": 0.000000000000000042616894769,
  "ThreeDay_Fluctuation": 0.34006703667367594,
  "Week": 0.000000000000000042616894769,
  "Week_Fluctuation": 0.34006703667367594,
  "Duration": "01:17:30.9429092",
  "Updated": "2021-01-27T12:38:17.3024033Z",
  "Failed": 0,
  "HashRate_Live": 0.0,
  "HashRate_Average": 0.0,
  "BlockRate_Live": 0.0,
  "BlockRate_Average": 0.0,
  "Actual24h_Week": 0.0,
  "Estimate24h_Week": 0.0,
  "ErrorRatio": 1.0
}
