{
  "Live": 0.00000000000000113,
  "Minute": 0.00000000000000113,
  "Minute_Fluctuation": 0.0,
  "Minute_5": 0.0000000000000011278326143688,
  "Minute_5_Fluctuation": 0.0037384746785597825,
  "Minute_10": 0.000000000000001126114506146,
  "Minute_10_Fluctuation": 0.004629044684190235,
  "Hour": 0.000000000000001111814214927,
  "Hour_Fluctuation": 0.02458612465119154,
  "Day": 0.0000000000000011113067374357,
  "Day_Fluctuation": 0.02496410848235197,
  "ThreeDay": 0.0000000000000011113067374357,
  "ThreeDay_Fluctuation": 0.02496410848235197,
  "Week": 0.0000000000000011113067374357,
  "Week_Fluctuation": 0.02496410848235197,
  "Duration": "01:17:30.9429092",
  "Updated": "2021-01-27T12:34:09.1224492Z",
  "Failed": 0,
  "HashRate_Live": 0.0,
  "HashRate_Average": 6608021.8735009255,
  "BlockRate_Live": 84.0,
  "BlockRate_Average": 83.62012454226414,
  "Actual24h_Week": 0.0,
  "Estimate24h_Week": 0.0,
  "ErrorRatio": 1.0
}
