{
  "Live": 0.0000000000028,
  "Minute": 0.0000000000028,
  "Minute_Fluctuation": 0.0,
  "Minute_5": 0.00000000000294272072524021,
  "Minute_5_Fluctuation": 0.03495492564676741,
  "Minute_10": 0.00000000000296845915634844,
  "Minute_10_Fluctuation": 0.039188324256274706,
  "Hour": 0.00000000000313251468722642,
  "Hour_Fluctuation": 0.05706309156390943,
  "Day": 0.00000000000313768339632644,
  "Day_Fluctuation": 0.05728953702661418,
  "ThreeDay": 0.00000000000313768339632644,
  "ThreeDay_Fluctuation": 0.05728953702661418,
  "Week": 0.00000000000313768339632644,
  "Week_Fluctuation": 0.05728953702661418,
  "Duration": "01:17:30.9429092",
  "Updated": "2021-01-27T12:38:17.0962962Z",
  "Failed": 0,
  "HashRate_Live": 9672.1773927712,
  "HashRate_Average": 17298.60253917616,
  "BlockRate_Live": 237.0,
  "BlockRate_Average": 235.7000429160519,
  "Actual24h_Week": 0.0,
  "Estimate24h_Week": 0.0,
  "ErrorRatio": 1.0
}
