{
  "Live": 0.00000000000000009086,
  "Minute": 0.00000000000000009086,
  "Minute_Fluctuation": 0.0,
  "Minute_5": 0.0000000000000000854324963801,
  "Minute_5_Fluctuation": 0.05456682209698112,
  "Minute_10": 0.0000000000000000855249968816,
  "Minute_10_Fluctuation": 0.07071040259258744,
  "Hour": 0.0000000000000000939245875602,
  "Hour_Fluctuation": 0.11263256183117888,
  "Day": 0.0000000000000000942855996618,
  "Day_Fluctuation": 0.11273053811199002,
  "ThreeDay": 0.0000000000000000942855996618,
  "ThreeDay_Fluctuation": 0.11273053811198999,
  "Week": 0.0000000000000000942855996618,
  "Week_Fluctuation": 0.11273053811199002,
  "Duration": "01:17:30.9429092",
  "Updated": "2021-01-27T12:38:17.2604781Z",
  "Failed": 0,
  "HashRate_Live": 649800813.55431,
  "HashRate_Average": 23792161179.346287,
  "BlockRate_Live": 306.0,
  "BlockRate_Average": 303.7943788830768,
  "Actual24h_Week": 0.0,
  "Estimate24h_Week": 0.0,
  "ErrorRatio": 1.0
}
