{
  "Live": 0.00000000000000000038,
  "Minute": 0.00000000000000000038,
  "Minute_Fluctuation": 0.0,
  "Minute_5": 0.0000000000000000004370148752,
  "Minute_5_Fluctuation": 0.1267664015008685,
  "Minute_10": 0.0000000000000000004631558314,
  "Minute_10_Fluctuation": 0.12294312583653375,
  "Hour": 0.0000000000000000004418297257,
  "Hour_Fluctuation": 0.09072587800459725,
  "Day": 0.0000000000000000004411896215,
  "Day_Fluctuation": 0.08913244901745397,
  "ThreeDay": 0.0000000000000000004411896215,
  "ThreeDay_Fluctuation": 0.08913244901745397,
  "Week": 0.0000000000000000004411896215,
  "Week_Fluctuation": 0.08913244901745397,
  "Duration": "01:17:30.9429092",
  "Updated": "2021-01-27T12:38:17.8968571Z",
  "Failed": 0,
  "HashRate_Live": 0.0,
  "HashRate_Average": 24507467.676202178,
  "BlockRate_Live": 6.0,
  "BlockRate_Average": 6.0,
  "Actual24h_Week": 0.0,
  "Estimate24h_Week": 0.0,
  "ErrorRatio": 1.0
}
