{
  "Live": 0.00000000203,
  "Minute": 0.00000000203,
  "Minute_Fluctuation": 0.0,
  "Minute_5": 0.00000000170049446854524,
  "Minute_5_Fluctuation": 0.14473641352242844,
  "Minute_10": 0.00000000156915705913234,
  "Minute_10_Fluctuation": 0.13997230939560532,
  "Hour": 0.00000000193084730897924,
  "Hour_Fluctuation": 0.21622581952720854,
  "Day": 0.00000000272265470548977,
  "Day_Fluctuation": 0.02105158155347312,
  "ThreeDay": 0.0000000027246180092445,
  "ThreeDay_Fluctuation": 0.02035738695533511,
  "Week": 0.0000000027246180092445,
  "Week_Fluctuation": 0.020357386955335115,
  "Duration": "1.01:27:41.9766011",
  "Updated": "2021-01-27T12:38:16.9523602Z",
  "Failed": 0,
  "HashRate_Live": 31334.0,
  "HashRate_Average": 33002.09329231935,
  "BlockRate_Live": 191.0,
  "BlockRate_Average": 190.1165918029767,
  "Actual24h_Week": 0.00000016543779884258,
  "Estimate24h_Week": 0.000000149634994409868,
  "ErrorRatio": 1.02958587204206
}
