{
  "Live": 0.0,
  "Minute": 0.0,
  "Minute_Fluctuation": 0.0,
  "Minute_5": 0.0000000000000000000000036904,
  "Minute_5_Fluctuation": 0.0037006839168063957,
  "Minute_10": 0.0000000000000000001970469057,
  "Minute_10_Fluctuation": 0.9999144739421602,
  "Hour": 0.0000000000000005261113093825,
  "Hour_Fluctuation": 0.7716471308356456,
  "Day": 0.0000000000000021677552760235,
  "Day_Fluctuation": 0.05910949242450356,
  "ThreeDay": 0.0000000000000021715728411114,
  "ThreeDay_Fluctuation": 0.057452519982555864,
  "Week": 0.0000000000000021715728411114,
  "Week_Fluctuation": 0.057452519982555864,
  "Duration": "1.01:27:41.9766011",
  "Updated": "2021-01-27T12:01:10.0370728Z",
  "Failed": 0,
  "HashRate_Live": 0.0,
  "HashRate_Average": 488077370.4818658,
  "BlockRate_Live": 71.0,
  "BlockRate_Average": 79.00447679382613,
  "Actual24h_Week": 0.000130715644186937,
  "Estimate24h_Week": 0.000115359497233897,
  "ErrorRatio": 1.03729170892364
}
