{
  "Live": 0.0000000000002998,
  "Minute": 0.0000000000002998,
  "Minute_Fluctuation": 0.0,
  "Minute_5": 0.000000000000301014623424517,
  "Minute_5_Fluctuation": 0.006391381456658716,
  "Minute_10": 0.000000000000302022087095789,
  "Minute_10_Fluctuation": 0.013996238111635782,
  "Hour": 0.00000000000033192827911551,
  "Hour_Fluctuation": 0.08101554644101494,
  "Day": 0.000000000000376837199077425,
  "Day_Fluctuation": 0.008131994497230368,
  "ThreeDay": 0.00000000000037695086034402,
  "ThreeDay_Fluctuation": 0.007842166393735105,
  "Week": 0.00000000000037695086034402,
  "Week_Fluctuation": 0.007842166393735103,
  "Duration": "1.01:27:41.9766011",
  "Updated": "2021-01-27T12:38:16.8011939Z",
  "Failed": 0,
  "HashRate_Live": 535704857.0,
  "HashRate_Average": 529954629.2212676,
  "BlockRate_Live": 357.0,
  "BlockRate_Average": 354.61960030755927,
  "Actual24h_Week": 0.00002257091991953,
  "Estimate24h_Week": 0.000024743797617267,
  "ErrorRatio": 0.975399025640847
}
