{
  "Live": 0.00000000278,
  "Minute": 0.00000000278,
  "Minute_Fluctuation": 0.0,
  "Minute_5": 0.00000000317205761374371,
  "Minute_5_Fluctuation": 0.11392881884101516,
  "Minute_10": 0.00000000357611134816752,
  "Minute_10_Fluctuation": 0.19784446400668723,
  "Hour": 0.00000000418615743429914,
  "Hour_Fluctuation": 0.27475650174324373,
  "Day": 0.00000000374748441962526,
  "Day_Fluctuation": 0.024231739251398328,
  "ThreeDay": 0.00000000374613234623276,
  "ThreeDay_Fluctuation": 0.023631412647193033,
  "Week": 0.00000000374613234623276,
  "Week_Fluctuation": 0.023631412647193033,
  "Duration": "1.01:27:41.9766011",
  "Updated": "2021-01-27T12:38:16.906636Z",
  "Failed": 0,
  "HashRate_Live": 119422.0,
  "HashRate_Average": 112571.02362878736,
  "BlockRate_Live": 450.0,
  "BlockRate_Average": 457.53277212704495,
  "Actual24h_Week": 0.00000022013051628649,
  "Estimate24h_Week": 0.000000246417376896438,
  "ErrorRatio": 0.970115171159225
}
