{
  "Live": 0.00000000000001132,
  "Minute": 0.00000000000001132,
  "Minute_Fluctuation": 0.0,
  "Minute_5": 0.0000000000000114920589797526,
  "Minute_5_Fluctuation": 0.016361319546612466,
  "Minute_10": 0.0000000000000113894923749467,
  "Minute_10_Fluctuation": 0.032904959541018165,
  "Hour": 0.0000000000000110808861434007,
  "Hour_Fluctuation": 0.06722257183065083,
  "Day": 0.0000000000000110646946669793,
  "Day_Fluctuation": 0.06807490020780986,
  "ThreeDay": 0.0000000000000110646946669793,
  "ThreeDay_Fluctuation": 0.06807490020780986,
  "Week": 0.0000000000000110646946669793,
  "Week_Fluctuation": 0.06807490020780986,
  "Duration": "01:17:30.9429092",
  "Updated": "2021-01-27T12:38:17.4620626Z",
  "Failed": 0,
  "HashRate_Live": 96912357.89446,
  "HashRate_Average": 74425988.12945083,
  "BlockRate_Live": 221.0,
  "BlockRate_Average": 220.45617128307765,
  "Actual24h_Week": 0.0,
  "Estimate24h_Week": 0.0,
  "ErrorRatio": 1.0
}
