{
  "Live": 0.00000000000015328,
  "Minute": 0.00000000000015328,
  "Minute_Fluctuation": 0.0,
  "Minute_5": 0.000000000000166168467855058,
  "Minute_5_Fluctuation": 0.16092767709139563,
  "Minute_10": 0.000000000000195004414603316,
  "Minute_10_Fluctuation": 0.2728375031636165,
  "Hour": 0.000000000000234277273706003,
  "Hour_Fluctuation": 0.16375085739437456,
  "Day": 0.00000000000023937852063418,
  "Day_Fluctuation": 0.010547160006892074,
  "ThreeDay": 0.000000000000239393942452242,
  "ThreeDay_Fluctuation": 0.010180797349391653,
  "Week": 0.000000000000239393942452242,
  "Week_Fluctuation": 0.010180797349391651,
  "Duration": "1.01:27:41.9766011",
  "Updated": "2021-01-27T12:38:16.8142429Z",
  "Failed": 0,
  "HashRate_Live": 810677253.0,
  "HashRate_Average": 939437995.4156208,
  "BlockRate_Live": 287.0,
  "BlockRate_Average": 284.75042568985197,
  "Actual24h_Week": 0.0000142786795663742,
  "Estimate24h_Week": 0.0000201370299595618,
  "ErrorRatio": 0.918498930412479
}
