{
  "Live": 0.00000000085,
  "Minute": 0.00000000085,
  "Minute_Fluctuation": 0.0,
  "Minute_5": 0.000000000852658217124296,
  "Minute_5_Fluctuation": 0.007757326644733848,
  "Minute_10": 0.000000000862401018088151,
  "Minute_10_Fluctuation": 0.026931579202007002,
  "Hour": 0.000000000934323777881826,
  "Hour_Fluctuation": 0.06608885991196226,
  "Day": 0.000000000907843574104362,
  "Day_Fluctuation": 0.006872051235029985,
  "ThreeDay": 0.000000000907818654186343,
  "ThreeDay_Fluctuation": 0.0067657337405480035,
  "Week": 0.000000000907818654186343,
  "Week_Fluctuation": 0.006765733740548004,
  "Duration": "1.01:27:41.9766011",
  "Updated": "2021-01-27T12:38:16.1032727Z",
  "Failed": 0,
  "HashRate_Live": 821412.0,
  "HashRate_Average": 975070.8643541303,
  "BlockRate_Live": 176.0,
  "BlockRate_Average": 177.6945423555961,
  "Actual24h_Week": 0.00005202368597034,
  "Estimate24h_Week": 0.0000525157596875302,
  "ErrorRatio": 0.997375032701049
}
