{
  "Live": 0.00000000001357,
  "Minute": 0.00000000001357,
  "Minute_Fluctuation": 0.0,
  "Minute_5": 0.0000000000137784546833284,
  "Minute_5_Fluctuation": 0.011577494500894422,
  "Minute_10": 0.0000000000137708509527576,
  "Minute_10_Fluctuation": 0.011679283788745394,
  "Hour": 0.000000000013614681578035,
  "Hour_Fluctuation": 0.005043350474341123,
  "Day": 0.0000000000136026371280137,
  "Day_Fluctuation": 0.004296704990300119,
  "ThreeDay": 0.0000000000136026371280137,
  "ThreeDay_Fluctuation": 0.004296704990300119,
  "Week": 0.0000000000136026371280137,
  "Week_Fluctuation": 0.004296704990300119,
  "Duration": "01:23:48.5435650",
  "Updated": "2021-01-27T12:38:16.6184242Z",
  "Failed": 0,
  "HashRate_Live": 0.0,
  "HashRate_Average": 0.0,
  "BlockRate_Live": 0.0,
  "BlockRate_Average": 0.0,
  "Actual24h_Week": 0.0,
  "Estimate24h_Week": 0.0000133462456867499,
  "ErrorRatio": 0.983440347464336
}
