{
  "Live": 0.00000000000115,
  "Minute": 0.00000000000115,
  "Minute_Fluctuation": 0.0,
  "Minute_5": 0.00000000000112583286369625,
  "Minute_5_Fluctuation": 0.042370101701612456,
  "Minute_10": 0.0000000000012005266989418,
  "Minute_10_Fluctuation": 0.16691536759597309,
  "Hour": 0.0000000000016201283639754,
  "Hour_Fluctuation": 0.1971636213807373,
  "Day": 0.00000000000157982558960687,
  "Day_Fluctuation": 0.01513330327441693,
  "ThreeDay": 0.00000000000157976358794635,
  "ThreeDay_Fluctuation": 0.014647970699985736,
  "Week": 0.00000000000157976358794635,
  "Week_Fluctuation": 0.01464797069998574,
  "Duration": "1.01:27:41.9766011",
  "Updated": "2021-01-27T12:38:16.0824589Z",
  "Failed": 0,
  "HashRate_Live": 246409489.0,
  "HashRate_Average": 233586698.25078377,
  "BlockRate_Live": 652.0,
  "BlockRate_Average": 655.3422028205044,
  "Actual24h_Week": 0.0000000940589232969867,
  "Estimate24h_Week": 0.0000000998962034031493,
  "ErrorRatio": 0.983630141267774
}
