{
  "Live": 0.00000000000000005854,
  "Minute": 0.00000000000000005854,
  "Minute_Fluctuation": 0.0,
  "Minute_5": 0.0000000000000000596207019634,
  "Minute_5_Fluctuation": 0.0602321356706946,
  "Minute_10": 0.000000000000000057827900047,
  "Minute_10_Fluctuation": 0.12244298885470273,
  "Hour": 0.0000000000000000530462419318,
  "Hour_Fluctuation": 0.1942428384124428,
  "Day": 0.0000000000000000527649826764,
  "Day_Fluctuation": 0.19553844232248094,
  "ThreeDay": 0.0000000000000000527649826764,
  "ThreeDay_Fluctuation": 0.19553844232248097,
  "Week": 0.0000000000000000527649826764,
  "Week_Fluctuation": 0.19553844232248094,
  "Duration": "01:17:30.9429092",
  "Updated": "2021-01-27T12:38:17.8388092Z",
  "Failed": 0,
  "HashRate_Live": 890511360.87383,
  "HashRate_Average": 3843125835.8993793,
  "BlockRate_Live": 3.0,
  "BlockRate_Average": 2.6332462899367846,
  "Actual24h_Week": 0.0,
  "Estimate24h_Week": 0.0,
  "ErrorRatio": 1.0
}
