{
  "Live": 0.00000000000000000000607872,
  "Minute": 0.00000000000000000000607872,
  "Minute_Fluctuation": 0.0,
  "Minute_5": 0.0000000000000000000060739842,
  "Minute_5_Fluctuation": 0.0006169044631169247,
  "Minute_10": 0.0000000000000000000060671347,
  "Minute_10_Fluctuation": 0.0014371862319033253,
  "Hour": 0.0000000000000000000060299127,
  "Hour_Fluctuation": 0.0022404306815723553,
  "Day": 0.0000000000000000000060283904,
  "Day_Fluctuation": 0.002160335269628644,
  "ThreeDay": 0.0000000000000000000060283904,
  "ThreeDay_Fluctuation": 0.002160335269628644,
  "Week": 0.0000000000000000000060283904,
  "Week_Fluctuation": 0.002160335269628644,
  "Duration": "01:17:30.9429092",
  "Updated": "2021-01-27T12:38:17.0853319Z",
  "Failed": 0,
  "HashRate_Live": 0.0,
  "HashRate_Average": 0.0,
  "BlockRate_Live": 0.0,
  "BlockRate_Average": 0.0,
  "Actual24h_Week": 0.0,
  "Estimate24h_Week": 0.0,
  "ErrorRatio": 1.0
}
