{
  "Live": 0.000000000001,
  "Minute": 0.000000000001,
  "Minute_Fluctuation": 0.0,
  "Minute_5": 0.00000000000122034143596345,
  "Minute_5_Fluctuation": 0.1328319431839741,
  "Minute_10": 0.00000000000134526734564175,
  "Minute_10_Fluctuation": 0.14192899054132457,
  "Hour": 0.0000000000013568627134597,
  "Hour_Fluctuation": 0.1745326821949238,
  "Day": 0.00000000000135954573201649,
  "Day_Fluctuation": 0.17653208813520252,
  "ThreeDay": 0.00000000000135954573201649,
  "ThreeDay_Fluctuation": 0.17653208813520252,
  "Week": 0.00000000000135954573201649,
  "Week_Fluctuation": 0.17653208813520252,
  "Duration": "01:17:30.9429092",
  "Updated": "2021-01-27T12:38:17.1756121Z",
  "Failed": 0,
  "HashRate_Live": 3582.718552732,
  "HashRate_Average": 130082.68582844868,
  "BlockRate_Live": 446.0,
  "BlockRate_Average": 416.99906605655013,
  "Actual24h_Week": 0.0,
  "Estimate24h_Week": 0.0,
  "ErrorRatio": 1.0
}
