{
  "Live": 0.00000000000082,
  "Minute": 0.00000000000082,
  "Minute_Fluctuation": 0.0,
  "Minute_5": 0.00000000000082,
  "Minute_5_Fluctuation": 0.0,
  "Minute_10": 0.00000000000082,
  "Minute_10_Fluctuation": 0.0,
  "Hour": 0.00000000000082,
  "Hour_Fluctuation": 0.0,
  "Day": 0.00000000000082,
  "Day_Fluctuation": 0.0,
  "ThreeDay": 0.00000000000082,
  "ThreeDay_Fluctuation": 0.0,
  "Week": 0.00000000000082,
  "Week_Fluctuation": 0.0,
  "Duration": "01:17:30.9429092",
  "Updated": "2021-01-27T12:38:17.7897409Z",
  "Failed": 0,
  "HashRate_Live": 38391.191546913,
  "HashRate_Average": 47207.89504418768,
  "BlockRate_Live": 27.0,
  "BlockRate_Average": 27.91476094297012,
  "Actual24h_Week": 0.0,
  "Estimate24h_Week": 0.0,
  "ErrorRatio": 1.0
}
