{
  "Live": 0.00000000000095,
  "Minute": 0.00000000000095,
  "Minute_Fluctuation": 0.0,
  "Minute_5": 0.00000000000106584969711158,
  "Minute_5_Fluctuation": 0.06021896419581228,
  "Minute_10": 0.00000000000108736308669484,
  "Minute_10_Fluctuation": 0.051653319377530496,
  "Hour": 0.00000000000105278025472314,
  "Hour_Fluctuation": 0.05432485341614366,
  "Day": 0.00000000000105146338964463,
  "Day_Fluctuation": 0.0533054546212532,
  "ThreeDay": 0.00000000000105146338964463,
  "ThreeDay_Fluctuation": 0.0533054546212532,
  "Week": 0.00000000000105146338964463,
  "Week_Fluctuation": 0.05330545462125319,
  "Duration": "01:17:30.9429092",
  "Updated": "2021-01-27T12:38:17.3893259Z",
  "Failed": 0,
  "HashRate_Live": 303367.85667413,
  "HashRate_Average": 243915.73461873725,
  "BlockRate_Live": 6.0,
  "BlockRate_Average": 6.544141859591308,
  "Actual24h_Week": 0.0,
  "Estimate24h_Week": 0.0,
  "ErrorRatio": 1.0
}
