{
  "Live": 0.00000000000000003957,
  "Minute": 0.00000000000000003957,
  "Minute_Fluctuation": 0.0,
  "Minute_5": 0.0000000000000000369412556921,
  "Minute_5_Fluctuation": 0.07357871829738012,
  "Minute_10": 0.0000000000000000357774204167,
  "Minute_10_Fluctuation": 0.07060763974627249,
  "Hour": 0.0000000000000000365699971316,
  "Hour_Fluctuation": 0.043781993169107525,
  "Day": 0.0000000000000000365910211009,
  "Day_Fluctuation": 0.042919905541757515,
  "ThreeDay": 0.0000000000000000365910211009,
  "ThreeDay_Fluctuation": 0.042919905541757515,
  "Week": 0.0000000000000000365910211009,
  "Week_Fluctuation": 0.0429199055417575,
  "Duration": "01:17:30.9429092",
  "Updated": "2021-01-27T12:38:17.2076121Z",
  "Failed": 0,
  "HashRate_Live": 0.0,
  "HashRate_Average": 0.0,
  "BlockRate_Live": 2.0,
  "BlockRate_Average": 2.0,
  "Actual24h_Week": 0.0,
  "Estimate24h_Week": 0.0,
  "ErrorRatio": 1.0
}
