{
  "Live": 0.00000000000000001661,
  "Minute": 0.00000000000000001661,
  "Minute_Fluctuation": 0.0,
  "Minute_5": 0.0000000000000000157127687578,
  "Minute_5_Fluctuation": 0.05433266186649308,
  "Minute_10": 0.0000000000000000150916089887,
  "Minute_10_Fluctuation": 0.07200135549277065,
  "Hour": 0.0000000000000000129594726905,
  "Hour_Fluctuation": 0.14970567296526333,
  "Day": 0.0000000000000000128722221638,
  "Day_Fluctuation": 0.1477624044249706,
  "ThreeDay": 0.0000000000000000128722221638,
  "ThreeDay_Fluctuation": 0.14776240442497046,
  "Week": 0.0000000000000000128722221638,
  "Week_Fluctuation": 0.1477624044249705,
  "Duration": "01:17:30.9429092",
  "Updated": "2021-01-27T12:38:17.644265Z",
  "Failed": 0,
  "HashRate_Live": 59385737187.965,
  "HashRate_Average": 51795663309.19375,
  "BlockRate_Live": 327.0,
  "BlockRate_Average": 326.402953953479,
  "Actual24h_Week": 0.0,
  "Estimate24h_Week": 0.0,
  "ErrorRatio": 1.0
}
