{
  "Live": 0.00000000000000000278,
  "Minute": 0.00000000000000000278,
  "Minute_Fluctuation": 0.0,
  "Minute_5": 0.0000000000000000027799942868,
  "Minute_5_Fluctuation": 1.9571036252369216E-05,
  "Minute_10": 0.0000000000000000027795468871,
  "Minute_10_Fluctuation": 0.0006606038712617997,
  "Hour": 0.0000000000000000027696889287,
  "Hour_Fluctuation": 0.0025006626844652794,
  "Day": 0.000000000000000002769328134,
  "Day_Fluctuation": 0.002453479731390286,
  "ThreeDay": 0.000000000000000002769328134,
  "ThreeDay_Fluctuation": 0.002453479731390286,
  "Week": 0.000000000000000002769328134,
  "Week_Fluctuation": 0.002453479731390286,
  "Duration": "01:17:30.9429092",
  "Updated": "2021-01-27T12:34:08.5837965Z",
  "Failed": 0,
  "HashRate_Live": 0.0,
  "HashRate_Average": 386465858245073.9,
  "BlockRate_Live": 0.0,
  "BlockRate_Average": 0.0,
  "Actual24h_Week": 0.0,
  "Estimate24h_Week": 0.0,
  "ErrorRatio": 1.0
}
