{
  "Live": 0.0000000000000000903,
  "Minute": 0.0000000000000000903,
  "Minute_Fluctuation": 0.0,
  "Minute_5": 0.000000000000000084556517064,
  "Minute_5_Fluctuation": 0.07287262780983819,
  "Minute_10": 0.0000000000000000825409586065,
  "Minute_10_Fluctuation": 0.08168838488917655,
  "Hour": 0.0000000000000000922794696516,
  "Hour_Fluctuation": 0.08860893795289027,
  "Day": 0.0000000000000000926261782902,
  "Day_Fluctuation": 0.08802626969399975,
  "ThreeDay": 0.0000000000000000926261782902,
  "ThreeDay_Fluctuation": 0.08802626969399975,
  "Week": 0.0000000000000000926261782902,
  "Week_Fluctuation": 0.08802626969399975,
  "Duration": "01:17:30.9429092",
  "Updated": "2021-01-27T12:38:17.5686599Z",
  "Failed": 0,
  "HashRate_Live": 1462525.8427788,
  "HashRate_Average": 16769075759.730928,
  "BlockRate_Live": 39.0,
  "BlockRate_Average": 38.400151046778056,
  "Actual24h_Week": 0.0,
  "Estimate24h_Week": 0.0,
  "ErrorRatio": 1.0
}
