{
  "Live": 0.00000000000001654,
  "Minute": 0.00000000000001654,
  "Minute_Fluctuation": 0.0,
  "Minute_5": 0.0000000000000157300431257938,
  "Minute_5_Fluctuation": 0.051701563966079646,
  "Minute_10": 0.0000000000000150893762539734,
  "Minute_10_Fluctuation": 0.07793786639430308,
  "Hour": 0.0000000000000122650195392677,
  "Hour_Fluctuation": 0.2090229234806248,
  "Day": 0.000000000000008099366978042,
  "Day_Fluctuation": 0.04151742585252642,
  "ThreeDay": 0.0000000000000080899843955361,
  "ThreeDay_Fluctuation": 0.04042288764478735,
  "Week": 0.0000000000000080899843955361,
  "Week_Fluctuation": 0.04042288764478735,
  "Duration": "1.01:27:41.9766011",
  "Updated": "2021-01-27T12:38:16.6647849Z",
  "Failed": 0,
  "HashRate_Live": 57103092408.0,
  "HashRate_Average": 51583232519.03231,
  "BlockRate_Live": 327.0,
  "BlockRate_Average": 326.6754342018625,
  "Actual24h_Week": 0.000000460009528207867,
  "Estimate24h_Week": 0.000000938059281607201,
  "ErrorRatio": 0.857233538882983
}
