{
  "Live": 0.00000000000000096,
  "Minute": 0.00000000000000096,
  "Minute_Fluctuation": 0.0,
  "Minute_5": 0.0000000000000011487609482741,
  "Minute_5_Fluctuation": 0.13890450883375197,
  "Minute_10": 0.000000000000001241288402377,
  "Minute_10_Fluctuation": 0.11973875115733047,
  "Hour": 0.0000000000000012217061974654,
  "Hour_Fluctuation": 0.10068869108086281,
  "Day": 0.0000000000000012219024870458,
  "Day_Fluctuation": 0.09910001545469553,
  "ThreeDay": 0.0000000000000012219024870458,
  "ThreeDay_Fluctuation": 0.09910001545469552,
  "Week": 0.0000000000000012219024870458,
  "Week_Fluctuation": 0.09910001545469553,
  "Duration": "01:17:30.9429092",
  "Updated": "2021-01-27T12:38:17.3186427Z",
  "Failed": 0,
  "HashRate_Live": 0.0,
  "HashRate_Average": 0.0,
  "BlockRate_Live": 0.0,
  "BlockRate_Average": 0.0,
  "Actual24h_Week": 0.0,
  "Estimate24h_Week": 0.0,
  "ErrorRatio": 1.0
}
