{
  "Live": 0.00000000000000013227,
  "Minute": 0.00000000000000013227,
  "Minute_Fluctuation": 0.0,
  "Minute_5": 0.0000000000000001206408276106,
  "Minute_5_Fluctuation": 0.1399206742650923,
  "Minute_10": 0.0000000000000001095044455798,
  "Minute_10_Fluctuation": 0.29887587866090604,
  "Hour": 0.0000000000000001052410491318,
  "Hour_Fluctuation": 0.39296352158415243,
  "Day": 0.0000000000000000784743489209,
  "Day_Fluctuation": 0.04657668914883103,
  "ThreeDay": 0.000000000000000078411352288,
  "ThreeDay_Fluctuation": 0.045336587125912146,
  "Week": 0.000000000000000078411352288,
  "Week_Fluctuation": 0.04533658712591213,
  "Duration": "1.01:27:41.9766011",
  "Updated": "2021-01-27T12:38:16.4888509Z",
  "Failed": 0,
  "HashRate_Live": 101301671306.0,
  "HashRate_Average": 196319749466.80927,
  "BlockRate_Live": 75.0,
  "BlockRate_Average": 77.94732465548394,
  "Actual24h_Week": 0.00000429573171853802,
  "Estimate24h_Week": 0.00000733113016182225,
  "ErrorRatio": 0.884007967762107
}
