{
  "Live": 0.00000000001335,
  "Minute": 0.00000000001335,
  "Minute_Fluctuation": 0.0,
  "Minute_5": 0.0000000000137017982800054,
  "Minute_5_Fluctuation": 0.033836057491896845,
  "Minute_10": 0.0000000000140372921782856,
  "Minute_10_Fluctuation": 0.03974867771883514,
  "Hour": 0.0000000000149187524656476,
  "Hour_Fluctuation": 0.042472536688649073,
  "Day": 0.0000000000149567248024906,
  "Day_Fluctuation": 0.041245852917708895,
  "ThreeDay": 0.0000000000149567248024906,
  "ThreeDay_Fluctuation": 0.041245852917708895,
  "Week": 0.0000000000149567248024906,
  "Week_Fluctuation": 0.041245852917708895,
  "Duration": "01:17:30.9429092",
  "Updated": "2021-01-27T12:38:17.440862Z",
  "Failed": 0,
  "HashRate_Live": 387549.66775093,
  "HashRate_Average": 392191.20092348306,
  "BlockRate_Live": 173.0,
  "BlockRate_Average": 172.74202278226733,
  "Actual24h_Week": 0.0,
  "Estimate24h_Week": 0.0,
  "ErrorRatio": 1.0
}
