{
  "Live": 0.00000000000000000033939,
  "Minute": 0.00000000000000000033939,
  "Minute_Fluctuation": 0.0,
  "Minute_5": 0.0000000000000000003100052887,
  "Minute_5_Fluctuation": 0.06824647255065362,
  "Minute_10": 0.0000000000000000003080415593,
  "Minute_10_Fluctuation": 0.08129694290749141,
  "Hour": 0.0000000000000000003149941937,
  "Hour_Fluctuation": 0.1930781615616346,
  "Day": 0.0000000000000000003154578168,
  "Day_Fluctuation": 0.19702674589612085,
  "ThreeDay": 0.0000000000000000003154578168,
  "ThreeDay_Fluctuation": 0.19702674589612085,
  "Week": 0.0000000000000000003154578168,
  "Week_Fluctuation": 0.19702674589612085,
  "Duration": "01:17:30.9429092",
  "Updated": "2021-01-27T12:38:17.2908716Z",
  "Failed": 0,
  "HashRate_Live": 0.0,
  "HashRate_Average": 157047805615.71475,
  "BlockRate_Live": 203.0,
  "BlockRate_Average": 212.22641422557615,
  "Actual24h_Week": 0.0,
  "Estimate24h_Week": 0.0,
  "ErrorRatio": 1.0
}
