{
  "Live": 0.00000000000000406,
  "Minute": 0.00000000000000406,
  "Minute_Fluctuation": 0.0,
  "Minute_5": 0.00000000000000406,
  "Minute_5_Fluctuation": 0.0,
  "Minute_10": 0.00000000000000406,
  "Minute_10_Fluctuation": 0.0,
  "Hour": 0.00000000000000406,
  "Hour_Fluctuation": 0.0,
  "Day": 0.00000000000000406,
  "Day_Fluctuation": 0.0,
  "ThreeDay": 0.00000000000000406,
  "ThreeDay_Fluctuation": 0.0,
  "Week": 0.00000000000000406,
  "Week_Fluctuation": 0.0,
  "Duration": "01:17:30.9429092",
  "Updated": "2021-01-27T12:38:17.4518763Z",
  "Failed": 0,
  "HashRate_Live": 37486474.559488,
  "HashRate_Average": 33084760.93093821,
  "BlockRate_Live": 18.0,
  "BlockRate_Average": 17.36585212399026,
  "Actual24h_Week": 0.0,
  "Estimate24h_Week": 0.0,
  "ErrorRatio": 1.0
}
