{
  "Live": 0.00000000000000010116,
  "Minute": 0.00000000000000010116,
  "Minute_Fluctuation": 0.0,
  "Minute_5": 0.000000000000000097951818451,
  "Minute_5_Fluctuation": 0.05228007886230809,
  "Minute_10": 0.0000000000000000951796924098,
  "Minute_10_Fluctuation": 0.058121977305114134,
  "Hour": 0.0000000000000000999772666561,
  "Hour_Fluctuation": 0.07802056646812136,
  "Day": 0.0000000000000001001003365108,
  "Day_Fluctuation": 0.07909658628404069,
  "ThreeDay": 0.0000000000000001001003365108,
  "ThreeDay_Fluctuation": 0.07909658628404069,
  "Week": 0.0000000000000001001003365108,
  "Week_Fluctuation": 0.07909658628404069,
  "Duration": "01:17:30.9429092",
  "Updated": "2021-01-27T12:38:17.4447314Z",
  "Failed": 0,
  "HashRate_Live": 65970697.66656,
  "HashRate_Average": 2646349794.0160093,
  "BlockRate_Live": 69.0,
  "BlockRate_Average": 69.25850976652158,
  "Actual24h_Week": 0.0,
  "Estimate24h_Week": 0.0,
  "ErrorRatio": 1.0
}
