{
  "Live": 0.00000000000000000040852,
  "Minute": 0.00000000000000000040852,
  "Minute_Fluctuation": 0.0,
  "Minute_5": 0.0000000000000000003914793772,
  "Minute_5_Fluctuation": 0.045946720597620845,
  "Minute_10": 0.0000000000000000003872103013,
  "Minute_10_Fluctuation": 0.07799550582486038,
  "Hour": 0.0000000000000000004194555072,
  "Hour_Fluctuation": 0.24979358969992382,
  "Day": 0.0000000000000000004206585137,
  "Day_Fluctuation": 0.2557010051702183,
  "ThreeDay": 0.0000000000000000004206585137,
  "ThreeDay_Fluctuation": 0.2557010051702183,
  "Week": 0.0000000000000000004206585137,
  "Week_Fluctuation": 0.2557010051702183,
  "Duration": "01:17:30.9429092",
  "Updated": "2021-01-27T12:38:17.5728017Z",
  "Failed": 0,
  "HashRate_Live": 342871706005.67,
  "HashRate_Average": 975016414762.4651,
  "BlockRate_Live": 33.0,
  "BlockRate_Average": 32.892251036223996,
  "Actual24h_Week": 0.0,
  "Estimate24h_Week": 0.0,
  "ErrorRatio": 1.0
}
