{
  "Live": 0.00000000000000000085086,
  "Minute": 0.00000000000000000085086,
  "Minute_Fluctuation": 0.0,
  "Minute_5": 0.0000000000000000009819070439,
  "Minute_5_Fluctuation": 0.10731651288810418,
  "Minute_10": 0.0000000000000000010818345236,
  "Minute_10_Fluctuation": 0.15766754826155133,
  "Hour": 0.0000000000000000012072834872,
  "Hour_Fluctuation": 0.12388978923623535,
  "Day": 0.0000000000000000012145843954,
  "Day_Fluctuation": 0.12174478551203281,
  "ThreeDay": 0.0000000000000000012145843954,
  "ThreeDay_Fluctuation": 0.12174478551203281,
  "Week": 0.0000000000000000012145843954,
  "Week_Fluctuation": 0.12174478551203281,
  "Duration": "01:17:30.9429092",
  "Updated": "2021-01-27T12:38:17.6630751Z",
  "Failed": 0,
  "HashRate_Live": 155999178873.82,
  "HashRate_Average": 21141648939.77057,
  "BlockRate_Live": 11.0,
  "BlockRate_Average": 11.227656821845551,
  "Actual24h_Week": 0.0,
  "Estimate24h_Week": 0.0,
  "ErrorRatio": 1.0
}
