{
  "Live": 0.00000000000000902,
  "Minute": 0.00000000000000902,
  "Minute_Fluctuation": 0.0,
  "Minute_5": 0.0000000000000165215968460172,
  "Minute_5_Fluctuation": 0.43243088012544556,
  "Minute_10": 0.0000000000000157375985812513,
  "Minute_10_Fluctuation": 0.4146707101667553,
  "Hour": 0.0000000000000103319406948864,
  "Hour_Fluctuation": 0.44039407803994496,
  "Day": 0.0000000000000057289347533861,
  "Day_Fluctuation": 0.05504189792038741,
  "ThreeDay": 0.0000000000000057174028347279,
  "ThreeDay_Fluctuation": 0.05305197517191751,
  "Week": 0.0000000000000057174028347279,
  "Week_Fluctuation": 0.05305197517191751,
  "Duration": "1.01:27:41.9766011",
  "Updated": "2021-01-27T12:38:16.2111242Z",
  "Failed": 0,
  "HashRate_Live": 97359463990.0,
  "HashRate_Average": 100946638446.93854,
  "BlockRate_Live": 721.0,
  "BlockRate_Average": 704.3163431476033,
  "Actual24h_Week": 0.000000318311534162729,
  "Estimate24h_Week": 0.000000412327335364025,
  "ErrorRatio": 0.936123353931464
}
