{
  "Live": 0.00000000079174,
  "Minute": 0.00000000079174,
  "Minute_Fluctuation": 0.0,
  "Minute_5": 0.000000000783841999801223,
  "Minute_5_Fluctuation": 0.006745209946733342,
  "Minute_10": 0.00000000078535332653907,
  "Minute_10_Fluctuation": 0.01755038616123407,
  "Hour": 0.000000000821729860210068,
  "Hour_Fluctuation": 0.0550230446937672,
  "Day": 0.000000000823117235983628,
  "Day_Fluctuation": 0.05521743534236665,
  "ThreeDay": 0.000000000823117235983628,
  "ThreeDay_Fluctuation": 0.05521743534236665,
  "Week": 0.000000000823117235983628,
  "Week_Fluctuation": 0.05521743534236665,
  "Duration": "01:17:30.9429092",
  "Updated": "2021-01-27T12:38:17.8670208Z",
  "Failed": 0,
  "HashRate_Live": 8.0530636470147,
  "HashRate_Average": 319.5786714952315,
  "BlockRate_Live": 59.0,
  "BlockRate_Average": 59.86828286682391,
  "Actual24h_Week": 0.0,
  "Estimate24h_Week": 0.0,
  "ErrorRatio": 1.0
}
