{
  "Live": 0.00000000000009641,
  "Minute": 0.00000000000009641,
  "Minute_Fluctuation": 0.0,
  "Minute_5": 0.0000000000000960955883932953,
  "Minute_5_Fluctuation": 0.030092442406660355,
  "Minute_10": 0.0000000000000951372892512007,
  "Minute_10_Fluctuation": 0.06244385702381705,
  "Hour": 0.0000000000000889995787801191,
  "Hour_Fluctuation": 0.20377927515632296,
  "Day": 0.0000000000000587432155811267,
  "Day_Fluctuation": 0.043596426463607535,
  "ThreeDay": 0.0000000000000586732159004103,
  "ThreeDay_Fluctuation": 0.04248043618602356,
  "Week": 0.0000000000000586732159004103,
  "Week_Fluctuation": 0.04248043618602356,
  "Duration": "1.01:27:41.9766011",
  "Updated": "2021-01-27T12:38:16.6011205Z",
  "Failed": 0,
  "HashRate_Live": 166830264277.0,
  "HashRate_Average": 148364010018.3938,
  "BlockRate_Live": 483.0,
  "BlockRate_Average": 526.953406090133,
  "Actual24h_Week": 0.00000333522126538343,
  "Estimate24h_Week": 0.00000639926396466716,
  "ErrorRatio": 0.865863129690963
}
