{
  "Live": 0.00000000000000007095,
  "Minute": 0.00000000000000007095,
  "Minute_Fluctuation": 0.0,
  "Minute_5": 0.000000000000000078635599304,
  "Minute_5_Fluctuation": 0.05700918010956815,
  "Minute_10": 0.0000000000000000798992757932,
  "Minute_10_Fluctuation": 0.045467526970419544,
  "Hour": 0.000000000000000079701200745,
  "Hour_Fluctuation": 0.02929646550298577,
  "Day": 0.0000000000000000796763395484,
  "Day_Fluctuation": 0.028179444782792846,
  "ThreeDay": 0.0000000000000000796763395484,
  "ThreeDay_Fluctuation": 0.028179444782792846,
  "Week": 0.0000000000000000796763395484,
  "Week_Fluctuation": 0.028179444782792846,
  "Duration": "01:17:30.9429092",
  "Updated": "2021-01-27T12:38:17.5127738Z",
  "Failed": 0,
  "HashRate_Live": 18284724466.92,
  "HashRate_Average": 13020243964.759361,
  "BlockRate_Live": 75.0,
  "BlockRate_Average": 73.32037666627396,
  "Actual24h_Week": 0.0,
  "Estimate24h_Week": 0.0,
  "ErrorRatio": 1.0
}
