{
  "Live": 0.00000000000000152,
  "Minute": 0.00000000000000152,
  "Minute_Fluctuation": 0.0,
  "Minute_5": 0.0000000000000015348197450089,
  "Minute_5_Fluctuation": 0.028708964079227017,
  "Minute_10": 0.0000000000000015639082593076,
  "Minute_10_Fluctuation": 0.030612311550834912,
  "Hour": 0.0000000000000016200425172822,
  "Hour_Fluctuation": 0.0163438204796412,
  "Day": 0.0000000000000016224642206343,
  "Day_Fluctuation": 0.01528074308955667,
  "ThreeDay": 0.0000000000000016224642206343,
  "ThreeDay_Fluctuation": 0.01528074308955667,
  "Week": 0.0000000000000016224642206343,
  "Week_Fluctuation": 0.01528074308955667,
  "Duration": "01:17:30.9429092",
  "Updated": "2021-01-27T12:38:17.709758Z",
  "Failed": 0,
  "HashRate_Live": 454594800.49091,
  "HashRate_Average": 453507488.74042153,
  "BlockRate_Live": 554.0,
  "BlockRate_Average": 555.5216058703154,
  "Actual24h_Week": 0.0,
  "Estimate24h_Week": 0.0,
  "ErrorRatio": 1.0
}
