{
  "Live": 0.00000000087022,
  "Minute": 0.00000000087022,
  "Minute_Fluctuation": 0.0,
  "Minute_5": 0.000000000855480393299222,
  "Minute_5_Fluctuation": 0.015419316562691996,
  "Minute_10": 0.000000000862382134864038,
  "Minute_10_Fluctuation": 0.03958735902659205,
  "Hour": 0.000000000863463132471172,
  "Hour_Fluctuation": 0.07070290484824703,
  "Day": 0.000000000863886706723158,
  "Day_Fluctuation": 0.07252766805748737,
  "ThreeDay": 0.000000000863886706723158,
  "ThreeDay_Fluctuation": 0.07252766805748737,
  "Week": 0.000000000863886706723158,
  "Week_Fluctuation": 0.07252766805748737,
  "Duration": "01:17:30.9429092",
  "Updated": "2021-01-27T12:38:17.6218082Z",
  "Failed": 0,
  "HashRate_Live": 14.316557653333,
  "HashRate_Average": 408.04376944918846,
  "BlockRate_Live": 28.0,
  "BlockRate_Average": 27.188638973787384,
  "Actual24h_Week": 0.0,
  "Estimate24h_Week": 0.0,
  "ErrorRatio": 1.0
}
