{
  "Live": 0.00000000000001358,
  "Minute": 0.00000000000001358,
  "Minute_Fluctuation": 0.0,
  "Minute_5": 0.0000000000000117964250338332,
  "Minute_5_Fluctuation": 0.13463430907322527,
  "Minute_10": 0.0000000000000110527121337527,
  "Minute_10_Fluctuation": 0.14216257017260087,
  "Hour": 0.0000000000000116460487865732,
  "Hour_Fluctuation": 0.13772609330885996,
  "Day": 0.0000000000000141804321792211,
  "Day_Fluctuation": 0.014330930582394303,
  "ThreeDay": 0.0000000000000141867435770408,
  "ThreeDay_Fluctuation": 0.013884341442123383,
  "Week": 0.0000000000000141867435770408,
  "Week_Fluctuation": 0.013884341442123383,
  "Duration": "1.01:27:41.9766011",
  "Updated": "2021-01-27T12:38:16.7259218Z",
  "Failed": 0,
  "HashRate_Live": 7711241549.0,
  "HashRate_Average": 5514969543.984898,
  "BlockRate_Live": 272.0,
  "BlockRate_Average": 264.36768110596137,
  "Actual24h_Week": 0.000000852024786509865,
  "Estimate24h_Week": 0.000000914291024861762,
  "ErrorRatio": 0.980921178093084
}
