{
  "Live": 0.00000000000000016302,
  "Minute": 0.00000000000000016302,
  "Minute_Fluctuation": 0.0,
  "Minute_5": 0.0000000000000001677853489207,
  "Minute_5_Fluctuation": 0.024389961986983257,
  "Minute_10": 0.0000000000000001710792422364,
  "Minute_10_Fluctuation": 0.04026423537999561,
  "Hour": 0.0000000000000001849310069931,
  "Hour_Fluctuation": 0.04897348376798768,
  "Day": 0.0000000000000001855199691999,
  "Day_Fluctuation": 0.04738766759456363,
  "ThreeDay": 0.0000000000000001855199691999,
  "ThreeDay_Fluctuation": 0.04738766759456363,
  "Week": 0.0000000000000001855199691999,
  "Week_Fluctuation": 0.04738766759456363,
  "Duration": "01:17:30.9429092",
  "Updated": "2021-01-27T12:38:17.6786556Z",
  "Failed": 0,
  "HashRate_Live": 0.0,
  "HashRate_Average": 161375.0124479373,
  "BlockRate_Live": 11.0,
  "BlockRate_Average": 11.0,
  "Actual24h_Week": 0.0,
  "Estimate24h_Week": 0.0,
  "ErrorRatio": 1.0
}
