{
  "Live": 0.00000000000000194329,
  "Minute": 0.00000000000000194329,
  "Minute_Fluctuation": 0.0,
  "Minute_5": 0.0000000000000020343106425548,
  "Minute_5_Fluctuation": 0.03885696443875067,
  "Minute_10": 0.0000000000000020843313735155,
  "Minute_10_Fluctuation": 0.05162879773070224,
  "Hour": 0.0000000000000019820472118372,
  "Hour_Fluctuation": 0.09552693174030973,
  "Day": 0.0000000000000018463180102981,
  "Day_Fluctuation": 0.008595186062759018,
  "ThreeDay": 0.0000000000000018459432026557,
  "ThreeDay_Fluctuation": 0.008328394225766715,
  "Week": 0.0000000000000018459432026557,
  "Week_Fluctuation": 0.008328394225766715,
  "Duration": "1.01:27:41.9766011",
  "Updated": "2021-01-27T12:38:16.3658916Z",
  "Failed": 0,
  "HashRate_Live": 777149020537.0,
  "HashRate_Average": 1358323341593.1382,
  "BlockRate_Live": 3.0,
  "BlockRate_Average": 3.0,
  "Actual24h_Week": 0.000106609408342632,
  "Estimate24h_Week": 0.000144718577605193,
  "ErrorRatio": 0.926228506258462
}
