{
  "Live": 0.00000000000000119,
  "Minute": 0.00000000000000119,
  "Minute_Fluctuation": 0.0,
  "Minute_5": 0.0000000000000011019461505512,
  "Minute_5_Fluctuation": 0.06747676412005557,
  "Minute_10": 0.0000000000000010819873139084,
  "Minute_10_Fluctuation": 0.07325845104982386,
  "Hour": 0.0000000000000010929107479521,
  "Hour_Fluctuation": 0.1461932042202268,
  "Day": 0.0000000000000015114215346003,
  "Day_Fluctuation": 0.024351003834276158,
  "ThreeDay": 0.0000000000000015123516304856,
  "ThreeDay_Fluctuation": 0.023781168594974433,
  "Week": 0.0000000000000015123516304856,
  "Week_Fluctuation": 0.023781168594974443,
  "Duration": "1.01:27:41.9766011",
  "Updated": "2021-01-27T12:38:16.3175127Z",
  "Failed": 0,
  "HashRate_Live": 127887747933.0,
  "HashRate_Average": 134184351836.90047,
  "BlockRate_Live": 4.0,
  "BlockRate_Average": 4.0,
  "Actual24h_Week": 0.0000000916197132579805,
  "Estimate24h_Week": 0.0000000538299903700088,
  "ErrorRatio": 1.06090250695718
}
