{
  "Live": 0.00000000000000066782,
  "Minute": 0.00000000000000066782,
  "Minute_Fluctuation": 0.0,
  "Minute_5": 0.00000000000000066782,
  "Minute_5_Fluctuation": 0.0,
  "Minute_10": 0.00000000000000066782,
  "Minute_10_Fluctuation": 0.0,
  "Hour": 0.00000000000000066782,
  "Hour_Fluctuation": 0.0,
  "Day": 0.00000000000000066782,
  "Day_Fluctuation": 0.0,
  "ThreeDay": 0.00000000000000066782,
  "ThreeDay_Fluctuation": 0.0,
  "Week": 0.00000000000000066782,
  "Week_Fluctuation": 0.0,
  "Duration": "01:23:48.5435650",
  "Updated": "2021-01-27T12:38:16.3494639Z",
  "Failed": 0,
  "HashRate_Live": 1807551.0,
  "HashRate_Average": 17011170.48325134,
  "BlockRate_Live": 0.0,
  "BlockRate_Average": 0.0,
  "Actual24h_Week": 0.0,
  "Estimate24h_Week": 0.000661345751773533,
  "ErrorRatio": 0.983440347464336
}
