{
  "Live": 0.00000001329,
  "Minute": 0.00000001329,
  "Minute_Fluctuation": 0.0,
  "Minute_5": 0.0000000135708917512335,
  "Minute_5_Fluctuation": 0.03136138161286566,
  "Minute_10": 0.000000013900242574845,
  "Minute_10_Fluctuation": 0.041804778676444505,
  "Hour": 0.000000013729313812901,
  "Hour_Fluctuation": 0.10549743038253445,
  "Day": 0.0000000108408316693881,
  "Day_Fluctuation": 0.02267980876129541,
  "ThreeDay": 0.0000000108341609096627,
  "ThreeDay_Fluctuation": 0.022105020719937796,
  "Week": 0.0000000108341609096627,
  "Week_Fluctuation": 0.0221050207199378,
  "Duration": "1.01:27:41.9766011",
  "Updated": "2021-01-27T12:38:16.5543308Z",
  "Failed": 0,
  "HashRate_Live": 387550.0,
  "HashRate_Average": 384838.30660202884,
  "BlockRate_Live": 173.0,
  "BlockRate_Average": 174.02925639053183,
  "Actual24h_Week": 0.000000607126621676744,
  "Estimate24h_Week": 0.000000633097344625301,
  "ErrorRatio": 0.988507965314441
}
