{
  "Live": 0.00000000000000000468,
  "Minute": 0.00000000000000000468,
  "Minute_Fluctuation": 0.0,
  "Minute_5": 0.0000000000000000055123645344,
  "Minute_5_Fluctuation": 0.11730750879370337,
  "Minute_10": 0.000000000000000006039206298,
  "Minute_10_Fluctuation": 0.15030475673017063,
  "Hour": 0.0000000000000000060265996967,
  "Hour_Fluctuation": 0.1989470712782769,
  "Day": 0.0000000000000000060389546134,
  "Day_Fluctuation": 0.20322451250813897,
  "ThreeDay": 0.0000000000000000060389546134,
  "ThreeDay_Fluctuation": 0.20322451250813897,
  "Week": 0.0000000000000000060389546134,
  "Week_Fluctuation": 0.20322451250813897,
  "Duration": "01:17:30.9429092",
  "Updated": "2021-01-27T12:38:17.2227668Z",
  "Failed": 0,
  "HashRate_Live": 428662933.28227,
  "HashRate_Average": 1421484401.2507644,
  "BlockRate_Live": 0.0,
  "BlockRate_Average": 0.0,
  "Actual24h_Week": 0.0,
  "Estimate24h_Week": 0.0,
  "ErrorRatio": 1.0
}
