{
  "Live": 0.00000000100463,
  "Minute": 0.00000000100463,
  "Minute_Fluctuation": 0.0,
  "Minute_5": 0.000000000939957213444822,
  "Minute_5_Fluctuation": 0.0567741920245448,
  "Minute_10": 0.000000000945284390179256,
  "Minute_10_Fluctuation": 0.059157206913374505,
  "Hour": 0.00000000100691550450471,
  "Hour_Fluctuation": 0.043238626057823706,
  "Day": 0.00000000100978168037222,
  "Day_Fluctuation": 0.0418754720878542,
  "ThreeDay": 0.00000000100978168037222,
  "ThreeDay_Fluctuation": 0.0418754720878542,
  "Week": 0.00000000100978168037222,
  "Week_Fluctuation": 0.04187547208785421,
  "Duration": "01:17:30.9429092",
  "Updated": "2021-01-27T12:38:17.7310219Z",
  "Failed": 0,
  "HashRate_Live": 651.40337266958,
  "HashRate_Average": 1510.7104756431725,
  "BlockRate_Live": 544.0,
  "BlockRate_Average": 542.9818914614115,
  "Actual24h_Week": 0.0,
  "Estimate24h_Week": 0.0,
  "ErrorRatio": 1.0
}
