{
  "Live": 0.00000000000002359,
  "Minute": 0.00000000000002359,
  "Minute_Fluctuation": 0.0,
  "Minute_5": 0.0000000000000235958556404638,
  "Minute_5_Fluctuation": 0.0002726178897588113,
  "Minute_10": 0.0000000000000235773303749053,
  "Minute_10_Fluctuation": 0.0034134875995910766,
  "Hour": 0.0000000000000256500486210757,
  "Hour_Fluctuation": 0.12029313579220899,
  "Day": 0.0000000000000330391694144446,
  "Day_Fluctuation": 0.018052704835890773,
  "ThreeDay": 0.0000000000000330562693113981,
  "ThreeDay_Fluctuation": 0.01756662828058561,
  "Week": 0.0000000000000330562693113981,
  "Week_Fluctuation": 0.017566628280585615,
  "Duration": "1.01:27:41.9766011",
  "Updated": "2021-01-27T12:38:16.6945334Z",
  "Failed": 0,
  "HashRate_Live": 449040549.0,
  "HashRate_Average": 522726181.13587284,
  "BlockRate_Live": 17.0,
  "BlockRate_Average": 17.685302462235903,
  "Actual24h_Week": 0.00000197566435484479,
  "Estimate24h_Week": 0.00000133043079606752,
  "ErrorRatio": 1.06090250695718
}
