{
  "Live": 0.00000000000000009338,
  "Minute": 0.00000000000000009338,
  "Minute_Fluctuation": 0.0,
  "Minute_5": 0.0000000000000000903726116939,
  "Minute_5_Fluctuation": 0.03803691478937643,
  "Minute_10": 0.0000000000000000893187685297,
  "Minute_10_Fluctuation": 0.04013397014935267,
  "Hour": 0.0000000000000000926110669701,
  "Hour_Fluctuation": 0.028763877977315624,
  "Day": 0.0000000000000000927338941613,
  "Day_Fluctuation": 0.028285815791583787,
  "ThreeDay": 0.0000000000000000927338941613,
  "ThreeDay_Fluctuation": 0.028285815791583787,
  "Week": 0.0000000000000000927338941613,
  "Week_Fluctuation": 0.028285815791583787,
  "Duration": "01:17:30.9429092",
  "Updated": "2021-01-27T12:38:17.3218666Z",
  "Failed": 0,
  "HashRate_Live": 511267090.8143,
  "HashRate_Average": 493167051.47315377,
  "BlockRate_Live": 94.0,
  "BlockRate_Average": 92.62450576272064,
  "Actual24h_Week": 0.0,
  "Estimate24h_Week": 0.0,
  "ErrorRatio": 1.0
}
